2.39629e-07
4.30805e-08
4.69387e-08
1.82169e-08
1.97071e-08
9.99624e-09
 1.0748e-08
6.29113e-09
6.72909e-09
4.31335e-09
4.57869e-09
7.97497e-09
1.60248e-07
4.02146e-08
8.04774e-08
2.98769e-08
 5.0024e-08
2.23014e-08
3.46858e-08
1.72523e-08
2.57233e-08
1.38306e-08
1.98992e-08
 0.00096668
0.000333102
 0.00032666
0.000199895
0.000197134
0.000142794
 0.00014126
0.000111068
0.000110091
9.08771e-05
9.00803e-05
0.000999989
          1
1.04648e-06
3.47244e-07
3.38174e-07
 2.0506e-07
2.00775e-07
1.45294e-07
1.42754e-07
1.12474e-07
1.10781e-07
9.17522e-08
9.04087e-08
