2.39629e-07
4.30805e-08
4.69387e-08
1.82168e-08
1.97071e-08
9.99618e-09
1.07481e-08
6.29116e-09
6.72911e-09
4.31247e-09
4.59209e-09
3.13452e-09
3.32484e-09
2.37789e-09
2.51373e-09
1.86374e-09
 1.9643e-09
1.49883e-09
1.57549e-09
1.23076e-09
1.28933e-09
7.97499e-09
1.60248e-07
4.02146e-08
8.04774e-08
 2.9877e-08
 5.0024e-08
2.23013e-08
3.46858e-08
1.72523e-08
2.57238e-08
1.37775e-08
1.99719e-08
1.12893e-08
1.60318e-08
9.44434e-09
1.31999e-08
8.03572e-09
1.10879e-08
6.93372e-09
 9.4659e-09
6.06369e-09
8.17722e-09
 0.00096668
0.000333102
 0.00032666
0.000199895
0.000197134
0.000142794
 0.00014126
0.000111068
0.000110091
9.08759e-05
   9.02e-05
7.68961e-05
7.64004e-05
6.66437e-05
6.62646e-05
5.88033e-05
 5.8504e-05
5.26133e-05
 5.2371e-05
4.76023e-05
4.73835e-05
0.000999989
          1
1.04648e-06
3.47244e-07
3.38174e-07
2.05061e-07
2.00775e-07
1.45294e-07
1.42754e-07
1.12474e-07
1.10781e-07
9.17458e-08
9.05318e-08
7.74707e-08
7.65556e-08
6.70421e-08
6.63265e-08
5.90898e-08
5.85144e-08
5.28254e-08
5.23523e-08
4.77636e-08
4.73486e-08
