4.26687e-08
1.25967e-08
1.18193e-08
 6.4051e-09
6.10252e-09
3.99107e-09
3.83845e-09
 2.7611e-09
2.67263e-09
2.03817e-09
1.97827e-09
5.68003e-10
1.14889e-08
 5.7349e-09
8.05186e-09
5.10593e-09
 6.1549e-09
4.32497e-09
4.94005e-09
3.68254e-09
4.09493e-09
3.17665e-09
3.46824e-09
 0.00096668
0.000333102
 0.00032666
0.000199895
0.000197134
0.000142794
 0.00014126
0.000111068
0.000110091
9.08771e-05
9.00803e-05
 0.00099999
          1
9.72366e-07
3.35167e-07
3.28127e-07
2.00834e-07
 1.9783e-07
1.43328e-07
1.41664e-07
1.11408e-07
1.10352e-07
9.11116e-08
9.02602e-08
