4.76201e-09
1.60941e-09
1.56384e-09
 9.3969e-10
9.18522e-10
6.53742e-10
6.41322e-10
4.95732e-10
4.87464e-10
 3.9589e-10
3.89878e-10
3.27198e-10
 3.2267e-10
2.77264e-10
2.73654e-10
2.39238e-10
2.36412e-10
2.09516e-10
2.07177e-10
1.85584e-10
 1.8377e-10
1.66146e-10
 1.6456e-10
1.50003e-10
1.48534e-10
1.36313e-10
1.34945e-10
1.24516e-10
1.23368e-10
1.14384e-10
 1.1338e-10
1.05534e-10
1.04674e-10
9.77921e-11
 9.7012e-11
9.09478e-11
9.02557e-11
8.48589e-11
8.42349e-11
 7.9424e-11
7.88575e-11
7.45325e-11
7.40169e-11
7.01165e-11
6.96512e-11
6.61188e-11
6.56864e-11
6.24741e-11
6.20814e-11
 5.9149e-11
5.87853e-11
5.61009e-11
5.57655e-11
5.32997e-11
5.29891e-11
5.07178e-11
5.04296e-11
4.83321e-11
4.80639e-11
 4.6122e-11
4.58721e-11
4.40701e-11
4.38366e-11
4.21608e-11
4.19425e-11
4.03808e-11
4.01762e-11
3.87181e-11
 3.8526e-11
3.71621e-11
3.69816e-11
3.57036e-11
3.55337e-11
3.43342e-11
3.41741e-11
3.30466e-11
3.28954e-11
3.18341e-11
3.16912e-11
3.06907e-11
3.05556e-11
2.96111e-11
2.94831e-11
2.85905e-11
2.84691e-11
2.76244e-11
2.75092e-11
 2.6709e-11
2.65995e-11
2.58405e-11
2.57365e-11
2.50158e-11
2.49168e-11
2.42319e-11
2.41375e-11
 2.3486e-11
 2.3396e-11
2.27755e-11
2.26897e-11
2.20983e-11
2.20158e-11
9.19184e-12
1.83937e-10
1.22016e-10
1.73787e-10
1.35915e-10
1.64245e-10
1.36828e-10
1.55606e-10
1.34235e-10
1.47746e-10
1.30304e-10
1.40806e-10
1.26088e-10
1.34269e-10
1.21645e-10
1.28293e-10
1.17292e-10
1.22706e-10
1.13233e-10
1.17844e-10
1.09294e-10
1.13181e-10
1.05528e-10
1.08812e-10
1.01872e-10
1.04879e-10
9.84262e-11
1.01116e-10
9.52388e-11
9.76476e-11
9.22449e-11
9.43906e-11
8.93598e-11
9.13302e-11
8.66536e-11
 8.8421e-11
8.40787e-11
8.56954e-11
8.16263e-11
8.31122e-11
7.93064e-11
8.06743e-11
7.70948e-11
7.83579e-11
7.49872e-11
7.61675e-11
7.29859e-11
7.40781e-11
 7.1071e-11
7.20966e-11
6.92463e-11
7.02051e-11
6.75014e-11
6.84029e-11
6.58331e-11
6.66817e-11
6.42359e-11
6.50367e-11
6.27059e-11
6.34631e-11
6.12388e-11
6.19562e-11
 5.9831e-11
6.05119e-11
5.84792e-11
5.91265e-11
5.71801e-11
5.77964e-11
5.59308e-11
5.65185e-11
5.47286e-11
5.52898e-11
5.35709e-11
5.41075e-11
5.24554e-11
5.29691e-11
5.13798e-11
5.18722e-11
5.03422e-11
5.08147e-11
4.93406e-11
4.97945e-11
4.83731e-11
4.88097e-11
4.74383e-11
4.78586e-11
4.65345e-11
4.69394e-11
4.56601e-11
4.60506e-11
4.48139e-11
4.51908e-11
4.39945e-11
4.43586e-11
4.32008e-11
4.35528e-11
4.24315e-11
 4.2772e-11
4.16857e-11
4.20153e-11
4.09625e-11
4.12806e-11
 0.00096668
0.000333102
 0.00032666
0.000199895
0.000197134
0.000142794
 0.00014126
0.000111068
0.000110091
9.08759e-05
   9.02e-05
7.68961e-05
7.64004e-05
6.66437e-05
6.62646e-05
5.88033e-05
 5.8504e-05
5.26133e-05
 5.2371e-05
4.76022e-05
4.74021e-05
4.34625e-05
4.32944e-05
3.99851e-05
3.98419e-05
3.70228e-05
3.68994e-05
3.44691e-05
3.43616e-05
3.22448e-05
3.21504e-05
3.02902e-05
3.02065e-05
2.85589e-05
2.84842e-05
2.70147e-05
2.69478e-05
 2.5629e-05
2.55685e-05
2.43784e-05
2.43236e-05
2.32441e-05
2.31942e-05
2.22107e-05
 2.2165e-05
2.12652e-05
2.12232e-05
2.03969e-05
2.03582e-05
1.95966e-05
1.95609e-05
1.88568e-05
1.88236e-05
1.81708e-05
1.81399e-05
1.75329e-05
1.75041e-05
1.69382e-05
1.69114e-05
1.63826e-05
1.63574e-05
1.58622e-05
1.58386e-05
1.53739e-05
1.53517e-05
1.49147e-05
1.48938e-05
1.44821e-05
1.44624e-05
1.40739e-05
1.40552e-05
 1.3688e-05
1.36704e-05
1.33228e-05
 1.3306e-05
1.29765e-05
1.29606e-05
1.26477e-05
1.26326e-05
1.23352e-05
1.23208e-05
1.20377e-05
 1.2024e-05
1.17543e-05
1.17412e-05
1.14838e-05
1.14714e-05
1.12256e-05
1.12136e-05
1.09786e-05
1.09672e-05
1.07423e-05
1.07314e-05
 1.0516e-05
1.05055e-05
1.02989e-05
1.02889e-05
1.00907e-05
 1.0081e-05
9.89068e-06
9.88122e-06
 0.00099999
          1
9.66752e-07
3.33138e-07
3.26689e-07
1.99916e-07
1.97152e-07
1.42809e-07
1.41274e-07
1.11079e-07
1.10101e-07
9.08839e-08
9.02071e-08
 7.6903e-08
7.64062e-08
6.66493e-08
6.62698e-08
5.88078e-08
5.85085e-08
5.26172e-08
5.23749e-08
4.76056e-08
4.74054e-08
4.34654e-08
4.32972e-08
3.99877e-08
3.98443e-08
 3.7025e-08
3.69014e-08
 3.4471e-08
3.43635e-08
3.22466e-08
 3.2152e-08
3.02917e-08
 3.0208e-08
2.85603e-08
2.84856e-08
2.70161e-08
2.69489e-08
2.56301e-08
2.55696e-08
2.43795e-08
2.43245e-08
2.32451e-08
 2.3195e-08
2.22116e-08
2.21658e-08
 2.1266e-08
2.12239e-08
2.03976e-08
2.03588e-08
1.95973e-08
1.95615e-08
1.88574e-08
1.88242e-08
1.81713e-08
1.81405e-08
1.75334e-08
1.75046e-08
1.69387e-08
1.69118e-08
 1.6383e-08
1.63578e-08
1.58626e-08
 1.5839e-08
1.53742e-08
 1.5352e-08
 1.4915e-08
1.48941e-08
1.44824e-08
1.44626e-08
1.40742e-08
1.40555e-08
1.36883e-08
1.36706e-08
 1.3323e-08
1.33063e-08
1.29767e-08
1.29608e-08
1.26479e-08
1.26328e-08
1.23354e-08
 1.2321e-08
1.20379e-08
1.20242e-08
1.17544e-08
1.17413e-08
 1.1484e-08
1.14715e-08
1.12257e-08
1.12137e-08
1.09788e-08
1.09673e-08
1.07424e-08
1.07315e-08
1.05161e-08
1.05056e-08
 1.0299e-08
 1.0289e-08
1.00908e-08
1.00811e-08
9.89076e-09
9.88128e-09
