4.76188e-09
1.60939e-09
1.56389e-09
9.39587e-10
9.18511e-10
6.53728e-10
 6.4129e-10
4.95765e-10
 4.8746e-10
3.95862e-10
 3.8989e-10
3.27181e-10
3.22658e-10
2.77181e-10
2.73636e-10
2.39246e-10
2.36388e-10
2.09542e-10
2.07189e-10
1.85697e-10
1.83642e-10
9.05874e-12
1.83944e-10
 1.2181e-10
1.73701e-10
1.35938e-10
1.64139e-10
1.37032e-10
1.55479e-10
1.34413e-10
1.47652e-10
1.30476e-10
1.40556e-10
1.26136e-10
1.34094e-10
1.21704e-10
1.28185e-10
1.17367e-10
1.22759e-10
1.13191e-10
1.17758e-10
1.09222e-10
1.13098e-10
 0.00096668
0.000333102
 0.00032666
0.000199895
0.000197134
0.000142794
 0.00014126
0.000111068
0.000110091
9.08759e-05
   9.02e-05
7.68961e-05
7.64004e-05
6.66437e-05
6.62646e-05
5.88033e-05
 5.8504e-05
5.26133e-05
 5.2371e-05
4.76023e-05
4.73835e-05
 0.00099999
          1
9.66752e-07
3.33138e-07
3.26689e-07
1.99916e-07
1.97152e-07
1.42809e-07
1.41273e-07
1.11078e-07
1.10101e-07
9.08844e-08
9.02075e-08
7.69028e-08
7.64065e-08
6.66492e-08
6.62697e-08
5.88079e-08
5.85083e-08
5.26172e-08
5.23747e-08
4.76057e-08
4.73866e-08
