3.12609e-07
6.18624e-08
5.93705e-08
2.48509e-08
2.43222e-08
1.31404e-08
 1.3006e-08
8.03962e-09
8.01258e-09
5.38871e-09
5.39501e-09
3.84565e-09
3.86181e-09
2.87316e-09
2.89117e-09
2.22291e-09
2.24005e-09
 1.7677e-09
1.78325e-09
1.43731e-09
1.45115e-09
1.19037e-09
1.20247e-09
1.00116e-09
1.01171e-09
8.53132e-10
8.62321e-10
7.35236e-10
7.43275e-10
6.39879e-10
6.46932e-10
5.61711e-10
5.67921e-10
4.96862e-10
5.02353e-10
4.42495e-10
4.47369e-10
3.96482e-10
4.00826e-10
3.57209e-10
3.61094e-10
 3.2343e-10
3.26918e-10
2.94173e-10
2.97315e-10
2.68672e-10
2.71511e-10
2.46314e-10
2.48888e-10
2.26607e-10
2.28947e-10
 2.0915e-10
2.11283e-10
1.93615e-10
1.95566e-10
1.79733e-10
1.81521e-10
1.67278e-10
1.68921e-10
1.56063e-10
1.57575e-10
1.45929e-10
1.47324e-10
1.36742e-10
1.38032e-10
1.28388e-10
1.29584e-10
1.20771e-10
1.21881e-10
1.13807e-10
1.14839e-10
1.07423e-10
1.08385e-10
1.01558e-10
1.02455e-10
 9.6156e-11
9.69945e-11
9.11707e-11
9.19556e-11
8.65605e-11
8.72961e-11
8.22887e-11
8.29791e-11
7.83233e-11
7.89721e-11
7.46357e-11
7.52461e-11
7.12007e-11
7.17758e-11
6.79958e-11
6.85383e-11
6.50011e-11
6.55133e-11
6.21987e-11
6.26829e-11
5.95724e-11
6.00306e-11
 5.7108e-11
 5.7542e-11
5.47929e-11
5.51799e-11
1.21953e-07
2.59225e-07
9.25072e-08
1.27338e-07
6.01512e-08
7.77779e-08
4.21423e-08
5.31625e-08
3.13005e-08
3.89548e-08
2.42652e-08
2.99343e-08
1.94268e-08
2.38142e-08
1.59476e-08
1.94526e-08
1.33553e-08
1.62249e-08
1.13674e-08
1.37636e-08
9.80719e-09
1.18399e-08
8.55819e-09
1.03055e-08
 7.5415e-09
9.06037e-09
 6.7019e-09
8.03494e-09
5.99987e-09
7.17961e-09
5.40638e-09
6.45813e-09
 4.8998e-09
5.84351e-09
4.46365e-09
5.31532e-09
4.08522e-09
4.85783e-09
 3.7546e-09
4.45875e-09
3.46392e-09
 4.1084e-09
3.20687e-09
3.79902e-09
2.97838e-09
3.52438e-09
 2.7743e-09
3.27937e-09
 2.5912e-09
3.05981e-09
2.42626e-09
2.86225e-09
2.27711e-09
 2.6838e-09
2.14177e-09
2.52202e-09
2.01854e-09
2.37488e-09
1.90601e-09
2.24063e-09
1.80294e-09
2.11778e-09
1.70829e-09
2.00507e-09
1.62115e-09
1.90138e-09
1.54074e-09
1.80577e-09
1.46635e-09
 1.7174e-09
1.39741e-09
1.63556e-09
1.33337e-09
1.55959e-09
1.27378e-09
1.48896e-09
1.21823e-09
1.42315e-09
1.16635e-09
1.36174e-09
1.11782e-09
1.30433e-09
1.07236e-09
1.25058e-09
1.02971e-09
1.20019e-09
9.89633e-10
1.15286e-09
9.51927e-10
1.10836e-09
9.16404e-10
1.06646e-09
8.82897e-10
1.02696e-09
8.51253e-10
9.89678e-10
8.21334e-10
9.54446e-10
7.93016e-10
9.21104e-10
7.67331e-10
8.88179e-10
0.000686964
0.000313029
0.000269578
0.000191239
0.000172397
0.000137967
0.000127421
0.000107987
0.000101241
8.87392e-05
8.40513e-05
7.53268e-05
7.18791e-05
6.54423e-05
6.27998e-05
5.78539e-05
5.57639e-05
5.18442e-05
5.01497e-05
4.69665e-05
4.55649e-05
4.29282e-05
4.17496e-05
3.95298e-05
3.85248e-05
3.66301e-05
3.57631e-05
 3.4127e-05
3.33713e-05
3.19441e-05
3.12796e-05
3.00237e-05
2.94348e-05
2.83212e-05
2.77957e-05
2.68014e-05
2.63296e-05
2.54364e-05
2.50104e-05
2.42037e-05
2.38172e-05
2.30849e-05
2.27327e-05
 2.2065e-05
2.17426e-05
2.11314e-05
2.08352e-05
2.02736e-05
2.00006e-05
1.94826e-05
1.92302e-05
1.87511e-05
1.85169e-05
1.80725e-05
1.78547e-05
1.74413e-05
1.72382e-05
1.68526e-05
1.66628e-05
1.63024e-05
1.61246e-05
 1.5787e-05
1.56201e-05
1.53031e-05
1.51462e-05
 1.4848e-05
1.47002e-05
1.44192e-05
1.42796e-05
1.40144e-05
1.38825e-05
1.36317e-05
1.35069e-05
1.32694e-05
 1.3151e-05
1.29258e-05
1.28134e-05
1.25996e-05
1.24927e-05
1.22893e-05
1.21876e-05
 1.1994e-05
1.18971e-05
1.17126e-05
1.16201e-05
 1.1444e-05
1.13557e-05
1.11875e-05
 1.1103e-05
1.09422e-05
1.08613e-05
1.07074e-05
  1.063e-05
1.04825e-05
1.04082e-05
1.02668e-05
1.01956e-05
1.00599e-05
 9.9914e-06
9.86107e-06
9.79408e-06
0.000999868
          1
8.02936e-07
3.32792e-07
2.85311e-07
1.97653e-07
1.76957e-07
1.40722e-07
1.29064e-07
1.09352e-07
 1.0185e-07
8.94732e-08
8.42315e-08
7.57391e-08
 7.1866e-08
6.56772e-08
6.26967e-08
5.79857e-08
5.56199e-08
5.19136e-08
4.99892e-08
4.69969e-08
4.54006e-08
4.29338e-08
4.15881e-08
3.95194e-08
3.83694e-08
3.66095e-08
3.56153e-08
3.40998e-08
3.32316e-08
3.19129e-08
3.11481e-08
2.99902e-08
2.93114e-08
2.82864e-08
2.76798e-08
2.67661e-08
2.62208e-08
2.54012e-08
2.49082e-08
2.41689e-08
2.37212e-08
2.30508e-08
2.26423e-08
2.20317e-08
2.16575e-08
 2.1099e-08
2.07549e-08
2.02422e-08
1.99247e-08
1.94523e-08
1.91585e-08
1.87217e-08
 1.8449e-08
1.80441e-08
1.77903e-08
1.74139e-08
1.71771e-08
1.68262e-08
1.66048e-08
 1.6277e-08
1.60694e-08
1.57624e-08
1.55675e-08
1.52794e-08
 1.5096e-08
1.48252e-08
1.46523e-08
1.43971e-08
1.42339e-08
1.39931e-08
1.38387e-08
1.36112e-08
 1.3465e-08
1.32496e-08
1.31108e-08
1.29066e-08
1.27749e-08
 1.2581e-08
1.24557e-08
1.22714e-08
1.21521e-08
1.19767e-08
1.18629e-08
1.16958e-08
1.15872e-08
1.14278e-08
 1.1324e-08
1.11718e-08
1.10725e-08
 1.0927e-08
 1.0832e-08
1.06926e-08
1.06016e-08
1.04682e-08
1.03809e-08
1.02529e-08
1.01691e-08
1.00464e-08
9.96583e-09
9.84795e-09
9.76945e-09
