3.09548e-07
6.15268e-08
5.89081e-08
2.47339e-08
2.41622e-08
1.30866e-08
1.29316e-08
8.01054e-09
7.96898e-09
 5.3899e-09
5.24017e-09
1.20537e-07
2.56269e-07
9.17336e-08
1.26022e-07
5.96957e-08
7.70282e-08
4.18445e-08
5.26762e-08
3.10951e-08
3.85686e-08
2.45707e-08
2.88695e-08
0.000686964
0.000313029
0.000269578
0.000191239
0.000172397
0.000137967
 0.00012742
0.000107988
0.000101233
8.88118e-05
8.33247e-05
0.000999869
          1
8.01602e-07
3.32667e-07
2.85167e-07
1.97622e-07
1.76928e-07
1.40712e-07
1.29059e-07
1.09352e-07
1.01838e-07
8.95903e-08
8.34796e-08
