3.09548e-07
6.15269e-08
5.89081e-08
2.47337e-08
2.41622e-08
1.30865e-08
1.29317e-08
8.01011e-09
7.97177e-09
5.37082e-09
5.37011e-09
  3.834e-09
 3.8456e-09
2.86505e-09
2.88003e-09
  2.217e-09
2.23206e-09
1.76336e-09
1.77724e-09
  1.435e-09
1.43478e-09
1.20537e-07
2.56269e-07
9.17336e-08
1.26022e-07
5.96958e-08
7.70282e-08
4.18442e-08
5.26769e-08
  3.109e-08
3.86143e-08
2.41082e-08
2.96819e-08
1.93057e-08
2.36192e-08
1.58509e-08
1.92978e-08
1.32763e-08
1.60989e-08
1.13022e-08
1.36545e-08
9.84212e-09
1.16103e-08
0.000686964
0.000313029
0.000269578
0.000191239
0.000172397
0.000137967
0.000127421
0.000107987
0.000101241
8.87392e-05
8.40513e-05
7.53268e-05
7.18791e-05
6.54423e-05
6.27998e-05
5.78539e-05
5.57639e-05
5.18442e-05
5.01494e-05
4.69724e-05
4.54453e-05
0.000999869
          1
8.01602e-07
3.32667e-07
2.85167e-07
1.97622e-07
1.76928e-07
1.40712e-07
 1.2906e-07
 1.0935e-07
1.01853e-07
 8.9473e-08
8.42361e-08
7.57402e-08
 7.1871e-08
 6.5679e-08
6.27014e-08
5.79876e-08
5.56242e-08
5.19154e-08
4.99925e-08
4.70087e-08
4.52872e-08
