1.52117e-07
4.04236e-08
3.39892e-08
1.73737e-08
1.52952e-08
9.62949e-09
8.71263e-09
6.10144e-09
5.62131e-09
4.20274e-09
3.92204e-09
3.06585e-09
2.88856e-09
2.33234e-09
2.21372e-09
1.83211e-09
1.74915e-09
1.47607e-09
 1.4159e-09
1.21428e-09
1.16195e-09
4.93082e-08
1.06995e-07
4.79913e-08
5.78707e-08
3.33054e-08
3.75856e-08
2.43064e-08
2.68417e-08
1.85988e-08
2.03379e-08
1.47576e-08
1.60516e-08
1.20412e-08
1.30541e-08
1.00427e-08
1.08635e-08
8.52512e-09
9.20708e-09
7.34261e-09
7.91901e-09
6.42385e-09
6.84262e-09
0.000686964
0.000313029
0.000269578
0.000191239
0.000172397
0.000137967
0.000127421
0.000107987
0.000101241
8.87392e-05
8.40513e-05
7.53268e-05
7.18791e-05
6.54423e-05
6.27998e-05
5.78539e-05
5.57639e-05
5.18442e-05
5.01494e-05
4.69724e-05
4.54453e-05
0.000999941
          1
7.34412e-07
3.24716e-07
2.77541e-07
1.95431e-07
1.75204e-07
1.39946e-07
 1.2869e-07
1.09068e-07
1.01892e-07
8.93855e-08
 8.4408e-08
7.57378e-08
7.20812e-08
6.57153e-08
6.29144e-08
5.80411e-08
5.58266e-08
5.19755e-08
  5.018e-08
4.70671e-08
4.54566e-08
