2.94189e-08
1.15614e-08
9.38952e-09
6.00106e-09
5.14509e-09
3.78535e-09
3.34664e-09
2.64039e-09
2.38133e-09
1.96293e-09
1.77044e-09
3.84105e-09
8.89877e-09
6.14334e-09
 6.7067e-09
5.20844e-09
5.31227e-09
4.35399e-09
4.35771e-09
3.68864e-09
3.66643e-09
3.17562e-09
 3.1145e-09
0.000686964
0.000313029
0.000269578
0.000191239
0.000172397
0.000137967
 0.00012742
0.000107988
0.000101233
8.88118e-05
8.33247e-05
0.000999986
          1
6.90822e-07
3.14749e-07
2.70751e-07
1.92044e-07
1.72993e-07
1.38431e-07
 1.2778e-07
1.08288e-07
1.01471e-07
8.90198e-08
8.34902e-08
