3.37047e-09
1.50565e-09
  1.283e-09
 8.9494e-10
 7.9808e-10
6.28924e-10
5.74635e-10
4.79878e-10
4.45312e-10
3.84912e-10
3.60923e-10
 3.1922e-10
3.01542e-10
2.71121e-10
2.57738e-10
2.34456e-10
2.23989e-10
2.05653e-10
1.97181e-10
1.82544e-10
1.75546e-10
1.63534e-10
1.57715e-10
1.47652e-10
1.42773e-10
1.34266e-10
1.30086e-10
1.22745e-10
1.19176e-10
1.12859e-10
1.09722e-10
1.04236e-10
1.01453e-10
 9.6645e-11
9.41783e-11
8.99257e-11
8.77363e-11
8.39577e-11
 8.1986e-11
7.86099e-11
7.68322e-11
7.37976e-11
7.21984e-11
6.94545e-11
6.79956e-11
6.55127e-11
6.41862e-11
6.19226e-11
6.07091e-11
 5.8643e-11
5.75298e-11
5.56358e-11
5.46118e-11
 5.2871e-11
5.19263e-11
5.03216e-11
 4.9448e-11
4.79649e-11
4.71551e-11
 4.5781e-11
4.50286e-11
4.37527e-11
4.30522e-11
4.18649e-11
4.12114e-11
4.01043e-11
3.94935e-11
3.84592e-11
3.78874e-11
3.69194e-11
3.63832e-11
3.54757e-11
 3.4972e-11
3.41199e-11
 3.3646e-11
3.28447e-11
3.23984e-11
3.16437e-11
3.12226e-11
3.05109e-11
3.01132e-11
2.94411e-11
 2.9065e-11
2.84295e-11
2.80734e-11
2.74719e-11
2.71343e-11
2.65642e-11
2.62439e-11
2.57031e-11
2.53988e-11
2.48852e-11
2.45959e-11
2.41075e-11
2.38322e-11
2.33675e-11
2.31052e-11
2.26626e-11
2.24126e-11
2.19906e-11
2.17482e-11
6.36675e-11
1.55149e-10
1.34111e-10
 1.5559e-10
1.41293e-10
 1.5096e-10
1.40048e-10
 1.4531e-10
1.36147e-10
1.39554e-10
1.31701e-10
1.33663e-10
1.26996e-10
 1.2824e-10
1.22286e-10
1.23033e-10
 1.1767e-10
1.18126e-10
1.13321e-10
1.13681e-10
1.09405e-10
1.09439e-10
1.05675e-10
1.05444e-10
1.01945e-10
1.01813e-10
9.85073e-11
9.83711e-11
 9.5204e-11
9.50821e-11
9.21443e-11
9.20263e-11
8.92767e-11
8.91042e-11
8.65548e-11
8.63528e-11
8.39607e-11
8.37619e-11
8.15203e-11
8.12971e-11
7.91923e-11
7.89634e-11
7.69808e-11
7.67547e-11
7.48774e-11
7.46444e-11
7.28748e-11
7.26443e-11
 7.0963e-11
7.07341e-11
6.91401e-11
6.89136e-11
6.73976e-11
6.71747e-11
6.57316e-11
6.55127e-11
6.41369e-11
6.39225e-11
6.26094e-11
6.23996e-11
6.11449e-11
6.09401e-11
5.97397e-11
5.95399e-11
5.83904e-11
5.81956e-11
5.70938e-11
5.69041e-11
5.58469e-11
5.56623e-11
5.46471e-11
5.44675e-11
5.34917e-11
5.33171e-11
5.23785e-11
5.22087e-11
5.13052e-11
5.11401e-11
5.02697e-11
5.01093e-11
4.92702e-11
4.91143e-11
4.83049e-11
4.81534e-11
 4.7372e-11
4.72248e-11
  4.647e-11
4.63271e-11
4.55976e-11
4.54586e-11
4.47531e-11
4.46182e-11
4.39355e-11
4.38043e-11
4.31435e-11
 4.3016e-11
4.23758e-11
4.22519e-11
4.16315e-11
4.15111e-11
4.09086e-11
4.07871e-11
0.000686964
0.000313029
0.000269578
0.000191239
0.000172397
0.000137967
0.000127421
0.000107987
0.000101241
8.87392e-05
8.40513e-05
7.53268e-05
7.18791e-05
6.54423e-05
6.27998e-05
5.78539e-05
5.57639e-05
5.18442e-05
5.01497e-05
4.69665e-05
4.55649e-05
4.29282e-05
4.17496e-05
3.95298e-05
3.85248e-05
3.66301e-05
3.57631e-05
 3.4127e-05
3.33713e-05
3.19441e-05
3.12796e-05
3.00237e-05
2.94348e-05
2.83212e-05
2.77957e-05
2.68014e-05
2.63296e-05
2.54364e-05
2.50104e-05
2.42037e-05
2.38172e-05
2.30849e-05
2.27327e-05
 2.2065e-05
2.17426e-05
2.11314e-05
2.08352e-05
2.02736e-05
2.00006e-05
1.94826e-05
1.92302e-05
1.87511e-05
1.85169e-05
1.80725e-05
1.78547e-05
1.74413e-05
1.72382e-05
1.68526e-05
1.66628e-05
1.63024e-05
1.61246e-05
 1.5787e-05
1.56201e-05
1.53031e-05
1.51462e-05
 1.4848e-05
1.47002e-05
1.44192e-05
1.42796e-05
1.40144e-05
1.38825e-05
1.36317e-05
1.35069e-05
1.32694e-05
 1.3151e-05
1.29258e-05
1.28134e-05
1.25996e-05
1.24927e-05
1.22893e-05
1.21876e-05
 1.1994e-05
1.18971e-05
1.17126e-05
1.16201e-05
 1.1444e-05
1.13557e-05
1.11875e-05
 1.1103e-05
1.09422e-05
1.08613e-05
1.07074e-05
  1.063e-05
1.04825e-05
1.04082e-05
1.02668e-05
1.01956e-05
1.00599e-05
 9.9914e-06
9.86107e-06
9.79408e-06
 0.00099999
          1
6.87018e-07
3.13061e-07
2.69602e-07
1.91258e-07
1.72413e-07
 1.3798e-07
1.27432e-07
1.07998e-07
 1.0125e-07
8.87474e-08
8.40584e-08
7.53331e-08
 7.1885e-08
6.54476e-08
6.28046e-08
5.78583e-08
5.57681e-08
5.18479e-08
5.01533e-08
4.69696e-08
 4.5568e-08
 4.2931e-08
4.17523e-08
3.95321e-08
3.85271e-08
3.66321e-08
 3.5765e-08
3.41287e-08
3.33729e-08
3.19458e-08
3.12812e-08
3.00253e-08
2.94363e-08
2.83226e-08
 2.7797e-08
2.68027e-08
2.63307e-08
2.54376e-08
2.50115e-08
2.42048e-08
2.38182e-08
2.30859e-08
2.27336e-08
2.20659e-08
2.17434e-08
2.11322e-08
 2.0836e-08
2.02743e-08
2.00012e-08
1.94833e-08
1.92308e-08
1.87517e-08
1.85175e-08
 1.8073e-08
1.78552e-08
1.74418e-08
1.72387e-08
1.68531e-08
1.66633e-08
1.63028e-08
 1.6125e-08
1.57874e-08
1.56205e-08
1.53035e-08
1.51465e-08
1.48483e-08
1.47005e-08
1.44195e-08
1.42799e-08
1.40147e-08
1.38828e-08
 1.3632e-08
1.35071e-08
1.32696e-08
1.31512e-08
 1.2926e-08
1.28136e-08
1.25998e-08
1.24929e-08
1.22895e-08
1.21878e-08
1.19942e-08
1.18972e-08
1.17128e-08
1.16202e-08
1.14442e-08
1.13558e-08
1.11876e-08
1.11031e-08
1.09423e-08
1.08615e-08
1.07076e-08
1.06301e-08
1.04826e-08
1.04083e-08
1.02669e-08
1.01957e-08
  1.006e-08
9.99148e-09
9.86114e-09
9.79415e-09
