2.56686e-08
 1.5759e-08
1.13486e-08
8.52719e-09
6.71652e-09
5.41587e-09
4.47873e-09
3.75923e-09
 3.2071e-09
2.76544e-09
2.41183e-09
2.12015e-09
1.87977e-09
 1.6773e-09
1.50616e-09
1.35973e-09
1.23362e-09
1.12422e-09
1.02883e-09
9.44771e-10
8.70888e-10
8.04965e-10
7.46566e-10
6.93927e-10
 6.4694e-10
6.04279e-10
5.65924e-10
5.30854e-10
4.99139e-10
4.69982e-10
4.43453e-10
 4.1896e-10
3.96545e-10
3.75764e-10
3.56663e-10
3.38891e-10
3.22479e-10
3.07151e-10
2.92958e-10
2.79652e-10
2.67287e-10
2.55665e-10
2.44831e-10
2.34621e-10
2.25075e-10
2.16057e-10
2.07604e-10
  1.996e-10
 1.9208e-10
1.84944e-10
1.78225e-10
1.71836e-10
1.65809e-10
1.60066e-10
1.54639e-10
1.49459e-10
1.44555e-10
1.39867e-10
1.35421e-10
1.31165e-10
1.27122e-10
1.23246e-10
1.19558e-10
1.16019e-10
1.12647e-10
1.09407e-10
1.06316e-10
1.03341e-10
  1.005e-10
9.77636e-11
 9.5147e-11
9.26236e-11
9.02083e-11
8.78766e-11
8.56425e-11
8.34836e-11
8.14131e-11
7.94104e-11
7.74879e-11
7.56268e-11
7.38386e-11
 7.2106e-11
7.04399e-11
6.88244e-11
6.72695e-11
6.57608e-11
6.43075e-11
6.28963e-11
 6.1536e-11
6.02142e-11
5.89391e-11
5.76992e-11
5.65025e-11
 5.5338e-11
5.42132e-11
5.31181e-11
5.20597e-11
5.10286e-11
5.00314e-11
4.90614e-11
4.80779e-11
3.43725e-08
 3.0706e-08
2.56838e-08
2.21959e-08
 1.9184e-08
1.69013e-08
1.49425e-08
1.33868e-08
1.20317e-08
1.09199e-08
9.93764e-09
9.11275e-09
8.37425e-09
7.74328e-09
7.17188e-09
6.67688e-09
6.22453e-09
5.82785e-09
5.46278e-09
5.13957e-09
4.83984e-09
4.57266e-09
 4.3231e-09
4.09938e-09
3.88911e-09
3.69963e-09
3.52063e-09
3.35854e-09
3.20474e-09
 3.0649e-09
2.93161e-09
2.81004e-09
2.69371e-09
2.58724e-09
2.48504e-09
2.39123e-09
2.30087e-09
2.21774e-09
2.13744e-09
2.06337e-09
1.99164e-09
1.92535e-09
1.86098e-09
1.80138e-09
1.74337e-09
1.68957e-09
 1.6371e-09
1.58835e-09
 1.5407e-09
1.49638e-09
1.45297e-09
1.41254e-09
1.37287e-09
1.33588e-09
1.29952e-09
1.26557e-09
1.23216e-09
1.20093e-09
1.17014e-09
1.14134e-09
 1.1129e-09
1.08628e-09
1.05995e-09
1.03529e-09
1.01086e-09
9.87965e-10
9.65257e-10
9.43957e-10
9.22806e-10
9.02955e-10
8.83219e-10
8.64685e-10
8.46237e-10
8.28904e-10
8.11632e-10
7.95396e-10
7.79199e-10
7.63968e-10
7.48756e-10
7.34446e-10
 7.2014e-10
7.06678e-10
6.93205e-10
6.80522e-10
6.67818e-10
6.55854e-10
6.43859e-10
6.32561e-10
6.21223e-10
 6.1054e-10
5.99809e-10
5.89698e-10
5.79532e-10
 5.6995e-10
5.60308e-10
5.51219e-10
5.42066e-10
5.33435e-10
5.24736e-10
5.16551e-10
5.07913e-10
5.00108e-10
0.000199909
0.000160018
0.000135961
 0.00011842
 0.00010524
 9.4752e-05
8.62749e-05
7.92034e-05
7.32507e-05
6.81329e-05
6.37081e-05
5.98222e-05
5.63976e-05
5.33421e-05
5.06099e-05
 4.8142e-05
  4.591e-05
4.38738e-05
4.20152e-05
4.03059e-05
3.87337e-05
 3.7278e-05
3.59304e-05
3.46755e-05
3.35074e-05
3.24142e-05
3.13919e-05
 3.0431e-05
2.95286e-05
2.86772e-05
2.78748e-05
2.71152e-05
 2.6397e-05
 2.5715e-05
2.50683e-05
2.44527e-05
2.38673e-05
2.33087e-05
2.27764e-05
2.22672e-05
 2.1781e-05
 2.1315e-05
2.08691e-05
2.04409e-05
2.00306e-05
1.96359e-05
1.92569e-05
1.88919e-05
1.85409e-05
1.82023e-05
1.78762e-05
1.75613e-05
1.72576e-05
 1.6964e-05
1.66804e-05
1.64059e-05
1.61406e-05
1.58835e-05
1.56347e-05
1.53933e-05
1.51595e-05
1.49325e-05
1.47124e-05
1.44985e-05
1.42909e-05
 1.4089e-05
1.38929e-05
 1.3702e-05
1.35164e-05
1.33357e-05
1.31599e-05
1.29885e-05
1.28216e-05
1.26589e-05
1.25003e-05
1.23456e-05
1.21947e-05
1.20474e-05
1.19037e-05
1.17633e-05
1.16263e-05
1.14923e-05
1.13615e-05
1.12335e-05
1.11085e-05
1.09861e-05
1.08665e-05
1.07494e-05
1.06348e-05
1.05226e-05
1.04128e-05
1.03052e-05
1.01999e-05
1.00966e-05
9.99548e-06
9.89627e-06
9.79911e-06
9.70374e-06
9.61029e-06
9.51873e-06
9.42466e-06
0.000999818
          1
2.03926e-07
1.62341e-07
1.37462e-07
1.19469e-07
1.05984e-07
9.53097e-08
 8.6691e-08
7.95261e-08
7.34993e-08
6.83298e-08
6.38625e-08
5.99458e-08
5.64955e-08
5.34206e-08
 5.0672e-08
4.81916e-08
4.59484e-08
4.39042e-08
 4.2038e-08
4.03232e-08
3.87458e-08
3.72862e-08
3.59351e-08
3.46774e-08
3.35068e-08
3.24118e-08
3.13876e-08
3.04254e-08
2.95217e-08
2.86694e-08
2.78661e-08
2.71058e-08
2.63869e-08
2.57046e-08
2.50574e-08
2.44415e-08
2.38558e-08
2.32971e-08
2.27645e-08
2.22553e-08
2.17689e-08
2.13029e-08
 2.0857e-08
2.04289e-08
2.00185e-08
1.96239e-08
1.92449e-08
  1.888e-08
1.85291e-08
1.81906e-08
1.78646e-08
1.75498e-08
1.72462e-08
1.69527e-08
1.66693e-08
1.63949e-08
1.61297e-08
1.58727e-08
 1.5624e-08
1.53828e-08
1.51491e-08
1.49222e-08
1.47022e-08
1.44885e-08
 1.4281e-08
1.40792e-08
1.38832e-08
1.36925e-08
 1.3507e-08
1.33264e-08
1.31507e-08
1.29794e-08
1.28127e-08
1.26501e-08
1.24916e-08
 1.2337e-08
1.21863e-08
1.20391e-08
1.18955e-08
1.17552e-08
1.16183e-08
1.14844e-08
1.13537e-08
1.12258e-08
1.11008e-08
1.09786e-08
 1.0859e-08
 1.0742e-08
1.06275e-08
1.05154e-08
1.04057e-08
1.02982e-08
 1.0193e-08
1.00898e-08
9.98872e-09
 9.8896e-09
9.79251e-09
9.69722e-09
9.60384e-09
9.51237e-09
9.41836e-09
