  5.5486e-07
 5.92355e-08
 9.32335e-08
 2.38225e-08
 3.54315e-08
 1.26212e-08
 1.79944e-08
 7.73761e-09
 1.06723e-08
 5.19663e-09
 6.97794e-09
-1.98095e-15
 4.43799e-07
 5.92281e-08
 2.04166e-07
 4.33227e-08
 1.19573e-07
 3.17572e-08
 7.93365e-08
 2.41868e-08
 5.68467e-08
 1.90626e-08
 4.29194e-08
  0.00099999
 0.000333323
 0.000333323
  0.00019999
  0.00019999
 0.000142847
 0.000142847
 0.000111101
 0.000111101
 9.08991e-05
 9.08991e-05
  0.00099999
           1
 1.22187e-06
 3.55526e-07
 3.59949e-07
 2.07812e-07
 2.06872e-07
  1.4653e-07
 1.44979e-07
 1.13128e-07
 1.11678e-07
 9.21304e-08
 9.08875e-08
