2.48848e-08
1.53597e-08
1.10881e-08
8.34861e-09
6.58663e-09
5.31723e-09
4.40206e-09
3.69824e-09
3.15788e-09
2.72466e-09
2.37793e-09
2.09159e-09
1.85559e-09
1.65622e-09
1.48825e-09
 1.3438e-09
1.21993e-09
1.11214e-09
1.01731e-09
9.38117e-10
8.49617e-10
3.28212e-08
2.94187e-08
2.46853e-08
2.13737e-08
 1.8504e-08
 1.6324e-08
1.44489e-08
1.29566e-08
1.16553e-08
1.05863e-08
 9.6407e-09
8.84593e-09
 8.1337e-09
 7.5247e-09
6.97277e-09
6.49454e-09
6.05658e-09
5.67412e-09
5.31669e-09
5.01798e-09
4.67032e-09
4.41095e-09
0.000199909
0.000160018
0.000135961
 0.00011842
 0.00010524
 9.4752e-05
8.62749e-05
7.92034e-05
7.32507e-05
6.81329e-05
6.37081e-05
5.98222e-05
5.63976e-05
5.33421e-05
5.06098e-05
4.81425e-05
4.59085e-05
4.38789e-05
4.19969e-05
4.03756e-05
3.84542e-05
0.000999826
          1
2.03798e-07
1.62275e-07
1.37434e-07
1.19448e-07
1.05979e-07
9.53035e-08
8.66914e-08
7.95259e-08
7.35017e-08
6.83316e-08
6.38655e-08
5.99485e-08
5.64985e-08
5.34236e-08
5.06749e-08
4.81949e-08
4.59502e-08
4.39117e-08
4.20235e-08
4.03932e-08
3.84685e-08
