1.95949e-08
1.25853e-08
9.24721e-09
7.07567e-09
5.64608e-09
4.60595e-09
3.84306e-09
3.25419e-09
2.79518e-09
2.42631e-09
2.12787e-09
1.88055e-09
1.67517e-09
1.50104e-09
1.35345e-09
1.22614e-09
1.11638e-09
1.02065e-09
9.36003e-10
 8.6526e-10
7.85714e-10
2.27615e-08
2.09793e-08
1.80356e-08
1.58467e-08
1.39129e-08
1.23948e-08
1.10786e-08
1.00068e-08
9.06888e-09
8.28419e-09
7.58904e-09
6.99596e-09
6.46421e-09
6.00367e-09
5.58642e-09
 5.2207e-09
4.88616e-09
4.59086e-09
4.31543e-09
4.08272e-09
3.81299e-09
3.60903e-09
0.000199909
0.000160018
0.000135961
 0.00011842
 0.00010524
 9.4752e-05
8.62749e-05
7.92034e-05
7.32507e-05
6.81329e-05
6.37081e-05
5.98222e-05
5.63976e-05
5.33421e-05
5.06098e-05
4.81425e-05
4.59085e-05
4.38789e-05
4.19969e-05
4.03756e-05
3.84542e-05
0.000999876
          1
2.02843e-07
1.61831e-07
1.37187e-07
1.19304e-07
1.05895e-07
 9.5255e-08
8.66649e-08
7.95149e-08
7.34999e-08
6.83365e-08
6.38748e-08
5.99606e-08
5.65126e-08
5.34388e-08
5.06909e-08
4.82112e-08
4.59667e-08
4.39282e-08
4.20396e-08
4.04097e-08
 3.8484e-08
