6.75198e-09
4.91447e-09
3.87214e-09
3.14994e-09
2.63322e-09
2.23969e-09
1.93488e-09
1.69071e-09
1.49265e-09
1.32857e-09
1.19154e-09
 1.0751e-09
9.75806e-10
8.89827e-10
8.15281e-10
 7.4982e-10
6.92235e-10
6.41265e-10
5.95304e-10
 5.5657e-10
5.12011e-10
3.71104e-09
3.85422e-09
3.68092e-09
3.47512e-09
 3.2536e-09
3.04718e-09
2.85223e-09
2.67562e-09
2.51309e-09
2.36599e-09
2.23108e-09
 2.1087e-09
1.99604e-09
1.89346e-09
1.79858e-09
1.71178e-09
1.63111e-09
 1.5571e-09
1.48738e-09
1.42587e-09
1.35565e-09
1.29839e-09
0.000199909
0.000160018
0.000135961
 0.00011842
 0.00010524
 9.4752e-05
8.62749e-05
7.92034e-05
7.32507e-05
6.81329e-05
6.37081e-05
5.98222e-05
5.63976e-05
5.33421e-05
5.06098e-05
4.81425e-05
4.59085e-05
4.38789e-05
4.19969e-05
4.03756e-05
3.84542e-05
0.000999971
          1
2.00567e-07
 1.6051e-07
1.36337e-07
 1.1872e-07
1.05483e-07
 9.4953e-08
8.64433e-08
7.93465e-08
7.33734e-08
6.82392e-08
6.38008e-08
5.99038e-08
5.64696e-08
5.34063e-08
 5.0667e-08
4.81939e-08
4.59548e-08
4.39207e-08
 4.2035e-08
4.04099e-08
3.84854e-08
