6.74126e-09
4.91695e-09
3.86812e-09
3.15249e-09
2.62961e-09
2.24314e-09
1.92999e-09
1.69727e-09
1.48182e-09
1.34744e-09
1.15414e-09
3.70354e-09
3.85227e-09
3.67992e-09
3.47317e-09
3.25413e-09
3.04488e-09
2.85364e-09
2.67316e-09
2.51424e-09
2.36692e-09
2.21923e-09
2.06958e-09
0.000199689
0.000160062
 0.00013587
0.000118475
0.000105152
9.48399e-05
 8.6138e-05
7.93951e-05
7.29193e-05
6.87295e-05
6.24942e-05
0.000999971
          1
2.00347e-07
1.60555e-07
1.36246e-07
1.18775e-07
1.05395e-07
9.50413e-08
8.63062e-08
7.95384e-08
7.30423e-08
6.88354e-08
 6.2584e-08
