5.74859e-09
4.59487e-09
3.79483e-09
  3.191e-09
2.73104e-09
2.36312e-09
 2.0699e-09
1.82663e-09
1.62655e-09
1.45688e-09
1.31335e-09
1.19028e-09
1.08336e-09
9.91328e-10
9.09164e-10
8.38928e-10
7.73549e-10
7.20219e-10
6.64472e-10
6.28708e-10
  5.694e-10
9.45171e-09
8.66063e-09
7.92232e-09
7.26594e-09
6.67889e-09
6.16565e-09
 5.7056e-09
5.30196e-09
4.93737e-09
4.61489e-09
 4.3216e-09
4.05975e-09
3.82017e-09
3.60461e-09
3.40574e-09
 3.2268e-09
3.05805e-09
2.91097e-09
2.75975e-09
2.65134e-09
2.48502e-09
2.37013e-09
9.99876e-05
9.00011e-05
8.19951e-05
7.54003e-05
6.98355e-05
6.50795e-05
6.09469e-05
5.73326e-05
 5.4127e-05
5.12792e-05
4.87122e-05
4.64081e-05
4.42998e-05
4.23997e-05
 4.0628e-05
3.90454e-05
3.75129e-05
3.62133e-05
3.47995e-05
3.38643e-05
3.22524e-05
0.000999895
          1
1.00487e-07
9.03736e-08
8.22987e-08
 7.5638e-08
7.00348e-08
6.52401e-08
6.10839e-08
5.74456e-08
5.42244e-08
 5.1361e-08
4.87831e-08
4.64685e-08
4.43526e-08
 4.2445e-08
4.06679e-08
3.90795e-08
3.75437e-08
3.62388e-08
3.48239e-08
3.38829e-08
3.22697e-08
