4.12132e-09
4.60312e-09
3.44717e-09
3.21349e-09
2.56902e-09
2.39062e-09
1.96788e-09
1.85851e-09
1.54791e-09
1.49577e-09
   1.24e-09
4.82295e-09
6.79523e-09
6.57833e-09
6.29522e-09
5.96561e-09
5.55807e-09
5.24103e-09
4.89287e-09
4.58853e-09
4.34444e-09
4.01128e-09
 3.7167e-09
9.63272e-05
9.03672e-05
8.07018e-05
7.57883e-05
6.89482e-05
6.55232e-05
6.01577e-05
 5.7885e-05
5.32782e-05
5.20432e-05
4.76151e-05
0.000999942
          1
9.76345e-08
9.12171e-08
8.13198e-08
7.62718e-08
6.93335e-08
6.58369e-08
6.04222e-08
5.81029e-08
5.34703e-08
5.22015e-08
4.77495e-08
