5.74679e-09
4.59128e-09
 3.7916e-09
3.18924e-09
2.72858e-09
2.36211e-09
2.06795e-09
1.82561e-09
1.62528e-09
1.45604e-09
1.31247e-09
1.18938e-09
1.08307e-09
 9.9017e-10
9.09362e-10
8.37525e-10
 7.7443e-10
7.17781e-10
6.67604e-10
6.22035e-10
 5.8149e-10
5.44318e-10
5.11013e-10
4.80328e-10
4.52638e-10
4.26987e-10
4.03717e-10
3.82074e-10
3.62312e-10
3.43883e-10
3.26961e-10
3.11142e-10
2.96538e-10
2.82852e-10
2.70169e-10
2.58246e-10
2.47158e-10
2.36715e-10
2.26961e-10
2.17759e-10
2.09141e-10
2.00986e-10
1.93334e-10
1.86077e-10
1.79248e-10
1.72763e-10
1.66644e-10
1.60823e-10
1.55321e-10
1.50078e-10
1.45111e-10
1.40371e-10
1.35873e-10
1.31574e-10
1.27487e-10
1.23576e-10
1.19852e-10
1.16284e-10
1.12881e-10
1.09617e-10
  1.065e-10
1.03506e-10
1.00643e-10
  9.789e-11
9.52545e-11
9.27179e-11
9.02863e-11
8.79438e-11
8.56959e-11
8.35281e-11
8.14458e-11
7.94359e-11
7.75032e-11
7.56363e-11
7.38393e-11
7.21021e-11
7.04284e-11
6.88092e-11
6.72478e-11
6.57361e-11
6.42773e-11
6.28638e-11
6.14987e-11
6.01752e-11
 5.8896e-11
5.76549e-11
5.64545e-11
5.52892e-11
5.41614e-11
5.30658e-11
5.20047e-11
5.09735e-11
 4.9974e-11
4.90021e-11
4.80596e-11
4.71426e-11
4.62528e-11
4.53867e-11
4.45451e-11
 4.3733e-11
4.28645e-11
9.44591e-09
8.65108e-09
7.91311e-09
7.25564e-09
6.67202e-09
6.15582e-09
5.69979e-09
5.29409e-09
 4.9322e-09
4.60824e-09
4.31675e-09
4.05459e-09
3.81564e-09
3.59998e-09
3.40225e-09
3.22196e-09
3.05628e-09
2.90416e-09
2.76346e-09
2.63394e-09
2.51329e-09
2.40194e-09
2.29766e-09
2.20107e-09
2.11027e-09
2.02589e-09
1.94624e-09
1.87205e-09
1.80175e-09
 1.7361e-09
1.67372e-09
1.61531e-09
1.55966e-09
1.50743e-09
1.45755e-09
1.41064e-09
1.36572e-09
1.32341e-09
1.28281e-09
1.24448e-09
1.20765e-09
1.17282e-09
1.13928e-09
1.10752e-09
1.07689e-09
1.04784e-09
1.01977e-09
9.93116e-10
9.67333e-10
9.42813e-10
9.19062e-10
8.96448e-10
8.74516e-10
8.53609e-10
8.33308e-10
8.13937e-10
7.95106e-10
7.77118e-10
7.59613e-10
7.42877e-10
7.26574e-10
7.10973e-10
 6.9576e-10
 6.8119e-10
6.66971e-10
6.53341e-10
6.40027e-10
6.27256e-10
 6.1477e-10
6.02785e-10
5.91058e-10
5.79794e-10
5.68764e-10
5.58162e-10
5.47774e-10
5.37782e-10
5.27985e-10
5.18557e-10
5.09306e-10
5.00397e-10
4.91651e-10
4.83224e-10
4.74946e-10
4.66966e-10
4.59121e-10
4.51556e-10
4.44115e-10
4.36936e-10
4.29871e-10
 4.2305e-10
4.16335e-10
 4.0985e-10
4.03461e-10
3.97289e-10
3.91205e-10
3.85325e-10
3.79527e-10
3.73922e-10
3.68386e-10
3.63083e-10
3.57326e-10
3.52224e-10
     0.0001
8.99999e-05
8.19995e-05
 7.5399e-05
6.98385e-05
 6.5078e-05
6.09495e-05
5.73307e-05
5.41298e-05
5.12766e-05
4.87159e-05
 4.6404e-05
4.43056e-05
4.23921e-05
4.06395e-05
3.90281e-05
3.75413e-05
 3.6165e-05
3.48872e-05
3.36975e-05
3.25871e-05
3.15482e-05
 3.0574e-05
2.96587e-05
 2.8797e-05
2.79844e-05
2.72166e-05
2.64901e-05
2.58016e-05
2.51482e-05
2.45272e-05
2.39364e-05
2.33734e-05
2.28365e-05
2.23237e-05
2.18336e-05
2.13646e-05
2.09155e-05
2.04848e-05
2.00717e-05
1.96749e-05
1.92935e-05
1.89267e-05
1.85736e-05
1.82335e-05
1.79057e-05
1.75894e-05
1.72842e-05
1.69894e-05
1.67045e-05
 1.6429e-05
1.61625e-05
1.59045e-05
1.56546e-05
1.54125e-05
1.51777e-05
  1.495e-05
1.47291e-05
1.45146e-05
1.43062e-05
1.41038e-05
 1.3907e-05
1.37157e-05
1.35295e-05
1.33483e-05
 1.3172e-05
1.30002e-05
1.28328e-05
1.26698e-05
1.25108e-05
1.23557e-05
1.22045e-05
1.20569e-05
1.19128e-05
1.17722e-05
1.16348e-05
1.15006e-05
1.13695e-05
1.12413e-05
1.11159e-05
1.09934e-05
1.08735e-05
1.07562e-05
1.06414e-05
 1.0529e-05
 1.0419e-05
1.03113e-05
1.02057e-05
1.01023e-05
 1.0001e-05
9.90171e-06
9.80435e-06
9.70888e-06
9.61526e-06
9.52342e-06
9.43332e-06
9.34491e-06
9.25815e-06
9.17291e-06
9.09001e-06
9.00032e-06
0.000999896
          1
1.00484e-07
9.03753e-08
8.22965e-08
7.56385e-08
7.00345e-08
6.52387e-08
6.10842e-08
5.74436e-08
 5.4226e-08
5.13582e-08
 4.8786e-08
4.64642e-08
4.43578e-08
4.24372e-08
4.06789e-08
3.90621e-08
3.75715e-08
3.61909e-08
3.49103e-08
3.37174e-08
3.26047e-08
3.15636e-08
3.05875e-08
2.96706e-08
2.88073e-08
2.79934e-08
2.72244e-08
2.64969e-08
2.58074e-08
2.51533e-08
2.45314e-08
  2.394e-08
2.33763e-08
2.28389e-08
2.23256e-08
2.18351e-08
2.13657e-08
2.09162e-08
2.04852e-08
2.00718e-08
1.96747e-08
1.92932e-08
1.89261e-08
1.85728e-08
1.82325e-08
1.79045e-08
1.75881e-08
1.72828e-08
1.69878e-08
1.67028e-08
1.64272e-08
1.61606e-08
1.59025e-08
1.56526e-08
1.54104e-08
1.51756e-08
1.49478e-08
1.47269e-08
1.45123e-08
1.43039e-08
1.41015e-08
1.39047e-08
1.37133e-08
1.35271e-08
1.33459e-08
1.31695e-08
1.29977e-08
1.28304e-08
1.26673e-08
1.25083e-08
1.23532e-08
 1.2202e-08
1.20544e-08
1.19103e-08
1.17697e-08
1.16323e-08
1.14981e-08
 1.1367e-08
1.12388e-08
1.11135e-08
1.09909e-08
1.08711e-08
1.07538e-08
 1.0639e-08
1.05266e-08
1.04166e-08
1.03089e-08
1.02034e-08
   1.01e-08
9.99867e-09
9.89936e-09
9.80202e-09
9.70656e-09
9.61296e-09
9.52113e-09
9.43105e-09
9.34265e-09
9.25591e-09
9.17067e-09
9.08779e-09
8.99811e-09
