5.64763e-09
 4.5445e-09
3.74554e-09
3.15975e-09
2.70136e-09
2.34223e-09
 2.0501e-09
1.81151e-09
 1.6123e-09
1.44547e-09
1.30287e-09
1.18111e-09
1.07583e-09
9.83817e-10
9.03469e-10
8.32568e-10
7.69652e-10
7.13863e-10
6.63616e-10
6.18799e-10
5.78265e-10
 5.4157e-10
5.08313e-10
4.78053e-10
4.50288e-10
4.25098e-10
4.01707e-10
3.80431e-10
3.60597e-10
3.42447e-10
3.25488e-10
3.09887e-10
2.95248e-10
2.81739e-10
 2.6906e-10
2.57252e-10
2.46174e-10
2.35837e-10
2.26089e-10
2.16972e-10
2.08363e-10
2.00284e-10
1.92636e-10
1.85445e-10
1.78622e-10
 1.7219e-10
 1.6608e-10
1.60305e-10
 1.5481e-10
1.49606e-10
1.44647e-10
1.39941e-10
 1.3545e-10
1.31181e-10
1.27101e-10
1.23216e-10
1.19498e-10
1.15953e-10
1.12556e-10
1.09312e-10
  1.062e-10
1.03224e-10
1.00366e-10
 9.7629e-11
9.49984e-11
9.24759e-11
9.00489e-11
8.77192e-11
8.54754e-11
8.33191e-11
8.12406e-11
 7.9241e-11
7.73119e-11
7.54543e-11
7.36607e-11
7.19319e-11
7.02614e-11
6.86499e-11
6.70914e-11
6.55867e-11
6.41306e-11
6.27235e-11
6.13609e-11
6.00432e-11
5.87664e-11
5.75307e-11
5.63325e-11
5.51721e-11
5.40463e-11
5.29553e-11
5.18961e-11
 5.0869e-11
4.98714e-11
4.89033e-11
4.79625e-11
4.70491e-11
4.61609e-11
4.52981e-11
 4.4458e-11
4.36489e-11
4.27821e-11
9.16965e-09
8.45173e-09
7.74867e-09
7.11106e-09
6.54676e-09
6.04324e-09
5.60034e-09
5.20315e-09
4.85155e-09
 4.5331e-09
4.24997e-09
  3.991e-09
3.75884e-09
3.54559e-09
3.35291e-09
3.17543e-09
3.01302e-09
2.86341e-09
2.72549e-09
2.59793e-09
2.47962e-09
2.36985e-09
2.26765e-09
2.17228e-09
2.08328e-09
1.99999e-09
1.92179e-09
1.84861e-09
 1.7795e-09
1.71479e-09
1.65341e-09
 1.5958e-09
1.54106e-09
 1.4895e-09
1.44044e-09
1.39411e-09
1.34993e-09
1.30812e-09
1.26818e-09
 1.2303e-09
1.19407e-09
1.15963e-09
1.12664e-09
1.09522e-09
1.06508e-09
1.03633e-09
1.00872e-09
9.82338e-10
9.56968e-10
9.32692e-10
9.09321e-10
8.86926e-10
8.65342e-10
8.44634e-10
8.24654e-10
8.05462e-10
7.86928e-10
7.69103e-10
7.51873e-10
7.35286e-10
7.19237e-10
7.03772e-10
6.88795e-10
 6.7435e-10
 6.6035e-10
6.46835e-10
6.33726e-10
 6.2106e-10
6.08765e-10
5.96877e-10
5.85329e-10
5.74154e-10
5.63292e-10
5.52774e-10
5.42542e-10
5.32628e-10
5.22978e-10
5.13621e-10
5.04509e-10
4.95667e-10
4.87051e-10
4.78687e-10
4.70532e-10
 4.6261e-10
4.54882e-10
 4.4737e-10
 4.4004e-10
4.32911e-10
4.25949e-10
4.19177e-10
 4.1256e-10
4.06119e-10
3.99824e-10
3.93693e-10
3.87698e-10
3.81858e-10
3.76144e-10
3.70575e-10
 3.6512e-10
3.59851e-10
3.54174e-10
3.49107e-10
     0.0001
8.99999e-05
8.19995e-05
 7.5399e-05
6.98385e-05
 6.5078e-05
6.09495e-05
5.73307e-05
5.41298e-05
5.12766e-05
4.87159e-05
 4.6404e-05
4.43056e-05
4.23921e-05
4.06395e-05
3.90281e-05
3.75413e-05
 3.6165e-05
3.48872e-05
3.36975e-05
3.25871e-05
3.15482e-05
 3.0574e-05
2.96587e-05
 2.8797e-05
2.79844e-05
2.72166e-05
2.64901e-05
2.58016e-05
2.51482e-05
2.45272e-05
2.39364e-05
2.33734e-05
2.28365e-05
2.23237e-05
2.18336e-05
2.13646e-05
2.09155e-05
2.04848e-05
2.00717e-05
1.96749e-05
1.92935e-05
1.89267e-05
1.85736e-05
1.82335e-05
1.79057e-05
1.75894e-05
1.72842e-05
1.69894e-05
1.67045e-05
 1.6429e-05
1.61625e-05
1.59045e-05
1.56546e-05
1.54125e-05
1.51777e-05
  1.495e-05
1.47291e-05
1.45146e-05
1.43062e-05
1.41038e-05
 1.3907e-05
1.37157e-05
1.35295e-05
1.33483e-05
 1.3172e-05
1.30002e-05
1.28328e-05
1.26698e-05
1.25108e-05
1.23557e-05
1.22045e-05
1.20569e-05
1.19128e-05
1.17722e-05
1.16348e-05
1.15006e-05
1.13695e-05
1.12413e-05
1.11159e-05
1.09934e-05
1.08735e-05
1.07562e-05
1.06414e-05
 1.0529e-05
 1.0419e-05
1.03113e-05
1.02057e-05
1.01023e-05
 1.0001e-05
9.90171e-06
9.80435e-06
9.70888e-06
9.61526e-06
9.52342e-06
9.43332e-06
9.34491e-06
9.25815e-06
9.17291e-06
9.09001e-06
9.00032e-06
0.000999898
          1
1.00502e-07
9.03795e-08
8.23031e-08
7.56409e-08
7.00379e-08
6.52407e-08
6.10879e-08
5.74444e-08
5.42293e-08
5.13588e-08
4.87886e-08
4.64647e-08
4.43598e-08
4.24379e-08
4.06804e-08
3.90631e-08
3.75725e-08
3.61919e-08
3.49112e-08
3.37183e-08
3.26057e-08
3.15642e-08
3.05885e-08
2.96711e-08
2.88083e-08
2.79938e-08
2.72253e-08
2.64973e-08
2.58083e-08
2.51536e-08
2.45322e-08
2.39403e-08
2.33771e-08
2.28392e-08
2.23263e-08
2.18355e-08
2.13663e-08
2.09165e-08
2.04858e-08
2.00721e-08
1.96752e-08
1.92934e-08
1.89266e-08
1.85731e-08
 1.8233e-08
1.79048e-08
1.75885e-08
 1.7283e-08
1.69882e-08
1.67031e-08
1.64276e-08
1.61609e-08
1.59029e-08
1.56528e-08
1.54107e-08
1.51758e-08
1.49482e-08
1.47271e-08
1.45126e-08
1.43041e-08
1.41017e-08
1.39049e-08
1.37135e-08
1.35273e-08
1.33462e-08
1.31697e-08
 1.2998e-08
1.28306e-08
1.26675e-08
1.25085e-08
1.23535e-08
1.22021e-08
1.20546e-08
1.19105e-08
1.17699e-08
1.16325e-08
1.14983e-08
1.13671e-08
 1.1239e-08
1.11136e-08
1.09911e-08
1.08712e-08
1.07539e-08
1.06391e-08
1.05268e-08
1.04168e-08
1.03091e-08
1.02035e-08
1.01001e-08
9.99878e-09
9.89951e-09
9.80213e-09
9.70671e-09
9.61306e-09
9.52127e-09
9.43116e-09
9.34279e-09
9.25601e-09
9.17081e-09
9.08789e-09
8.99824e-09
