4.00904e-09
4.16853e-09
3.17405e-09
2.93218e-09
 2.3674e-09
2.19712e-09
 1.8215e-09
1.71868e-09
1.43946e-09
1.39054e-09
1.15816e-09
4.82223e-09
6.08912e-09
5.79857e-09
5.51747e-09
5.20975e-09
4.85402e-09
4.57726e-09
4.27563e-09
4.01681e-09
3.80324e-09
3.52206e-09
3.26721e-09
9.63273e-05
9.03672e-05
8.07018e-05
7.57883e-05
6.89482e-05
6.55232e-05
6.01577e-05
 5.7885e-05
5.32782e-05
5.20432e-05
4.76151e-05
0.000999942
          1
9.73201e-08
9.10146e-08
8.11791e-08
7.61646e-08
6.92505e-08
6.57707e-08
6.03677e-08
5.80584e-08
5.34323e-08
5.21698e-08
4.77236e-08
