5.05851e-09
4.11074e-09
3.40737e-09
2.89227e-09
2.48064e-09
 2.1626e-09
1.89619e-09
1.68407e-09
1.50049e-09
1.35098e-09
1.21881e-09
  1.109e-09
1.01048e-09
9.27425e-10
 8.5164e-10
7.87709e-10
7.27274e-10
6.78439e-10
6.26758e-10
5.93881e-10
5.38819e-10
 7.5992e-09
7.07723e-09
6.53183e-09
6.03056e-09
5.58158e-09
5.17379e-09
4.81523e-09
4.48702e-09
4.19907e-09
3.93282e-09
3.69854e-09
 3.4801e-09
3.28673e-09
3.10558e-09
2.94358e-09
2.79231e-09
2.65375e-09
2.52868e-09
2.40366e-09
2.31077e-09
2.17199e-09
2.07379e-09
9.99876e-05
9.00011e-05
8.19951e-05
7.54003e-05
6.98355e-05
6.50795e-05
6.09469e-05
5.73326e-05
 5.4127e-05
5.12792e-05
4.87122e-05
4.64081e-05
4.42998e-05
4.23997e-05
 4.0628e-05
3.90454e-05
3.75129e-05
3.62133e-05
3.47995e-05
3.38643e-05
3.22524e-05
0.000999914
          1
1.00424e-07
9.03449e-08
8.22678e-08
 7.5624e-08
7.00185e-08
6.52336e-08
6.10755e-08
 5.7443e-08
5.42205e-08
5.13606e-08
 4.8782e-08
4.64694e-08
 4.4353e-08
4.24466e-08
4.06693e-08
3.90817e-08
3.75455e-08
3.62414e-08
3.48259e-08
3.38857e-08
3.22721e-08
