5.06848e-09
4.10779e-09
3.40848e-09
2.89148e-09
2.48268e-09
2.16081e-09
1.89806e-09
1.68247e-09
1.50171e-09
1.34996e-09
1.21981e-09
1.10811e-09
1.01147e-09
  9.266e-10
8.52653e-10
7.86599e-10
7.28751e-10
6.76342e-10
6.30213e-10
5.87858e-10
5.50356e-10
5.15875e-10
4.84792e-10
 4.5631e-10
4.30404e-10
4.06502e-10
3.84672e-10
3.64437e-10
3.45901e-10
3.28586e-10
 3.1268e-10
2.97805e-10
2.84033e-10
2.71144e-10
2.59154e-10
2.47906e-10
2.37414e-10
 2.2753e-10
2.18291e-10
2.09572e-10
2.01387e-10
1.93654e-10
1.86375e-10
 1.7948e-10
1.72979e-10
1.66806e-10
1.60974e-10
1.55428e-10
1.50176e-10
1.45173e-10
1.40427e-10
  1.359e-10
1.31597e-10
1.27486e-10
1.23572e-10
1.19828e-10
1.16259e-10
1.12839e-10
1.09575e-10
1.06444e-10
 1.0345e-10
1.00576e-10
 9.7824e-11
9.51787e-11
9.26437e-11
9.02041e-11
8.78635e-11
8.56087e-11
8.34432e-11
8.13551e-11
7.93476e-11
7.74101e-11
7.55456e-11
7.37446e-11
  7.201e-11
 7.0333e-11
6.87163e-11
6.71522e-11
6.56431e-11
 6.4182e-11
6.27711e-11
6.14041e-11
6.00831e-11
5.88024e-11
5.75638e-11
5.63622e-11
5.51993e-11
5.40705e-11
5.29773e-11
5.19154e-11
5.08865e-11
4.98864e-11
4.89168e-11
4.79738e-11
 4.7059e-11
4.61689e-11
4.53048e-11
4.44638e-11
4.36462e-11
4.28571e-11
4.20131e-11
7.62676e-09
7.08726e-09
6.53578e-09
6.03712e-09
5.58203e-09
5.17856e-09
4.81506e-09
4.49024e-09
4.19786e-09
 3.9353e-09
3.69748e-09
3.48233e-09
3.28579e-09
3.10764e-09
2.94281e-09
 2.7935e-09
2.65412e-09
2.52776e-09
2.40817e-09
2.30048e-09
2.19727e-09
2.10411e-09
2.01472e-09
1.93344e-09
1.85535e-09
1.78404e-09
1.71535e-09
1.65234e-09
1.59161e-09
1.53562e-09
1.48161e-09
 1.4316e-09
1.38331e-09
1.33848e-09
1.29508e-09
1.25469e-09
1.21555e-09
1.17902e-09
1.14356e-09
 1.1104e-09
1.07817e-09
1.04797e-09
1.01857e-09
 9.9097e-10
9.64073e-10
9.38776e-10
9.14092e-10
8.90844e-10
8.68129e-10
8.46707e-10
8.25752e-10
8.05962e-10
7.86585e-10
7.68261e-10
7.50301e-10
7.33298e-10
7.16616e-10
7.00807e-10
 6.8528e-10
6.70551e-10
6.56073e-10
6.42326e-10
  6.288e-10
6.15947e-10
 6.0329e-10
5.91252e-10
5.79389e-10
5.68096e-10
 5.5696e-10
5.46351e-10
5.35881e-10
5.25901e-10
5.16043e-10
5.06641e-10
4.97348e-10
4.88479e-10
4.79707e-10
 4.7133e-10
4.63039e-10
4.55117e-10
4.47273e-10
4.39773e-10
4.32342e-10
4.25234e-10
4.18187e-10
4.11443e-10
4.04753e-10
3.98349e-10
3.91992e-10
3.85903e-10
3.79857e-10
3.74063e-10
3.68306e-10
3.62789e-10
3.57303e-10
3.52043e-10
3.46812e-10
3.41794e-10
3.36797e-10
3.32046e-10
3.26849e-10
3.22272e-10
     0.0001
8.99999e-05
8.19995e-05
 7.5399e-05
6.98385e-05
 6.5078e-05
6.09495e-05
5.73307e-05
5.41298e-05
5.12766e-05
4.87159e-05
 4.6404e-05
4.43056e-05
4.23921e-05
4.06395e-05
3.90281e-05
3.75413e-05
 3.6165e-05
3.48872e-05
3.36975e-05
3.25871e-05
3.15482e-05
 3.0574e-05
2.96587e-05
 2.8797e-05
2.79844e-05
2.72166e-05
2.64901e-05
2.58016e-05
2.51482e-05
2.45272e-05
2.39364e-05
2.33734e-05
2.28365e-05
2.23237e-05
2.18336e-05
2.13646e-05
2.09155e-05
2.04848e-05
2.00717e-05
1.96749e-05
1.92935e-05
1.89267e-05
1.85736e-05
1.82335e-05
1.79057e-05
1.75894e-05
1.72842e-05
1.69894e-05
1.67045e-05
 1.6429e-05
1.61625e-05
1.59045e-05
1.56546e-05
1.54125e-05
1.51777e-05
  1.495e-05
1.47291e-05
1.45146e-05
1.43062e-05
1.41038e-05
 1.3907e-05
1.37157e-05
1.35295e-05
1.33483e-05
 1.3172e-05
1.30002e-05
1.28328e-05
1.26698e-05
1.25108e-05
1.23557e-05
1.22045e-05
1.20569e-05
1.19128e-05
1.17722e-05
1.16348e-05
1.15006e-05
1.13695e-05
1.12413e-05
1.11159e-05
1.09934e-05
1.08735e-05
1.07562e-05
1.06414e-05
 1.0529e-05
 1.0419e-05
1.03113e-05
1.02057e-05
1.01023e-05
 1.0001e-05
9.90171e-06
9.80435e-06
9.70888e-06
9.61526e-06
9.52342e-06
9.43332e-06
9.34491e-06
9.25815e-06
9.17291e-06
9.09001e-06
9.00032e-06
0.000999914
          1
1.00418e-07
9.03383e-08
8.22649e-08
7.56213e-08
7.00176e-08
6.52302e-08
6.10757e-08
5.74401e-08
5.42219e-08
5.13572e-08
4.87844e-08
4.64646e-08
4.43582e-08
4.24382e-08
4.06805e-08
3.90636e-08
3.75736e-08
3.61927e-08
3.49128e-08
3.37195e-08
3.26073e-08
3.15658e-08
3.05901e-08
2.96728e-08
2.88099e-08
2.79957e-08
2.72268e-08
2.64992e-08
2.58098e-08
2.51555e-08
2.45337e-08
2.39422e-08
2.33786e-08
2.28411e-08
2.23278e-08
2.18372e-08
2.13678e-08
2.09182e-08
2.04872e-08
2.00737e-08
1.96766e-08
 1.9295e-08
1.89279e-08
1.85746e-08
1.82343e-08
1.79062e-08
1.75898e-08
1.72844e-08
1.69894e-08
1.67044e-08
1.64288e-08
1.61622e-08
 1.5904e-08
1.56541e-08
1.54118e-08
 1.5177e-08
1.49492e-08
1.47282e-08
1.45136e-08
1.43052e-08
1.41027e-08
1.39059e-08
1.37145e-08
1.35283e-08
1.33471e-08
1.31707e-08
1.29989e-08
1.28315e-08
1.26684e-08
1.25094e-08
1.23543e-08
 1.2203e-08
1.20554e-08
1.19114e-08
1.17707e-08
1.16333e-08
1.14991e-08
1.13679e-08
1.12397e-08
1.11144e-08
1.09918e-08
 1.0872e-08
1.07547e-08
1.06399e-08
1.05275e-08
1.04175e-08
1.03097e-08
1.02042e-08
1.01008e-08
9.99946e-09
9.90014e-09
9.80279e-09
9.70732e-09
9.61371e-09
9.52187e-09
9.43178e-09
9.34337e-09
9.25661e-09
9.17137e-09
9.08848e-09
8.99879e-09
