2.56651e-09
2.16749e-09
1.86392e-09
1.62558e-09
1.43307e-09
1.27517e-09
1.14322e-09
 1.0319e-09
9.36665e-10
8.54733e-10
7.83294e-10
7.21067e-10
6.65799e-10
 6.1742e-10
5.73487e-10
5.35349e-10
4.99281e-10
4.69539e-10
4.37863e-10
4.17495e-10
3.82993e-10
2.25401e-09
2.20249e-09
2.12284e-09
 2.0339e-09
1.94298e-09
1.85385e-09
1.76833e-09
1.68713e-09
1.61064e-09
1.53871e-09
1.47142e-09
1.40815e-09
1.34921e-09
1.29361e-09
1.24188e-09
1.19301e-09
1.14718e-09
1.10469e-09
1.06247e-09
1.02878e-09
9.81566e-10
9.44577e-10
9.99876e-05
9.00011e-05
8.19951e-05
7.54003e-05
6.98355e-05
6.50795e-05
6.09469e-05
5.73326e-05
 5.4127e-05
5.12792e-05
4.87121e-05
4.64081e-05
4.42998e-05
4.23997e-05
 4.0628e-05
3.90454e-05
3.75129e-05
3.62133e-05
3.47995e-05
3.38643e-05
3.22524e-05
0.000999967
          1
1.00164e-07
 9.0149e-08
8.21203e-08
7.55076e-08
6.99281e-08
6.51603e-08
6.10177e-08
5.73952e-08
5.41824e-08
5.13288e-08
4.87565e-08
4.64481e-08
4.43359e-08
4.24324e-08
4.06578e-08
3.90725e-08
 3.7538e-08
3.62359e-08
3.48208e-08
3.38833e-08
3.22699e-08
