 5.48723e-07
 5.90326e-08
 9.23558e-08
 2.37523e-08
 3.51389e-08
 1.25892e-08
 1.78612e-08
 7.72014e-09
 1.06005e-08
 5.18626e-09
 6.93502e-09
 3.70879e-09
 4.85142e-09
  2.7758e-09
 3.56431e-09
 2.15116e-09
 2.71842e-09
  1.7133e-09
 2.13524e-09
  1.3951e-09
 1.71756e-09
 1.15691e-09
 1.40894e-09
 9.74155e-10
 1.17493e-09
 8.31011e-10
 9.93585e-10
  7.1689e-10
 8.50384e-10
 6.24486e-10
 7.35469e-10
 5.48666e-10
 6.41938e-10
  4.8571e-10
 5.64855e-10
 4.32888e-10
 5.00626e-10
 3.88142e-10
  4.4657e-10
 3.49924e-10
 4.00677e-10
 3.17028e-10
 3.61395e-10
 2.88516e-10
 3.27528e-10
 2.63648e-10
 2.98134e-10
 2.41832e-10
 2.72468e-10
 2.22592e-10
  2.4993e-10
 2.05538e-10
 2.30037e-10
 1.90355e-10
 2.12395e-10
  1.7678e-10
  1.9668e-10
 1.64595e-10
 1.82623e-10
 1.53617e-10
 1.70002e-10
 1.43693e-10
 1.58629e-10
 1.34692e-10
 1.48345e-10
 1.26506e-10
 1.39019e-10
 1.19037e-10
 1.30534e-10
 1.12207e-10
 1.22794e-10
 1.05943e-10
 1.15715e-10
 1.00186e-10
 1.09224e-10
 9.48823e-11
 1.03258e-10
  8.9986e-11
 9.77633e-11
 8.54565e-11
 9.26909e-11
 8.12584e-11
 8.79991e-11
 7.73601e-11
 8.36513e-11
  7.3734e-11
 7.96147e-11
 7.03553e-11
 7.58605e-11
 6.72022e-11
 7.23633e-11
 6.42551e-11
 6.91001e-11
 6.14965e-11
 6.60509e-11
 5.89108e-11
 6.31972e-11
 5.64838e-11
  6.0523e-11
 5.42029e-11
 5.80135e-11
-9.61351e-13
 4.38102e-07
  5.8962e-08
 2.01713e-07
 4.31397e-08
 1.18205e-07
 3.16307e-08
 7.84642e-08
 2.40954e-08
 5.62419e-08
 1.89929e-08
 4.24752e-08
 1.53916e-08
 3.33178e-08
 1.27537e-08
 2.68982e-08
 1.07614e-08
 2.22127e-08
 9.21745e-09
 1.86814e-08
 7.99505e-09
 1.59498e-08
 7.00934e-09
 1.37907e-08
 6.20194e-09
 1.20526e-08
 5.53158e-09
 1.06316e-08
 4.96837e-09
 9.45389e-09
 4.49023e-09
 8.46636e-09
 4.08054e-09
 7.62965e-09
 3.72659e-09
 6.91415e-09
 3.41851e-09
 6.29724e-09
 3.14857e-09
 5.76139e-09
 2.91059e-09
 5.29282e-09
 2.69963e-09
 4.88057e-09
 2.51168e-09
 4.51586e-09
 2.34343e-09
 4.19155e-09
 2.19217e-09
 3.90183e-09
 2.05565e-09
 3.64187e-09
 1.93198e-09
 3.40769e-09
 1.81956e-09
 3.19594e-09
 1.71704e-09
 3.00381e-09
 1.62327e-09
 2.82893e-09
 1.53727e-09
 2.66925e-09
 1.45817e-09
 2.52305e-09
 1.38526e-09
 2.38884e-09
 1.31788e-09
 2.26531e-09
 1.25548e-09
 2.15136e-09
 1.19757e-09
   2.046e-09
 1.14373e-09
 1.94838e-09
 1.09356e-09
 1.85776e-09
 1.04675e-09
 1.77346e-09
 1.00299e-09
 1.69491e-09
 9.62021e-10
  1.6216e-09
 9.23599e-10
 1.55305e-09
 8.87518e-10
 1.48886e-09
 8.53586e-10
 1.42867e-09
 8.21633e-10
 1.37214e-09
 7.91505e-10
 1.31898e-09
 7.63064e-10
 1.26893e-09
 7.36183e-10
 1.22174e-09
 7.10749e-10
 1.17719e-09
 6.86657e-10
  1.1351e-09
 6.63812e-10
 1.09528e-09
  0.00099999
 0.000333323
 0.000333323
  0.00019999
  0.00019999
 0.000142847
 0.000142847
 0.000111101
 0.000111101
 9.08991e-05
 9.08991e-05
 7.69131e-05
 7.69131e-05
 6.66567e-05
 6.66567e-05
 5.88135e-05
 5.88135e-05
 5.26216e-05
 5.26216e-05
  4.7609e-05
  4.7609e-05
 4.34683e-05
 4.34683e-05
   3.999e-05
   3.999e-05
  3.7027e-05
  3.7027e-05
 3.44728e-05
 3.44728e-05
 3.22481e-05
 3.22481e-05
  3.0293e-05
  3.0293e-05
 2.85614e-05
 2.85614e-05
  2.7017e-05
  2.7017e-05
  2.5631e-05
  2.5631e-05
 2.43802e-05
 2.43802e-05
 2.32458e-05
 2.32458e-05
 2.22122e-05
 2.22122e-05
 2.12666e-05
 2.12666e-05
 2.03982e-05
 2.03982e-05
 1.95978e-05
 1.95978e-05
 1.88579e-05
 1.88579e-05
 1.81718e-05
 1.81718e-05
 1.75339e-05
 1.75339e-05
 1.69392e-05
 1.69392e-05
 1.63834e-05
 1.63834e-05
  1.5863e-05
  1.5863e-05
 1.53746e-05
 1.53746e-05
 1.49154e-05
 1.49154e-05
 1.44828e-05
 1.44828e-05
 1.40745e-05
 1.40745e-05
 1.36886e-05
 1.36886e-05
 1.33233e-05
 1.33233e-05
  1.2977e-05
  1.2977e-05
 1.26482e-05
 1.26482e-05
 1.23357e-05
 1.23357e-05
 1.20382e-05
 1.20382e-05
 1.17547e-05
 1.17547e-05
 1.14843e-05
 1.14843e-05
  1.1226e-05
  1.1226e-05
  1.0979e-05
  1.0979e-05
 1.07427e-05
 1.07427e-05
 1.05163e-05
 1.05163e-05
 1.02993e-05
 1.02993e-05
  1.0091e-05
  1.0091e-05
 9.89099e-06
 9.89099e-06
  0.00099999
           1
 1.21902e-06
 3.55422e-07
 3.59655e-07
 2.07777e-07
 2.06812e-07
 1.46515e-07
  1.4497e-07
  1.1312e-07
 1.11683e-07
 9.21255e-08
 9.08962e-08
 7.77108e-08
 7.66755e-08
 6.72017e-08
 6.63287e-08
 5.92005e-08
 5.84586e-08
 5.29047e-08
 5.22685e-08
 4.78212e-08
 4.72708e-08
 4.36304e-08
 4.31501e-08
  4.0116e-08
 3.96935e-08
 3.71262e-08
  3.6752e-08
 3.45517e-08
 3.42181e-08
 3.23116e-08
 3.20124e-08
 3.03445e-08
 3.00747e-08
 2.86034e-08
  2.8359e-08
 2.70515e-08
  2.6829e-08
 2.56594e-08
 2.54561e-08
 2.44037e-08
 2.42172e-08
 2.32653e-08
 2.30935e-08
 2.22284e-08
 2.20697e-08
   2.128e-08
 2.11331e-08
 2.04093e-08
 2.02728e-08
 1.96071e-08
 1.94799e-08
 1.88656e-08
 1.87468e-08
 1.81781e-08
  1.8067e-08
  1.7539e-08
 1.74348e-08
 1.69433e-08
 1.68454e-08
 1.63868e-08
 1.62946e-08
 1.58656e-08
 1.57787e-08
 1.53766e-08
 1.52945e-08
 1.49168e-08
 1.48392e-08
 1.44838e-08
 1.44102e-08
 1.40751e-08
 1.40053e-08
 1.36889e-08
 1.36226e-08
 1.33233e-08
 1.32602e-08
 1.29768e-08
 1.29167e-08
 1.26478e-08
 1.25905e-08
  1.2335e-08
 1.22803e-08
 1.20374e-08
 1.19851e-08
 1.17537e-08
 1.17037e-08
 1.14832e-08
 1.14353e-08
 1.12248e-08
 1.11789e-08
 1.09777e-08
 1.09337e-08
 1.07413e-08
 1.06991e-08
 1.05149e-08
 1.04743e-08
 1.02978e-08
 1.02588e-08
 1.00895e-08
 1.00519e-08
 9.88943e-09
 9.85327e-09
