 5.48723e-07
 5.90305e-08
 9.23547e-08
 2.37525e-08
 3.51381e-08
 1.25888e-08
 1.78609e-08
 7.71994e-09
 1.06004e-08
 5.18592e-09
  6.9348e-09
-1.47127e-17
 4.38102e-07
 5.89568e-08
 2.01712e-07
 4.31382e-08
 1.18204e-07
 3.16296e-08
 7.84635e-08
 2.40942e-08
 5.62411e-08
 1.89924e-08
 4.24746e-08
  0.00099999
 0.000333323
 0.000333323
  0.00019999
  0.00019999
 0.000142847
 0.000142847
 0.000111101
 0.000111101
 9.08991e-05
 9.08991e-05
  0.00099999
           1
 1.21902e-06
 3.55424e-07
 3.59655e-07
 2.07779e-07
 2.06812e-07
 1.46516e-07
 1.44969e-07
 1.13121e-07
 1.11682e-07
 9.21263e-08
 9.08955e-08
