5.48723e-07
5.90306e-08
9.23547e-08
2.37524e-08
3.51381e-08
1.25888e-08
1.78609e-08
7.71992e-09
1.06004e-08
5.18591e-09
 6.9348e-09
3.70847e-09
4.85131e-09
2.77572e-09
3.56423e-09
2.15107e-09
2.71837e-09
1.71326e-09
2.13521e-09
1.39506e-09
1.71753e-09
5.20486e-15
4.38102e-07
5.89569e-08
2.01712e-07
4.31382e-08
1.18204e-07
3.16296e-08
7.84635e-08
2.40941e-08
5.62411e-08
1.89924e-08
4.24746e-08
1.53909e-08
3.33173e-08
1.27531e-08
2.68978e-08
1.07609e-08
2.22123e-08
9.21707e-09
1.86811e-08
7.99471e-09
1.59496e-08
 0.00099999
0.000333323
0.000333323
 0.00019999
 0.00019999
0.000142847
0.000142847
0.000111101
0.000111101
9.08991e-05
9.08991e-05
7.69131e-05
7.69131e-05
6.66567e-05
6.66567e-05
5.88135e-05
5.88135e-05
5.26216e-05
5.26216e-05
 4.7609e-05
 4.7609e-05
 0.00099999
          1
1.21902e-06
3.55424e-07
3.59655e-07
2.07779e-07
2.06812e-07
1.46516e-07
1.44969e-07
1.13121e-07
1.11682e-07
9.21263e-08
9.08955e-08
7.77111e-08
7.66751e-08
6.72022e-08
6.63284e-08
5.92009e-08
5.84584e-08
 5.2905e-08
5.22683e-08
4.78214e-08
4.72706e-08
