4.35209e-10
4.04693e-10
3.55588e-10
3.30691e-10
2.96265e-10
2.79011e-10
2.52287e-10
2.40873e-10
 2.1819e-10
2.11947e-10
1.90374e-10
7.62081e-11
8.46896e-11
8.74953e-11
9.04976e-11
9.18868e-11
9.28251e-11
9.35311e-11
9.32136e-11
 9.3844e-11
9.21096e-11
 9.4411e-11
9.15234e-11
9.63273e-05
9.03672e-05
8.07018e-05
7.57883e-05
6.89482e-05
6.55232e-05
6.01577e-05
 5.7885e-05
5.32782e-05
5.20432e-05
4.76151e-05
0.000999989
          1
9.63356e-08
9.03745e-08
8.07081e-08
7.57943e-08
6.89534e-08
6.55281e-08
 6.0162e-08
5.78893e-08
5.32818e-08
5.20468e-08
4.76183e-08
