4.53484e-10
4.02576e-10
3.62091e-10
3.28605e-10
3.00636e-10
2.76753e-10
2.56028e-10
2.38005e-10
2.22421e-10
2.08191e-10
1.95632e-10
1.84339e-10
1.74105e-10
1.64877e-10
1.56384e-10
1.48646e-10
1.41655e-10
1.35049e-10
1.29144e-10
1.23518e-10
1.18405e-10
1.13417e-10
1.09023e-10
1.04742e-10
1.00862e-10
9.70206e-11
9.36374e-11
9.02989e-11
8.72574e-11
8.42427e-11
8.15852e-11
7.88557e-11
7.64792e-11
7.40151e-11
7.18755e-11
  6.966e-11
 6.7689e-11
6.57179e-11
6.38959e-11
 6.2112e-11
6.04443e-11
5.88225e-11
5.72807e-11
5.58038e-11
5.43857e-11
5.30231e-11
5.17199e-11
5.04629e-11
4.92573e-11
4.80962e-11
4.69794e-11
4.59028e-11
4.48664e-11
 4.3866e-11
 4.2902e-11
4.19706e-11
4.10719e-11
 4.0203e-11
3.93638e-11
3.85517e-11
3.77665e-11
3.70061e-11
3.62702e-11
3.55571e-11
3.48663e-11
3.41964e-11
3.35469e-11
3.29167e-11
3.23053e-11
3.17115e-11
 3.1135e-11
3.05749e-11
3.00306e-11
2.95015e-11
2.89871e-11
2.84866e-11
2.79998e-11
2.75259e-11
2.70647e-11
2.66154e-11
2.61779e-11
2.57516e-11
2.53362e-11
2.49312e-11
2.45363e-11
2.41512e-11
2.37756e-11
 2.3409e-11
2.30513e-11
2.27021e-11
2.23611e-11
2.20281e-11
2.17029e-11
2.13851e-11
2.10745e-11
 2.0771e-11
2.04743e-11
2.01842e-11
1.99003e-11
1.96251e-11
1.93286e-11
7.99673e-11
8.52197e-11
8.85553e-11
9.11548e-11
9.23744e-11
9.35499e-11
9.38626e-11
 9.3911e-11
9.35934e-11
9.34408e-11
9.25948e-11
9.20569e-11
9.13842e-11
9.05813e-11
8.96659e-11
8.88598e-11
8.77903e-11
 8.6854e-11
 8.5927e-11
8.49121e-11
8.38664e-11
8.28757e-11
8.18535e-11
8.09111e-11
7.98223e-11
7.89287e-11
7.78346e-11
7.69428e-11
7.59613e-11
7.50727e-11
 7.4069e-11
7.32199e-11
7.23163e-11
7.14095e-11
7.05651e-11
6.97189e-11
6.88615e-11
6.80536e-11
6.72488e-11
6.64412e-11
6.56762e-11
6.48985e-11
6.41595e-11
6.34047e-11
6.26956e-11
  6.197e-11
6.12797e-11
6.05846e-11
5.99172e-11
5.92464e-11
5.86024e-11
 5.7956e-11
5.73334e-11
5.67106e-11
5.61087e-11
5.55082e-11
5.49265e-11
 5.4347e-11
5.37848e-11
5.32255e-11
5.26819e-11
5.21417e-11
5.16161e-11
5.10942e-11
5.05857e-11
5.00812e-11
4.95893e-11
4.91015e-11
4.86253e-11
4.81534e-11
4.76924e-11
4.72356e-11
4.67891e-11
4.63469e-11
4.59143e-11
 4.5486e-11
4.50667e-11
4.46517e-11
4.42452e-11
4.38429e-11
4.34487e-11
4.30585e-11
4.26761e-11
4.22976e-11
4.19264e-11
4.15591e-11
4.11988e-11
4.08422e-11
4.04922e-11
 4.0146e-11
 3.9806e-11
3.94696e-11
3.91392e-11
3.88123e-11
3.84912e-11
3.81734e-11
3.78611e-11
3.75521e-11
 3.7248e-11
3.69498e-11
3.66284e-11
3.63347e-11
     0.0001
8.99999e-05
8.19995e-05
 7.5399e-05
6.98385e-05
 6.5078e-05
6.09495e-05
5.73307e-05
5.41298e-05
5.12766e-05
4.87159e-05
 4.6404e-05
4.43056e-05
4.23921e-05
4.06395e-05
3.90281e-05
3.75413e-05
 3.6165e-05
3.48872e-05
3.36975e-05
3.25871e-05
3.15482e-05
 3.0574e-05
2.96587e-05
 2.8797e-05
2.79844e-05
2.72166e-05
2.64901e-05
2.58016e-05
2.51482e-05
2.45272e-05
2.39364e-05
2.33734e-05
2.28365e-05
2.23237e-05
2.18336e-05
2.13646e-05
2.09155e-05
2.04848e-05
2.00717e-05
1.96749e-05
1.92935e-05
1.89267e-05
1.85736e-05
1.82335e-05
1.79057e-05
1.75894e-05
1.72842e-05
1.69894e-05
1.67045e-05
 1.6429e-05
1.61625e-05
1.59045e-05
1.56546e-05
1.54125e-05
1.51777e-05
  1.495e-05
1.47291e-05
1.45146e-05
1.43062e-05
1.41038e-05
 1.3907e-05
1.37157e-05
1.35295e-05
1.33483e-05
 1.3172e-05
1.30002e-05
1.28328e-05
1.26698e-05
1.25108e-05
1.23557e-05
1.22045e-05
1.20569e-05
1.19128e-05
1.17722e-05
1.16348e-05
1.15006e-05
1.13695e-05
1.12413e-05
1.11159e-05
1.09934e-05
1.08735e-05
1.07562e-05
1.06414e-05
 1.0529e-05
 1.0419e-05
1.03113e-05
1.02057e-05
1.01023e-05
 1.0001e-05
9.90171e-06
9.80435e-06
9.70888e-06
9.61526e-06
9.52342e-06
9.43332e-06
9.34491e-06
9.25815e-06
9.17291e-06
9.09001e-06
9.00032e-06
0.000999989
          1
1.00007e-07
 9.0007e-08
8.20055e-08
7.54049e-08
6.98424e-08
6.50836e-08
6.09542e-08
5.73343e-08
 5.4134e-08
5.12794e-08
4.87197e-08
4.64064e-08
4.43088e-08
4.23941e-08
4.06422e-08
3.90302e-08
3.75433e-08
3.61671e-08
 3.4889e-08
3.36993e-08
3.25888e-08
3.15498e-08
3.05756e-08
2.96601e-08
2.87984e-08
2.79856e-08
2.72177e-08
2.64914e-08
2.58026e-08
2.51493e-08
2.45282e-08
2.39373e-08
2.33743e-08
2.28373e-08
2.23245e-08
2.18344e-08
2.13654e-08
2.09162e-08
2.04855e-08
2.00723e-08
1.96755e-08
1.92941e-08
1.89273e-08
1.85741e-08
 1.8234e-08
1.79061e-08
1.75899e-08
1.72846e-08
1.69898e-08
1.67049e-08
1.64294e-08
1.61628e-08
1.59048e-08
1.56549e-08
1.54128e-08
 1.5178e-08
1.49503e-08
1.47294e-08
1.45149e-08
1.43065e-08
1.41041e-08
1.39073e-08
1.37159e-08
1.35297e-08
1.33486e-08
1.31722e-08
1.30004e-08
 1.2833e-08
1.26699e-08
1.25109e-08
1.23559e-08
1.22046e-08
 1.2057e-08
 1.1913e-08
1.17723e-08
1.16349e-08
1.15007e-08
1.13696e-08
1.12414e-08
1.11161e-08
1.09935e-08
1.08736e-08
1.07563e-08
1.06415e-08
1.05291e-08
1.04191e-08
1.03114e-08
1.02058e-08
1.01024e-08
1.00011e-08
9.90177e-09
 9.8044e-09
9.70894e-09
 9.6153e-09
9.52347e-09
9.43336e-09
9.34496e-09
9.25819e-09
9.17295e-09
9.09004e-09
9.00035e-09
