8.40019e-10
1.15805e-09
9.47345e-10
9.55161e-10
8.26168e-10
8.04119e-10
7.12171e-10
6.87507e-10
6.17139e-10
5.95269e-10
5.38941e-10
5.20931e-10
4.74264e-10
4.60112e-10
4.20256e-10
4.09742e-10
3.74668e-10
3.67626e-10
3.35744e-10
3.32171e-10
3.02096e-10
5.98162e-10
 1.5604e-09
1.54329e-09
1.62679e-09
1.58803e-09
1.56785e-09
1.52461e-09
1.48011e-09
 1.4373e-09
1.38787e-09
1.34695e-09
1.29906e-09
1.26013e-09
1.21644e-09
1.17884e-09
1.14092e-09
 1.1033e-09
1.07276e-09
1.03283e-09
1.01229e-09
9.65975e-10
  9.319e-10
4.84798e-05
 4.7576e-05
4.47355e-05
4.32893e-05
4.10375e-05
3.97398e-05
3.78597e-05
3.67475e-05
3.51301e-05
3.41891e-05
3.27645e-05
3.19763e-05
3.06936e-05
3.00451e-05
2.88625e-05
2.83481e-05
2.72265e-05
2.68515e-05
 2.5747e-05
2.55335e-05
2.43864e-05
0.000999978
          1
4.89583e-08
4.78408e-08
4.49368e-08
4.34455e-08
4.11663e-08
 3.9848e-08
3.79527e-08
3.68284e-08
3.52015e-08
3.42523e-08
3.28213e-08
3.20272e-08
3.07401e-08
3.00869e-08
2.89012e-08
2.83831e-08
2.72592e-08
2.68812e-08
2.57749e-08
 2.5559e-08
2.44097e-08
