-1.25625e-10
 1.16363e-09
 7.46131e-10
 9.58258e-10
 7.37955e-10
 8.06151e-10
 6.62951e-10
 6.88596e-10
 5.86496e-10
  5.9521e-10
 5.19173e-10
-2.88094e-09
 3.24955e-10
 5.09388e-10
 9.54621e-10
 1.02252e-09
 1.12802e-09
 1.15141e-09
 1.16481e-09
 1.16622e-09
 1.14934e-09
 1.13769e-09
 1.09936e-09
  4.4275e-05
 4.77862e-05
 4.33129e-05
 4.35027e-05
 4.01539e-05
 3.99607e-05
 3.71927e-05
  3.6981e-05
 3.45695e-05
 3.44414e-05
  3.2256e-05
  0.00100005
           1
 4.55889e-08
 4.85205e-08
 4.38326e-08
 4.39164e-08
 4.04726e-08
 4.02393e-08
 3.74161e-08
 3.71861e-08
  3.4737e-08
 3.46007e-08
 3.23862e-08
