1.27405e-09
1.14463e-09
1.04018e-09
9.47549e-10
8.68273e-10
7.98103e-10
7.37515e-10
6.82074e-10
6.34337e-10
5.90748e-10
 5.5163e-10
5.16521e-10
4.84721e-10
4.55613e-10
4.29208e-10
4.05179e-10
3.82842e-10
 3.6263e-10
3.43738e-10
 3.2656e-10
 3.1029e-10
2.95681e-10
2.81596e-10
2.68925e-10
2.56766e-10
2.45697e-10
 2.3504e-10
  2.254e-10
2.15994e-10
2.07469e-10
1.99246e-10
1.91567e-10
1.84379e-10
1.77471e-10
1.71061e-10
1.64937e-10
1.59104e-10
1.53699e-10
1.48371e-10
1.43556e-10
1.38711e-10
1.34372e-10
1.29975e-10
1.26037e-10
1.22047e-10
1.18449e-10
1.14826e-10
 1.1153e-10
1.08225e-10
1.05203e-10
1.02177e-10
9.93994e-11
9.66233e-11
9.40629e-11
 9.1511e-11
8.91454e-11
8.67938e-11
8.46044e-11
8.24318e-11
8.04022e-11
7.83904e-11
7.65057e-11
7.46391e-11
7.28858e-11
7.11508e-11
 6.9517e-11
6.79014e-11
6.63764e-11
6.48695e-11
 6.3444e-11
6.20362e-11
6.07018e-11
5.93844e-11
5.81335e-11
 5.6899e-11
5.57248e-11
5.45663e-11
5.34628e-11
5.23741e-11
5.13357e-11
5.03114e-11
 4.9333e-11
4.83681e-11
4.74452e-11
4.65351e-11
4.56637e-11
4.48043e-11
4.39806e-11
4.31683e-11
4.23888e-11
4.16201e-11
4.08818e-11
4.01538e-11
3.94538e-11
3.87635e-11
3.80992e-11
3.74439e-11
3.68138e-11
3.61876e-11
3.56083e-11
3.49089e-11
2.21407e-09
2.10538e-09
2.01238e-09
1.92515e-09
1.84084e-09
 1.7634e-09
1.68988e-09
1.62073e-09
1.55597e-09
  1.495e-09
1.43743e-09
 1.3835e-09
1.33247e-09
1.28432e-09
 1.2389e-09
1.19608e-09
1.15517e-09
1.11698e-09
1.08023e-09
1.04576e-09
1.01277e-09
9.81542e-10
 9.5173e-10
9.23453e-10
8.96349e-10
 8.7067e-10
8.45965e-10
8.22556e-10
7.99971e-10
7.78567e-10
7.57863e-10
7.38232e-10
7.19208e-10
7.01131e-10
6.83663e-10
6.66884e-10
6.50898e-10
6.35231e-10
6.20572e-10
6.05949e-10
5.92425e-10
5.78795e-10
5.66266e-10
5.53545e-10
5.41908e-10
5.30028e-10
5.19178e-10
5.08081e-10
 4.9794e-10
4.87555e-10
4.78063e-10
4.68329e-10
4.59428e-10
4.50291e-10
4.41931e-10
4.33342e-10
4.25479e-10
4.17394e-10
4.09986e-10
4.02366e-10
3.95378e-10
3.88187e-10
3.81586e-10
3.74791e-10
3.68549e-10
3.62121e-10
3.56211e-10
3.50123e-10
3.44522e-10
3.38749e-10
3.33434e-10
3.27955e-10
3.22906e-10
3.17701e-10
3.12901e-10
 3.0795e-10
3.03382e-10
2.98669e-10
2.94318e-10
2.89827e-10
2.85679e-10
2.81396e-10
2.77438e-10
2.73351e-10
 2.6957e-10
2.65666e-10
2.62053e-10
2.58321e-10
2.54866e-10
2.51295e-10
2.47987e-10
2.44569e-10
2.41401e-10
2.38126e-10
2.35089e-10
2.31949e-10
2.29036e-10
2.26027e-10
2.23213e-10
2.20419e-10
2.17218e-10
2.14471e-10
      5e-05
   4.75e-05
4.52499e-05
4.32122e-05
 4.1357e-05
3.96599e-05
3.81008e-05
3.66631e-05
3.53328e-05
3.40979e-05
3.29483e-05
3.18752e-05
3.08712e-05
2.99296e-05
2.90447e-05
2.82114e-05
2.74253e-05
2.66824e-05
2.59793e-05
2.53127e-05
2.46798e-05
2.40782e-05
2.35055e-05
2.29597e-05
2.24389e-05
2.19414e-05
2.14656e-05
2.10103e-05
 2.0574e-05
2.01556e-05
 1.9754e-05
1.93682e-05
1.89972e-05
1.86404e-05
1.82967e-05
1.79656e-05
1.76463e-05
1.73382e-05
1.70407e-05
1.67533e-05
1.64755e-05
1.62068e-05
1.59468e-05
 1.5695e-05
1.54511e-05
1.52147e-05
1.49854e-05
1.47629e-05
 1.4547e-05
1.43373e-05
1.41336e-05
1.39357e-05
1.37432e-05
 1.3556e-05
1.33738e-05
1.31965e-05
1.30238e-05
1.28556e-05
1.26917e-05
1.25319e-05
1.23761e-05
1.22242e-05
1.20759e-05
1.19312e-05
1.17899e-05
 1.1652e-05
1.15172e-05
1.13855e-05
1.12569e-05
 1.1131e-05
 1.1008e-05
1.08877e-05
  1.077e-05
1.06548e-05
 1.0542e-05
1.04316e-05
1.03235e-05
1.02176e-05
1.01139e-05
1.00122e-05
9.91262e-06
9.81496e-06
9.71921e-06
9.62531e-06
9.53321e-06
9.44286e-06
 9.3542e-06
 9.2672e-06
 9.1818e-06
9.09796e-06
9.01564e-06
8.93479e-06
8.85539e-06
8.77738e-06
8.70073e-06
8.62542e-06
8.55138e-06
8.47871e-06
 8.4067e-06
8.33881e-06
8.25681e-06
0.000999946
          1
5.00436e-08
4.75466e-08
4.52895e-08
4.32505e-08
4.13897e-08
3.96906e-08
3.81277e-08
3.66882e-08
3.53548e-08
3.41188e-08
3.29662e-08
3.18929e-08
 3.0886e-08
2.99445e-08
2.90571e-08
2.82238e-08
2.74359e-08
2.66928e-08
2.59883e-08
2.53215e-08
2.46874e-08
2.40858e-08
 2.3512e-08
2.29661e-08
2.24445e-08
2.19469e-08
2.14705e-08
 2.1015e-08
2.05782e-08
2.01596e-08
1.97576e-08
1.93716e-08
1.90004e-08
1.86432e-08
1.82994e-08
1.79681e-08
1.76485e-08
1.73404e-08
1.70426e-08
1.67552e-08
1.64771e-08
1.62085e-08
1.59481e-08
1.56964e-08
1.54522e-08
1.52159e-08
1.49863e-08
1.47639e-08
1.45477e-08
1.43382e-08
1.41342e-08
1.39364e-08
1.37437e-08
1.35565e-08
1.33742e-08
1.31969e-08
 1.3024e-08
1.28559e-08
1.26918e-08
1.25321e-08
1.23762e-08
1.22243e-08
1.20759e-08
1.19313e-08
1.17899e-08
 1.1652e-08
1.15171e-08
1.13855e-08
1.12567e-08
1.11309e-08
1.10078e-08
1.08875e-08
1.07697e-08
1.06546e-08
1.05417e-08
1.04314e-08
1.03232e-08
1.02173e-08
1.01135e-08
1.00119e-08
9.91224e-09
9.81463e-09
9.71882e-09
9.62496e-09
 9.5328e-09
9.44248e-09
9.35377e-09
 9.2668e-09
9.18135e-09
9.09755e-09
9.01517e-09
8.93436e-09
8.85491e-09
8.77694e-09
8.70025e-09
8.62496e-09
8.55088e-09
8.47824e-09
8.40619e-09
8.33832e-09
 8.2563e-09
