8.56258e-10
7.84155e-10
7.19078e-10
6.63205e-10
6.12817e-10
5.69438e-10
5.29554e-10
4.95178e-10
4.62676e-10
4.34901e-10
4.08377e-10
3.85099e-10
3.63283e-10
3.43798e-10
3.25397e-10
3.08855e-10
2.93383e-10
2.79088e-10
2.65903e-10
2.53575e-10
2.42171e-10
2.31448e-10
 2.2156e-10
2.12148e-10
 2.0349e-10
1.95234e-10
1.87569e-10
1.80278e-10
1.73501e-10
 1.6699e-10
1.60966e-10
 1.5517e-10
1.49729e-10
1.44594e-10
1.39644e-10
1.35067e-10
1.30567e-10
1.26454e-10
1.22365e-10
1.18641e-10
1.14926e-10
1.11532e-10
1.08159e-10
1.05044e-10
 1.0198e-10
9.91146e-11
 9.6315e-11
9.36818e-11
9.11127e-11
8.86872e-11
8.63248e-11
8.40854e-11
8.19068e-11
 7.9836e-11
7.78221e-11
7.59032e-11
7.40378e-11
7.22563e-11
7.05248e-11
6.88681e-11
6.72575e-11
6.57145e-11
6.42137e-11
6.27741e-11
6.13733e-11
6.00279e-11
5.87184e-11
5.74592e-11
5.62332e-11
5.50529e-11
5.39034e-11
5.27955e-11
5.17163e-11
 5.0675e-11
4.96603e-11
4.86804e-11
4.77252e-11
4.68019e-11
4.59016e-11
4.50307e-11
 4.4181e-11
4.33586e-11
4.25559e-11
4.17784e-11
4.10193e-11
4.02834e-11
3.95647e-11
3.88676e-11
3.81866e-11
3.75255e-11
3.68795e-11
 3.6252e-11
3.56386e-11
3.50426e-11
3.44596e-11
3.38929e-11
3.33383e-11
3.27996e-11
3.22684e-11
3.17723e-11
 3.1177e-11
1.05256e-09
1.02914e-09
9.96472e-10
9.67426e-10
9.37392e-10
9.08168e-10
8.80231e-10
8.52261e-10
8.26543e-10
8.00533e-10
7.77026e-10
7.53298e-10
7.31218e-10
7.09634e-10
6.89566e-10
 6.6967e-10
6.51076e-10
6.33089e-10
6.15943e-10
5.99313e-10
5.83679e-10
5.68359e-10
5.53899e-10
5.39857e-10
5.26486e-10
5.13518e-10
5.01169e-10
4.89193e-10
 4.7771e-10
4.66658e-10
4.55997e-10
4.45692e-10
4.35856e-10
4.26202e-10
4.17084e-10
4.08076e-10
3.99562e-10
3.91171e-10
3.83195e-10
3.75369e-10
3.67886e-10
3.60567e-10
3.53549e-10
3.46683e-10
3.40094e-10
3.33645e-10
 3.2745e-10
 3.2138e-10
3.15551e-10
 3.0983e-10
3.04335e-10
2.98938e-10
2.93751e-10
2.88653e-10
2.83751e-10
2.78929e-10
2.74291e-10
2.69725e-10
2.65331e-10
2.61003e-10
2.56836e-10
2.52729e-10
2.48773e-10
2.44871e-10
2.41111e-10
2.37402e-10
2.33825e-10
2.30295e-10
2.26889e-10
2.23525e-10
2.20279e-10
2.17073e-10
2.13976e-10
2.10916e-10
2.07959e-10
2.05037e-10
2.02212e-10
1.99418e-10
1.96717e-10
1.94045e-10
1.91459e-10
1.88901e-10
1.86425e-10
1.83975e-10
1.81602e-10
1.79252e-10
1.76977e-10
1.74723e-10
1.72539e-10
1.70375e-10
1.68278e-10
  1.662e-10
1.64185e-10
1.62187e-10
 1.6025e-10
1.58329e-10
1.56465e-10
1.54618e-10
1.52812e-10
1.51093e-10
1.49047e-10
1.47338e-10
      5e-05
   4.75e-05
4.52499e-05
4.32122e-05
 4.1357e-05
3.96599e-05
3.81008e-05
3.66631e-05
3.53328e-05
3.40979e-05
3.29483e-05
3.18752e-05
3.08712e-05
2.99296e-05
2.90447e-05
2.82114e-05
2.74253e-05
2.66824e-05
2.59793e-05
2.53127e-05
2.46798e-05
2.40782e-05
2.35055e-05
2.29597e-05
2.24389e-05
2.19414e-05
2.14656e-05
2.10103e-05
 2.0574e-05
2.01556e-05
 1.9754e-05
1.93682e-05
1.89972e-05
1.86404e-05
1.82967e-05
1.79656e-05
1.76463e-05
1.73382e-05
1.70407e-05
1.67533e-05
1.64755e-05
1.62068e-05
1.59468e-05
 1.5695e-05
1.54511e-05
1.52147e-05
1.49854e-05
1.47629e-05
 1.4547e-05
1.43373e-05
1.41336e-05
1.39357e-05
1.37432e-05
 1.3556e-05
1.33738e-05
1.31965e-05
1.30238e-05
1.28556e-05
1.26917e-05
1.25319e-05
1.23761e-05
1.22242e-05
1.20759e-05
1.19312e-05
1.17899e-05
 1.1652e-05
1.15172e-05
1.13855e-05
1.12569e-05
 1.1131e-05
 1.1008e-05
1.08877e-05
  1.077e-05
1.06548e-05
 1.0542e-05
1.04316e-05
1.03235e-05
1.02176e-05
1.01139e-05
1.00122e-05
9.91262e-06
9.81496e-06
9.71921e-06
9.62531e-06
9.53321e-06
9.44286e-06
 9.3542e-06
 9.2672e-06
 9.1818e-06
9.09796e-06
9.01564e-06
8.93479e-06
8.85539e-06
8.77738e-06
8.70073e-06
8.62542e-06
8.55138e-06
8.47871e-06
 8.4067e-06
8.33881e-06
8.25681e-06
0.000999969
          1
5.00316e-08
4.75315e-08
 4.5277e-08
4.32384e-08
4.13797e-08
3.96811e-08
3.81198e-08
3.66809e-08
3.53492e-08
3.41127e-08
3.29625e-08
3.18879e-08
3.08832e-08
2.99407e-08
 2.9055e-08
 2.8221e-08
2.74343e-08
2.66909e-08
2.59871e-08
2.53201e-08
2.46867e-08
2.40847e-08
2.35115e-08
2.29655e-08
2.24442e-08
2.19465e-08
2.14703e-08
2.10149e-08
2.05781e-08
2.01598e-08
1.97576e-08
 1.9372e-08
1.90004e-08
1.86438e-08
1.82996e-08
1.79686e-08
1.76488e-08
1.73409e-08
 1.7043e-08
1.67558e-08
1.64776e-08
 1.6209e-08
1.59487e-08
 1.5697e-08
1.54528e-08
1.52165e-08
1.49869e-08
1.47646e-08
1.45484e-08
1.43388e-08
1.41349e-08
 1.3937e-08
1.37444e-08
1.35572e-08
1.33749e-08
1.31976e-08
1.30247e-08
1.28566e-08
1.26925e-08
1.25328e-08
1.23769e-08
 1.2225e-08
1.20766e-08
1.19319e-08
1.17906e-08
1.16526e-08
1.15178e-08
1.13861e-08
1.12574e-08
1.11316e-08
1.10085e-08
1.08882e-08
1.07704e-08
1.06552e-08
1.05424e-08
 1.0432e-08
1.03238e-08
 1.0218e-08
1.01142e-08
1.00125e-08
9.91287e-09
9.81523e-09
9.71943e-09
9.62555e-09
 9.5334e-09
9.44307e-09
9.35437e-09
9.26738e-09
9.18194e-09
9.09812e-09
9.01575e-09
8.93493e-09
8.85548e-09
8.77749e-09
8.70081e-09
8.62551e-09
8.55143e-09
8.47878e-09
8.40674e-09
8.33885e-09
8.25683e-09
