2.00621e-10
1.96113e-10
1.81559e-10
1.74358e-10
1.62982e-10
1.56571e-10
1.47191e-10
1.41748e-10
1.33774e-10
1.29211e-10
 1.2227e-10
1.18486e-10
1.12308e-10
1.09224e-10
1.03594e-10
 1.0117e-10
9.58927e-11
9.41406e-11
 8.9004e-11
8.80119e-11
8.27358e-11
6.45018e-11
6.87245e-11
6.89219e-11
7.04311e-11
7.05612e-11
7.12133e-11
7.11946e-11
7.13574e-11
 7.1221e-11
7.10568e-11
7.08459e-11
7.04445e-11
7.01983e-11
6.96107e-11
6.93655e-11
6.86206e-11
6.84069e-11
6.75242e-11
6.73583e-11
6.63718e-11
 6.6217e-11
6.51058e-11
4.84798e-05
 4.7576e-05
4.47355e-05
4.32893e-05
4.10375e-05
3.97398e-05
3.78597e-05
3.67475e-05
3.51301e-05
3.41891e-05
3.27645e-05
3.19763e-05
3.06936e-05
3.00451e-05
2.88625e-05
2.83481e-05
2.72265e-05
2.68515e-05
 2.5747e-05
2.55335e-05
2.43864e-05
0.000999989
          1
4.84837e-08
 4.7579e-08
4.47383e-08
4.32919e-08
4.10399e-08
3.97419e-08
3.78617e-08
3.67495e-08
3.51319e-08
3.41908e-08
 3.2766e-08
3.19779e-08
 3.0695e-08
3.00464e-08
2.88637e-08
2.83493e-08
2.72276e-08
2.68526e-08
 2.5748e-08
2.55344e-08
2.43874e-08
