1.79587e-10
1.97808e-10
 1.7451e-10
1.75778e-10
1.58647e-10
  1.579e-10
1.43951e-10
1.43061e-10
 1.3108e-10
1.30555e-10
1.19875e-10
5.63843e-11
 6.8504e-11
6.64454e-11
7.01011e-11
6.92482e-11
7.07972e-11
7.04622e-11
7.07687e-11
7.10337e-11
6.99992e-11
7.16188e-11
 7.0267e-11
 4.4275e-05
4.77862e-05
4.33129e-05
4.35027e-05
4.01539e-05
3.99607e-05
3.71927e-05
 3.6981e-05
3.45695e-05
3.44414e-05
 3.2256e-05
0.000999989
          1
4.42819e-08
4.77904e-08
4.33165e-08
4.35059e-08
4.01567e-08
3.99633e-08
 3.7195e-08
3.69833e-08
3.45715e-08
3.44434e-08
3.22578e-08
