2.08222e-10
1.95382e-10
1.84172e-10
1.73721e-10
 1.6455e-10
1.55976e-10
1.48434e-10
1.41197e-10
1.34858e-10
1.28686e-10
1.23176e-10
1.17984e-10
1.13191e-10
1.08727e-10
1.04506e-10
1.00524e-10
9.68854e-11
9.32852e-11
9.00503e-11
8.70133e-11
8.40753e-11
8.13315e-11
7.86871e-11
7.62243e-11
7.39085e-11
7.16554e-11
6.95056e-11
6.75271e-11
6.55799e-11
6.37418e-11
6.19691e-11
6.03402e-11
5.86565e-11
5.72109e-11
5.56366e-11
5.43276e-11
5.28793e-11
5.16379e-11
5.03738e-11
4.91378e-11
4.80442e-11
4.68609e-11
4.58438e-11
4.47784e-11
4.37887e-11
4.28378e-11
4.18884e-11
 4.1017e-11
4.01259e-11
3.93113e-11
3.84819e-11
3.77152e-11
 3.6943e-11
3.62207e-11
3.54992e-11
3.48189e-11
3.41429e-11
3.35019e-11
 3.2867e-11
3.22623e-11
3.16653e-11
3.10942e-11
3.05316e-11
2.99918e-11
2.94609e-11
2.89501e-11
2.84484e-11
2.79646e-11
2.74898e-11
2.70311e-11
2.65813e-11
2.61459e-11
2.57192e-11
2.53057e-11
2.49004e-11
2.45072e-11
2.41219e-11
2.37477e-11
2.33811e-11
2.30247e-11
2.26754e-11
2.23356e-11
2.20026e-11
2.16784e-11
2.13607e-11
2.10511e-11
2.07476e-11
2.04518e-11
2.01617e-11
1.98788e-11
1.96013e-11
1.93306e-11
 1.9065e-11
1.88056e-11
1.85512e-11
1.83027e-11
1.80587e-11
1.78207e-11
1.75852e-11
1.73644e-11
1.70983e-11
6.74134e-11
6.86731e-11
6.98909e-11
7.05129e-11
7.12103e-11
7.14092e-11
7.18414e-11
7.13752e-11
7.14393e-11
7.11781e-11
7.09065e-11
7.05815e-11
7.02688e-11
 6.9921e-11
6.95224e-11
6.90405e-11
6.84746e-11
6.77719e-11
6.73825e-11
6.65821e-11
6.62208e-11
6.54637e-11
6.49884e-11
6.42704e-11
6.37164e-11
6.31208e-11
6.25026e-11
6.18848e-11
6.13007e-11
6.06929e-11
6.01227e-11
5.94714e-11
5.89699e-11
5.83199e-11
5.77725e-11
 5.7217e-11
5.66212e-11
5.60936e-11
5.55221e-11
5.50027e-11
5.44202e-11
5.39573e-11
5.33549e-11
5.29056e-11
5.23491e-11
5.18652e-11
5.13655e-11
5.08666e-11
5.03942e-11
 4.9903e-11
4.94461e-11
4.89662e-11
4.85235e-11
4.80558e-11
4.76254e-11
4.71707e-11
4.67522e-11
  4.631e-11
4.59031e-11
4.54734e-11
4.50772e-11
4.46602e-11
4.42741e-11
4.38695e-11
4.34932e-11
4.31005e-11
4.27338e-11
4.23526e-11
4.19953e-11
4.16252e-11
 4.1277e-11
4.09175e-11
4.05781e-11
4.02289e-11
3.98982e-11
3.95587e-11
3.92366e-11
3.89065e-11
3.85925e-11
3.82715e-11
3.79655e-11
3.76532e-11
 3.7355e-11
3.70511e-11
3.67604e-11
3.64646e-11
3.61811e-11
3.58931e-11
3.56167e-11
3.53362e-11
3.50667e-11
3.47934e-11
3.45305e-11
3.42642e-11
3.40077e-11
3.37481e-11
3.34978e-11
 3.3245e-11
3.29993e-11
3.27603e-11
3.24797e-11
3.22376e-11
      5e-05
   4.75e-05
4.52499e-05
4.32122e-05
 4.1357e-05
3.96599e-05
3.81008e-05
3.66631e-05
3.53328e-05
3.40979e-05
3.29483e-05
3.18752e-05
3.08712e-05
2.99296e-05
2.90447e-05
2.82114e-05
2.74253e-05
2.66824e-05
2.59793e-05
2.53127e-05
2.46798e-05
2.40782e-05
2.35055e-05
2.29597e-05
2.24389e-05
2.19414e-05
2.14656e-05
2.10103e-05
 2.0574e-05
2.01556e-05
 1.9754e-05
1.93682e-05
1.89972e-05
1.86404e-05
1.82967e-05
1.79656e-05
1.76463e-05
1.73382e-05
1.70407e-05
1.67533e-05
1.64755e-05
1.62068e-05
1.59468e-05
 1.5695e-05
1.54511e-05
1.52147e-05
1.49854e-05
1.47629e-05
 1.4547e-05
1.43373e-05
1.41336e-05
1.39357e-05
1.37432e-05
 1.3556e-05
1.33738e-05
1.31965e-05
1.30238e-05
1.28556e-05
1.26917e-05
1.25319e-05
1.23761e-05
1.22242e-05
1.20759e-05
1.19312e-05
1.17899e-05
 1.1652e-05
1.15172e-05
1.13855e-05
1.12569e-05
 1.1131e-05
 1.1008e-05
1.08877e-05
  1.077e-05
1.06548e-05
 1.0542e-05
1.04316e-05
1.03235e-05
1.02176e-05
1.01139e-05
1.00122e-05
9.91262e-06
9.81496e-06
9.71921e-06
9.62531e-06
9.53321e-06
9.44286e-06
 9.3542e-06
 9.2672e-06
 9.1818e-06
9.09796e-06
9.01564e-06
8.93479e-06
8.85539e-06
8.77738e-06
8.70073e-06
8.62542e-06
8.55138e-06
8.47871e-06
 8.4067e-06
8.33881e-06
8.25681e-06
0.000999989
          1
 5.0001e-08
4.75028e-08
4.52518e-08
4.32147e-08
4.13595e-08
3.96615e-08
 3.8103e-08
3.66644e-08
3.53349e-08
3.40988e-08
  3.295e-08
3.18761e-08
3.08727e-08
2.99306e-08
2.90461e-08
2.82124e-08
2.74265e-08
2.66836e-08
  2.598e-08
2.53138e-08
2.46804e-08
2.40794e-08
 2.3506e-08
2.29606e-08
2.24393e-08
2.19423e-08
2.14661e-08
2.10111e-08
2.05744e-08
2.01564e-08
1.97544e-08
1.93688e-08
1.89976e-08
1.86409e-08
1.82971e-08
1.79661e-08
1.76466e-08
1.73386e-08
 1.7041e-08
1.67538e-08
1.64758e-08
1.62072e-08
1.59471e-08
1.56954e-08
1.54514e-08
1.52149e-08
1.49857e-08
1.47632e-08
1.45473e-08
1.43376e-08
1.41339e-08
1.39359e-08
1.37434e-08
1.35562e-08
1.33739e-08
1.31967e-08
1.30239e-08
1.28558e-08
1.26918e-08
1.25321e-08
1.23762e-08
1.22243e-08
 1.2076e-08
1.19314e-08
  1.179e-08
1.16521e-08
1.15173e-08
1.13857e-08
1.12569e-08
1.11312e-08
1.10081e-08
1.08878e-08
  1.077e-08
1.06549e-08
 1.0542e-08
1.04317e-08
1.03235e-08
1.02177e-08
1.01139e-08
1.00123e-08
9.91263e-09
9.81502e-09
9.71922e-09
9.62536e-09
9.53322e-09
 9.4429e-09
9.35421e-09
9.26723e-09
 9.1818e-09
9.09799e-09
9.01563e-09
8.93482e-09
8.85537e-09
 8.7774e-09
8.70072e-09
8.62543e-09
8.55136e-09
8.47871e-09
8.40668e-09
8.33881e-09
8.25679e-09
