-1.61908e-11
 4.64309e-11
 3.52721e-11
 4.59738e-11
 4.10902e-11
 4.47378e-11
  4.1904e-11
 4.33254e-11
 4.14159e-11
  4.1887e-11
 4.04782e-11
-1.96187e-10
 -2.6494e-11
-3.03845e-12
 2.30194e-11
 3.52215e-11
 4.31301e-11
  5.0889e-11
 5.34827e-11
 5.89346e-11
   5.943e-11
 6.34981e-11
 6.58435e-11
 9.19175e-06
 9.90808e-06
 9.53242e-06
 9.71401e-06
 9.44976e-06
 9.52747e-06
 9.31283e-06
 9.34802e-06
 9.16224e-06
 9.17526e-06
 9.00883e-06
  0.00100001
           1
 9.26354e-09
 9.95466e-09
 9.56397e-09
  9.7417e-09
 9.47041e-09
 9.54704e-09
 9.32813e-09
 9.36307e-09
 9.17434e-09
 9.18744e-09
 9.01891e-09
