-2.85207e-12
 4.96964e-11
  3.7806e-11
 4.77859e-11
 4.20986e-11
 4.59551e-11
 4.23954e-11
 4.42465e-11
 4.16736e-11
 4.26205e-11
 4.06079e-11
 4.10774e-11
 3.94301e-11
  3.9624e-11
 3.82176e-11
 3.82404e-11
 3.70093e-11
 3.69371e-11
 3.58343e-11
  3.5695e-11
 3.47054e-11
 3.45138e-11
 3.36165e-11
 3.33936e-11
 3.25692e-11
 3.23259e-11
 3.15676e-11
 3.13056e-11
 3.06089e-11
 3.03333e-11
 2.96884e-11
 2.94081e-11
 2.88048e-11
 2.85254e-11
 2.79589e-11
 2.76807e-11
 2.71499e-11
 2.68722e-11
 2.63747e-11
 2.60998e-11
 2.56298e-11
 2.53624e-11
 2.49134e-11
 2.46576e-11
 2.42252e-11
 2.39822e-11
 2.35652e-11
 2.33337e-11
  2.2932e-11
 2.27109e-11
 2.23237e-11
 2.21133e-11
 2.17384e-11
 2.15402e-11
 2.11744e-11
   2.099e-11
 2.06317e-11
 2.04606e-11
 2.01099e-11
 1.99503e-11
 1.96083e-11
 1.94584e-11
 1.91255e-11
 1.89846e-11
 1.86598e-11
 1.85287e-11
 1.82099e-11
   1.809e-11
 1.77752e-11
 1.76673e-11
 1.73559e-11
 1.72586e-11
 1.69523e-11
 1.68627e-11
 1.65642e-11
 1.64787e-11
 1.61905e-11
 1.61066e-11
 1.58301e-11
 1.57467e-11
 1.54815e-11
  1.5399e-11
 1.51439e-11
 1.50633e-11
 1.48164e-11
 1.47394e-11
 1.44985e-11
 1.44268e-11
 1.41895e-11
 1.41254e-11
 1.38891e-11
 1.38345e-11
  1.3597e-11
 1.35536e-11
 1.33132e-11
 1.32815e-11
  1.3038e-11
 1.30177e-11
 1.27713e-11
 1.27615e-11
 1.25128e-11
-1.84891e-10
 2.93444e-14
 4.54953e-12
 3.86894e-11
 4.09014e-11
 5.41687e-11
 5.54037e-11
 6.19402e-11
 6.26763e-11
 6.62491e-11
 6.66807e-11
  6.8712e-11
  6.8942e-11
 7.00922e-11
 7.01845e-11
 7.07872e-11
 7.07748e-11
 7.10211e-11
 7.09395e-11
 7.09407e-11
 7.08076e-11
 7.06423e-11
 7.04671e-11
 7.01848e-11
  6.9979e-11
 6.96111e-11
 6.93828e-11
 6.89538e-11
 6.87068e-11
 6.82357e-11
 6.79731e-11
 6.74725e-11
 6.71986e-11
 6.66767e-11
 6.63954e-11
 6.58587e-11
 6.55722e-11
 6.50264e-11
 6.47358e-11
  6.4186e-11
 6.38921e-11
 6.33415e-11
 6.30461e-11
 6.24966e-11
 6.22012e-11
 6.16541e-11
   6.136e-11
 6.08167e-11
 6.05243e-11
 5.99864e-11
  5.9696e-11
 5.91645e-11
 5.88765e-11
 5.83519e-11
 5.80673e-11
 5.75493e-11
 5.72693e-11
 5.67573e-11
 5.64829e-11
 5.59768e-11
 5.57084e-11
 5.52085e-11
 5.49456e-11
  5.4453e-11
 5.41946e-11
 5.37105e-11
 5.34557e-11
 5.29811e-11
 5.27292e-11
 5.22645e-11
 5.20151e-11
 5.15606e-11
 5.13136e-11
 5.08694e-11
 5.06245e-11
 5.01911e-11
 4.99473e-11
 4.95258e-11
 4.92816e-11
 4.88737e-11
 4.86272e-11
 4.82347e-11
 4.79837e-11
 4.76088e-11
 4.73509e-11
 4.69958e-11
 4.67286e-11
 4.63956e-11
 4.61164e-11
 4.58083e-11
 4.55137e-11
 4.52343e-11
 4.49196e-11
 4.46742e-11
 4.43328e-11
 4.41287e-11
 4.37522e-11
 4.35989e-11
 4.31761e-11
 4.30863e-11
 4.26024e-11
 4.23209e-11
 9.84065e-06
 9.90159e-06
 9.74885e-06
 9.70752e-06
  9.5798e-06
 9.52097e-06
 9.40592e-06
  9.3415e-06
 9.23487e-06
 9.16873e-06
 9.06847e-06
 9.00227e-06
 8.90723e-06
 8.84178e-06
 8.75121e-06
 8.68696e-06
 8.60031e-06
  8.5375e-06
 8.45436e-06
 8.39312e-06
 8.31318e-06
 8.25357e-06
 8.17657e-06
 8.11861e-06
 8.04432e-06
 7.98802e-06
 7.91625e-06
 7.86159e-06
 7.79217e-06
 7.73912e-06
  7.6719e-06
 7.62042e-06
 7.55528e-06
 7.50533e-06
 7.44213e-06
 7.39368e-06
 7.33232e-06
 7.28532e-06
 7.22569e-06
  7.1801e-06
 7.12211e-06
  7.0779e-06
 7.02146e-06
 6.97858e-06
 6.92361e-06
 6.88202e-06
 6.82844e-06
 6.78811e-06
 6.73584e-06
 6.69674e-06
 6.64572e-06
 6.60782e-06
 6.55797e-06
 6.52124e-06
 6.47251e-06
 6.43691e-06
 6.38923e-06
 6.35475e-06
 6.30806e-06
 6.27468e-06
 6.22892e-06
 6.19661e-06
 6.15173e-06
 6.12048e-06
 6.07641e-06
 6.04622e-06
  6.0029e-06
 5.97376e-06
 5.93114e-06
 5.90303e-06
 5.86104e-06
 5.83399e-06
 5.79257e-06
 5.76656e-06
 5.72565e-06
 5.70071e-06
 5.66023e-06
 5.63638e-06
 5.59625e-06
 5.57353e-06
 5.53366e-06
 5.51211e-06
  5.4724e-06
 5.45209e-06
 5.41243e-06
 5.39343e-06
 5.35368e-06
  5.3361e-06
  5.2961e-06
 5.28008e-06
 5.23963e-06
 5.22535e-06
 5.18422e-06
  5.1719e-06
 5.12978e-06
 5.11975e-06
 5.07623e-06
  5.0689e-06
 5.02348e-06
 5.01942e-06
 4.97139e-06
  0.00100001
           1
  9.9298e-09
  9.9472e-09
 9.78445e-09
 9.73444e-09
 9.60247e-09
 9.53991e-09
 9.42249e-09
 9.35602e-09
 9.24788e-09
 9.18044e-09
 9.07915e-09
 9.01203e-09
 8.91624e-09
 8.85013e-09
 8.75898e-09
 8.69423e-09
 8.60711e-09
 8.54391e-09
  8.4604e-09
 8.39884e-09
  8.3186e-09
 8.25872e-09
 8.18147e-09
 8.12329e-09
 8.04878e-09
 7.99229e-09
 7.92034e-09
 7.86551e-09
 7.79593e-09
 7.74274e-09
 7.67538e-09
 7.62378e-09
  7.5585e-09
 7.50845e-09
 7.44514e-09
 7.39659e-09
 7.33513e-09
 7.28805e-09
 7.22833e-09
 7.18266e-09
 7.12459e-09
 7.08031e-09
 7.02379e-09
 6.98085e-09
 6.92581e-09
 6.88417e-09
 6.83052e-09
 6.79015e-09
 6.73781e-09
 6.69868e-09
 6.64759e-09
 6.60966e-09
 6.55975e-09
   6.523e-09
 6.47419e-09
 6.43859e-09
 6.39084e-09
 6.35635e-09
 6.30959e-09
  6.2762e-09
 6.23038e-09
 6.19807e-09
 6.15313e-09
 6.12188e-09
 6.07775e-09
 6.04756e-09
 6.00419e-09
 5.97504e-09
 5.93237e-09
 5.90427e-09
 5.86223e-09
 5.83518e-09
  5.7937e-09
 5.76771e-09
 5.72674e-09
 5.70182e-09
 5.66128e-09
 5.63745e-09
 5.59726e-09
 5.57456e-09
 5.53463e-09
  5.5131e-09
 5.47334e-09
 5.45305e-09
 5.41333e-09
 5.39436e-09
 5.35455e-09
   5.337e-09
 5.29694e-09
 5.28094e-09
 5.24045e-09
 5.22619e-09
 5.18501e-09
 5.17271e-09
 5.13054e-09
 5.12053e-09
 5.07698e-09
 5.06966e-09
 5.02421e-09
 5.02015e-09
  4.9721e-09
