-1.03471e-10
 4.60453e-11
  1.7493e-11
   4.575e-11
 3.33318e-11
 4.45822e-11
 3.75169e-11
 4.32074e-11
 3.85754e-11
 4.17924e-11
 3.84784e-11
 4.03955e-11
  3.7881e-11
 3.90401e-11
 3.70514e-11
 3.77348e-11
 3.61141e-11
 3.64831e-11
 3.51328e-11
 3.52853e-11
 3.41416e-11
-6.58756e-10
-1.86519e-10
-1.54612e-10
-7.09602e-11
-5.41354e-11
-2.26567e-11
-1.18249e-11
 3.29566e-12
 1.09992e-11
 1.91286e-11
 2.49464e-11
 2.95414e-11
 3.41159e-11
 3.67241e-11
 4.04276e-11
 4.18349e-11
 4.49005e-11
 4.55432e-11
 4.81259e-11
 4.82626e-11
 5.04702e-11
 5.18249e-11
 8.84925e-06
 9.91151e-06
 9.41818e-06
 9.71744e-06
 9.38113e-06
  9.5309e-06
 9.26369e-06
 9.35146e-06
 9.12391e-06
 9.17871e-06
 8.97735e-06
 9.01229e-06
 8.82977e-06
 8.85186e-06
 8.68371e-06
 8.69709e-06
 8.54037e-06
 8.54769e-06
 8.40035e-06
 8.40338e-06
 8.26392e-06
  0.00100006
           1
 9.06394e-09
 1.00318e-08
 9.50675e-09
 9.78859e-09
 9.43798e-09
   9.581e-09
 9.30543e-09
 9.38988e-09
 9.15674e-09
 9.20971e-09
 9.00427e-09
 9.03817e-09
  8.8525e-09
 8.87399e-09
 8.70331e-09
 8.71637e-09
 8.55755e-09
 8.56472e-09
 8.41559e-09
 8.41861e-09
 8.27762e-09
