 -1.5935e-11
 4.64447e-11
 3.52872e-11
 4.59562e-11
 4.10719e-11
 4.47104e-11
  4.1876e-11
 4.32943e-11
 4.13844e-11
 4.18546e-11
 4.04457e-11
-1.94961e-10
-2.58262e-11
 -2.6098e-12
 2.33589e-11
  3.5448e-11
 4.33273e-11
 5.10186e-11
 5.36011e-11
 5.90072e-11
 5.94989e-11
 6.35336e-11
 6.58556e-11
 9.19175e-06
 9.90808e-06
 9.53242e-06
 9.71401e-06
 9.44976e-06
 9.52747e-06
 9.31283e-06
 9.34802e-06
 9.16224e-06
 9.17526e-06
 9.00883e-06
  0.00100001
           1
 9.26332e-09
 9.95447e-09
 9.56385e-09
 9.74158e-09
 9.47033e-09
 9.54695e-09
 9.32807e-09
   9.363e-09
 9.17429e-09
 9.18738e-09
 9.01887e-09
