4.94182e-07
5.70576e-08
8.45206e-08
2.30778e-08
3.25179e-08
1.22763e-08
1.66672e-08
7.54924e-09
 9.9566e-09
5.08226e-09
6.54803e-09
3.64077e-09
4.60082e-09
2.72899e-09
3.39273e-09
2.11749e-09
 2.5958e-09
1.68828e-09
2.04457e-09
  1.376e-09
1.64862e-09
1.14197e-09
1.35532e-09
9.62266e-10
1.13239e-09
8.21381e-10
9.59271e-10
 7.0898e-10
8.22305e-10
6.17921e-10
7.12201e-10
5.43156e-10
6.22441e-10
4.81028e-10
5.48357e-10
4.28888e-10
4.86541e-10
3.84689e-10
4.34451e-10
3.46929e-10
3.90172e-10
3.14409e-10
3.52232e-10
2.86215e-10
3.19486e-10
2.61615e-10
2.91039e-10
2.40026e-10
2.66176e-10
 2.2098e-10
2.44324e-10
2.04095e-10
2.25022e-10
1.89057e-10
 2.0789e-10
1.75608e-10
1.92618e-10
1.63533e-10
1.78948e-10
1.52653e-10
1.66666e-10
1.42814e-10
1.55591e-10
 1.3389e-10
1.45572e-10
 1.2577e-10
 1.3648e-10
1.18362e-10
1.28204e-10
1.11585e-10
1.20651e-10
1.05369e-10
1.13739e-10
9.96551e-11
1.07398e-10
9.43904e-11
1.01568e-10
8.95294e-11
9.61947e-11
8.50319e-11
 9.1233e-11
8.08628e-11
8.66419e-11
 7.6991e-11
8.23855e-11
 7.3389e-11
7.84324e-11
7.00325e-11
7.47546e-11
6.68996e-11
7.13272e-11
6.39711e-11
6.81282e-11
6.12296e-11
6.51379e-11
5.86596e-11
6.23385e-11
5.62471e-11
5.97143e-11
5.39796e-11
5.72511e-11
2.39681e-13
3.87593e-07
5.63532e-08
 1.7992e-07
4.13663e-08
1.06041e-07
3.04028e-08
7.06967e-08
2.32028e-08
5.08497e-08
1.83175e-08
3.85125e-08
1.48626e-08
3.02821e-08
1.23286e-08
2.44981e-08
1.04123e-08
2.02672e-08
8.92574e-09
1.70725e-08
7.74763e-09
1.45971e-08
6.79684e-09
1.26374e-08
6.01744e-09
1.10576e-08
5.36987e-09
9.76434e-09
4.82548e-09
8.69131e-09
4.36305e-09
7.79055e-09
3.96661e-09
7.02658e-09
3.62393e-09
6.37268e-09
3.32554e-09
5.80839e-09
3.06396e-09
5.31783e-09
2.83328e-09
4.88853e-09
 2.6287e-09
4.51056e-09
2.44636e-09
4.17594e-09
2.28309e-09
 3.8782e-09
2.13627e-09
3.61204e-09
2.00371e-09
3.37308e-09
1.88359e-09
 3.1577e-09
1.77436e-09
2.96284e-09
1.67474e-09
2.78595e-09
1.58359e-09
2.62485e-09
1.49997e-09
 2.4777e-09
1.42305e-09
 2.3429e-09
1.35212e-09
 2.2191e-09
1.28657e-09
2.10511e-09
1.22585e-09
 1.9999e-09
1.16949e-09
 1.9026e-09
1.11707e-09
1.81241e-09
1.06824e-09
1.72865e-09
1.02265e-09
1.65071e-09
 9.8003e-10
1.57806e-09
9.40117e-10
1.51023e-09
9.02684e-10
1.44679e-09
8.67525e-10
1.38737e-09
8.34456e-10
1.33162e-09
8.03311e-10
1.27926e-09
7.73942e-10
   1.23e-09
7.46213e-10
1.18361e-09
7.20001e-10
1.13985e-09
6.95197e-10
1.09854e-09
6.71699e-10
 1.0595e-09
6.49415e-10
1.02255e-09
 0.00099999
0.000333323
0.000333323
 0.00019999
 0.00019999
0.000142847
0.000142847
0.000111101
0.000111101
9.08991e-05
9.08991e-05
7.69131e-05
7.69131e-05
6.66567e-05
6.66567e-05
5.88135e-05
5.88135e-05
5.26216e-05
5.26216e-05
 4.7609e-05
 4.7609e-05
4.34683e-05
4.34683e-05
  3.999e-05
  3.999e-05
 3.7027e-05
 3.7027e-05
3.44728e-05
3.44728e-05
3.22481e-05
3.22481e-05
 3.0293e-05
 3.0293e-05
2.85614e-05
2.85614e-05
 2.7017e-05
 2.7017e-05
 2.5631e-05
 2.5631e-05
2.43802e-05
2.43802e-05
2.32458e-05
2.32458e-05
2.22122e-05
2.22122e-05
2.12666e-05
2.12666e-05
2.03982e-05
2.03982e-05
1.95978e-05
1.95978e-05
1.88579e-05
1.88579e-05
1.81718e-05
1.81718e-05
1.75339e-05
1.75339e-05
1.69392e-05
1.69392e-05
1.63834e-05
1.63834e-05
 1.5863e-05
 1.5863e-05
1.53746e-05
1.53746e-05
1.49154e-05
1.49154e-05
1.44828e-05
1.44828e-05
1.40745e-05
1.40745e-05
1.36886e-05
1.36886e-05
1.33233e-05
1.33233e-05
 1.2977e-05
 1.2977e-05
1.26482e-05
1.26482e-05
1.23357e-05
1.23357e-05
1.20382e-05
1.20382e-05
1.17547e-05
1.17547e-05
1.14843e-05
1.14843e-05
 1.1226e-05
 1.1226e-05
 1.0979e-05
 1.0979e-05
1.07427e-05
1.07427e-05
1.05163e-05
1.05163e-05
1.02993e-05
1.02993e-05
 1.0091e-05
 1.0091e-05
9.89099e-06
9.89099e-06
 0.00099999
          1
1.19377e-06
3.54447e-07
3.57036e-07
2.07465e-07
2.06273e-07
 1.4638e-07
1.44877e-07
1.13051e-07
1.11716e-07
9.20868e-08
9.09656e-08
7.76871e-08
7.67529e-08
6.71869e-08
6.64038e-08
5.91907e-08
5.85281e-08
5.28981e-08
5.23316e-08
4.78167e-08
4.73277e-08
4.36273e-08
4.32013e-08
4.01138e-08
3.97397e-08
3.71247e-08
3.67937e-08
3.45507e-08
3.42559e-08
3.23109e-08
3.20467e-08
3.03441e-08
 3.0106e-08
2.86032e-08
2.83876e-08
2.70514e-08
2.68552e-08
2.56594e-08
2.54802e-08
2.44038e-08
2.42394e-08
2.32654e-08
2.31142e-08
2.22286e-08
2.20889e-08
2.12803e-08
2.11509e-08
2.04096e-08
2.02894e-08
1.96074e-08
1.94955e-08
1.88658e-08
1.87614e-08
1.81784e-08
1.80807e-08
1.75393e-08
1.74477e-08
1.69436e-08
1.68575e-08
 1.6387e-08
 1.6306e-08
1.58659e-08
1.57895e-08
1.53769e-08
1.53048e-08
1.49171e-08
1.48489e-08
 1.4484e-08
1.44194e-08
1.40754e-08
1.40141e-08
1.36892e-08
1.36309e-08
1.33236e-08
1.32682e-08
 1.2977e-08
1.29242e-08
 1.2648e-08
1.25977e-08
1.23353e-08
1.22872e-08
1.20376e-08
1.19917e-08
 1.1754e-08
1.17101e-08
1.14834e-08
1.14413e-08
 1.1225e-08
1.11847e-08
1.09779e-08
1.09393e-08
1.07415e-08
1.07044e-08
1.05151e-08
1.04795e-08
 1.0298e-08
1.02637e-08
1.00897e-08
1.00567e-08
9.88961e-09
9.85786e-09
