-1.36524e-11
 4.65514e-11
 3.54145e-11
 4.57883e-11
 4.09038e-11
 4.44578e-11
 4.16207e-11
 4.30107e-11
 4.10989e-11
 4.15608e-11
 4.01511e-11
-1.83986e-10
-1.99452e-11
 1.17169e-12
 2.63272e-11
 3.74208e-11
 4.50361e-11
 5.21299e-11
  5.4613e-11
 5.96144e-11
 6.00737e-11
 6.38131e-11
 6.59297e-11
 9.19175e-06
 9.90808e-06
 9.53241e-06
 9.71401e-06
 9.44976e-06
 9.52747e-06
 9.31283e-06
 9.34802e-06
 9.16224e-06
 9.17526e-06
 9.00883e-06
  0.00100001
           1
 9.26135e-09
 9.95276e-09
 9.56275e-09
 9.74052e-09
 9.46956e-09
 9.54619e-09
 9.32748e-09
 9.36241e-09
 9.17382e-09
 9.18689e-09
 9.01847e-09
