-9.56557e-11
 4.68351e-11
 1.87331e-11
 4.59005e-11
 3.36423e-11
 4.45177e-11
 3.75278e-11
 4.30492e-11
 3.84589e-11
 4.15894e-11
 3.83004e-11
 4.01704e-11
 3.76723e-11
 3.88044e-11
 3.68274e-11
 3.74958e-11
 3.58833e-11
  3.6245e-11
 3.49005e-11
 3.50502e-11
 3.39113e-11
-6.17946e-10
-1.66593e-10
-1.39425e-10
-5.95087e-11
-4.49444e-11
-1.48927e-11
  -5.426e-12
 8.99553e-12
 1.57683e-11
 2.35124e-11
 2.86465e-11
 3.30164e-11
 3.70625e-11
 3.95369e-11
 4.28162e-11
 4.41461e-11
 4.68614e-11
 4.74629e-11
 4.97498e-11
 4.98699e-11
 5.18231e-11
 5.29956e-11
 8.84925e-06
 9.91151e-06
 9.41818e-06
 9.71744e-06
 9.38113e-06
  9.5309e-06
 9.26369e-06
 9.35146e-06
 9.12391e-06
 9.17871e-06
 8.97735e-06
 9.01229e-06
 8.82977e-06
 8.85186e-06
 8.68371e-06
 8.69709e-06
 8.54037e-06
 8.54769e-06
 8.40035e-06
 8.40338e-06
 8.26392e-06
  0.00100005
           1
 9.05472e-09
 1.00258e-08
 9.50241e-09
 9.78491e-09
 9.43508e-09
 9.57836e-09
 9.30326e-09
 9.38784e-09
 9.15501e-09
 9.20806e-09
 9.00285e-09
 9.03678e-09
 8.85129e-09
  8.8728e-09
 8.70226e-09
 8.71532e-09
 8.55662e-09
  8.5638e-09
 8.41477e-09
 8.41778e-09
 8.27687e-09
