-1.52783e-11
 5.00647e-11
 3.48804e-11
 4.77339e-11
 4.05432e-11
 4.57944e-11
 4.13225e-11
 4.40316e-11
 4.08415e-11
 4.23945e-11
 3.99078e-11
 4.08479e-11
  3.8814e-11
 3.93944e-11
 3.76724e-11
 3.80158e-11
 3.65234e-11
 3.67116e-11
 3.53922e-11
 3.54745e-11
 3.42918e-11
 3.43016e-11
 3.32263e-11
 3.31896e-11
  3.2199e-11
 3.21319e-11
 3.12134e-11
 3.11228e-11
 3.02701e-11
 3.01589e-11
 2.93671e-11
 2.92389e-11
 2.85013e-11
 2.83613e-11
 2.76706e-11
 2.75237e-11
 2.68732e-11
 2.67242e-11
 2.61074e-11
 2.59607e-11
 2.53715e-11
  2.5231e-11
 2.46642e-11
 2.45329e-11
  2.3985e-11
 2.38636e-11
 2.33334e-11
 2.32204e-11
 2.27092e-11
 2.26012e-11
 2.21114e-11
 2.20047e-11
 2.15382e-11
 2.14303e-11
 2.09877e-11
 2.08777e-11
 2.04578e-11
 2.03469e-11
  1.9947e-11
 1.98368e-11
  1.9454e-11
 1.93465e-11
 1.89784e-11
 1.88748e-11
 1.85196e-11
 1.84203e-11
 1.80772e-11
  1.7982e-11
 1.76507e-11
 1.75588e-11
 1.72395e-11
 1.71498e-11
 1.68431e-11
 1.67543e-11
 1.64609e-11
 1.63717e-11
 1.60922e-11
 1.60017e-11
 1.57357e-11
 1.56443e-11
 1.53904e-11
 1.52998e-11
 1.50552e-11
 1.49679e-11
  1.4729e-11
 1.46485e-11
 1.44117e-11
 1.43409e-11
  1.4103e-11
 1.40439e-11
 1.38035e-11
 1.37565e-11
 1.35134e-11
 1.34776e-11
 1.32325e-11
  1.3207e-11
 1.29605e-11
 1.29442e-11
  1.2697e-11
  1.2689e-11
 1.24414e-11
 -2.5794e-10
 -2.0223e-11
 -1.8818e-11
 2.63301e-11
  2.6952e-11
 4.51297e-11
 4.53883e-11
 5.47406e-11
 5.47971e-11
 6.02254e-11
 6.01539e-11
 6.35034e-11
 6.33461e-11
 6.54799e-11
 6.52676e-11
 6.66366e-11
 6.63805e-11
 6.72436e-11
 6.69556e-11
 6.74699e-11
 6.71577e-11
 6.74255e-11
 6.70949e-11
 6.71838e-11
 6.68408e-11
  6.6796e-11
  6.6446e-11
 6.63001e-11
 6.59457e-11
  6.5724e-11
 6.53665e-11
  6.5088e-11
 6.47283e-11
 6.44074e-11
 6.40462e-11
 6.36937e-11
 6.33322e-11
 6.29563e-11
 6.25954e-11
 6.22024e-11
 6.18426e-11
 6.14374e-11
 6.10799e-11
 6.06659e-11
 6.03116e-11
 5.98916e-11
 5.95412e-11
 5.91176e-11
 5.87713e-11
 5.83465e-11
  5.8004e-11
 5.75804e-11
  5.7241e-11
 5.68208e-11
 5.64837e-11
  5.6069e-11
 5.57336e-11
 5.53257e-11
 5.49917e-11
 5.45914e-11
  5.4259e-11
 5.38667e-11
 5.35361e-11
  5.3152e-11
 5.28235e-11
 5.24479e-11
 5.21213e-11
 5.17546e-11
 5.14296e-11
 5.10726e-11
 5.07485e-11
 5.04022e-11
 5.00777e-11
 4.97435e-11
 4.94174e-11
 4.90965e-11
 4.87676e-11
 4.84613e-11
 4.81282e-11
 4.78377e-11
 4.74994e-11
 4.72255e-11
 4.68812e-11
 4.66244e-11
 4.62736e-11
 4.60342e-11
 4.56766e-11
 4.54547e-11
   4.509e-11
 4.48859e-11
 4.45133e-11
 4.43281e-11
 4.39461e-11
 4.37818e-11
 4.33871e-11
 4.32477e-11
 4.28351e-11
 4.27271e-11
 4.22883e-11
 4.22218e-11
 4.17441e-11
 4.14768e-11
 9.84065e-06
 9.90159e-06
 9.74884e-06
 9.70752e-06
  9.5798e-06
 9.52097e-06
 9.40592e-06
  9.3415e-06
 9.23486e-06
 9.16873e-06
 9.06847e-06
 9.00227e-06
 8.90723e-06
 8.84178e-06
 8.75121e-06
 8.68696e-06
 8.60031e-06
  8.5375e-06
 8.45436e-06
 8.39312e-06
 8.31318e-06
 8.25357e-06
 8.17657e-06
 8.11861e-06
 8.04432e-06
 7.98802e-06
 7.91625e-06
 7.86159e-06
 7.79217e-06
 7.73912e-06
  7.6719e-06
 7.62042e-06
 7.55528e-06
 7.50533e-06
 7.44213e-06
 7.39368e-06
 7.33232e-06
 7.28532e-06
 7.22569e-06
  7.1801e-06
 7.12211e-06
  7.0779e-06
 7.02146e-06
 6.97858e-06
 6.92361e-06
 6.88202e-06
 6.82844e-06
 6.78811e-06
 6.73584e-06
 6.69674e-06
 6.64572e-06
 6.60782e-06
 6.55797e-06
 6.52124e-06
 6.47251e-06
 6.43691e-06
 6.38923e-06
 6.35475e-06
 6.30806e-06
 6.27468e-06
 6.22892e-06
 6.19661e-06
 6.15173e-06
 6.12048e-06
 6.07641e-06
 6.04622e-06
  6.0029e-06
 5.97376e-06
 5.93114e-06
 5.90303e-06
 5.86104e-06
 5.83399e-06
 5.79257e-06
 5.76656e-06
 5.72565e-06
 5.70071e-06
 5.66023e-06
 5.63638e-06
 5.59625e-06
 5.57353e-06
 5.53366e-06
 5.51211e-06
  5.4724e-06
 5.45209e-06
 5.41243e-06
 5.39343e-06
 5.35368e-06
  5.3361e-06
  5.2961e-06
 5.28008e-06
 5.23963e-06
 5.22535e-06
 5.18422e-06
  5.1719e-06
 5.12978e-06
 5.11975e-06
 5.07623e-06
  5.0689e-06
 5.02348e-06
 5.01942e-06
 4.97139e-06
  0.00100002
           1
 9.95607e-09
 9.95894e-09
 9.79428e-09
  9.7413e-09
 9.60854e-09
  9.5447e-09
 9.42688e-09
 9.35966e-09
 9.25129e-09
 9.18336e-09
 9.08192e-09
 9.01447e-09
 8.91857e-09
  8.8522e-09
 8.76098e-09
 8.69602e-09
 8.60886e-09
 8.54549e-09
 8.46195e-09
 8.40025e-09
 8.31998e-09
    8.26e-09
 8.18271e-09
 8.12445e-09
 8.04992e-09
 7.99335e-09
 7.92138e-09
 7.86649e-09
 7.79689e-09
 7.74364e-09
 7.67627e-09
 7.62461e-09
 7.55933e-09
 7.50923e-09
 7.44591e-09
 7.39732e-09
 7.33585e-09
 7.28873e-09
   7.229e-09
 7.18331e-09
 7.12522e-09
 7.08092e-09
 7.02439e-09
 6.98143e-09
 6.92637e-09
 6.88472e-09
 6.83106e-09
 6.79067e-09
 6.73833e-09
 6.69917e-09
 6.64808e-09
 6.61013e-09
 6.56022e-09
 6.52344e-09
 6.47464e-09
 6.43901e-09
 6.39126e-09
 6.35676e-09
    6.31e-09
  6.2766e-09
 6.23077e-09
 6.19845e-09
  6.1535e-09
 6.12224e-09
 6.07811e-09
 6.04791e-09
 6.00453e-09
 5.97538e-09
  5.9327e-09
 5.90459e-09
 5.86255e-09
 5.83548e-09
 5.79402e-09
 5.76801e-09
 5.72704e-09
  5.7021e-09
 5.66157e-09
 5.63773e-09
 5.59754e-09
 5.57483e-09
  5.5349e-09
 5.51337e-09
  5.4736e-09
  5.4533e-09
 5.41359e-09
  5.3946e-09
  5.3548e-09
 5.33723e-09
 5.29718e-09
 5.28117e-09
 5.24068e-09
 5.22641e-09
 5.18524e-09
 5.17293e-09
 5.13077e-09
 5.12074e-09
 5.07719e-09
 5.06987e-09
 5.02441e-09
 5.02036e-09
  4.9723e-09
