3.52342e-12
 4.5922e-11
3.56157e-11
4.35239e-11
 3.8887e-11
 4.1725e-11
3.89937e-11
 4.0139e-11
3.82869e-11
3.86773e-11
3.73101e-11
-9.8809e-11
1.98937e-11
2.63946e-11
 4.4526e-11
4.86814e-11
5.40715e-11
5.70063e-11
5.86736e-11
6.08636e-11
6.10711e-11
6.27637e-11
6.34853e-11
9.19175e-06
9.90808e-06
9.53242e-06
9.71401e-06
9.44976e-06
9.52747e-06
9.31283e-06
9.34802e-06
9.16224e-06
9.17526e-06
9.00883e-06
      0.001
          1
9.24327e-09
9.93845e-09
9.55341e-09
 9.7318e-09
9.46318e-09
9.53993e-09
9.32265e-09
9.35755e-09
9.16996e-09
9.18294e-09
 9.0152e-09
