2.42193e-11
 2.4857e-11
2.40227e-11
2.40145e-11
2.33859e-11
2.32457e-11
2.27167e-11
2.25458e-11
2.20563e-11
2.18724e-11
2.14238e-11
2.12347e-11
2.08149e-11
2.06386e-11
2.02276e-11
2.00571e-11
1.96702e-11
1.94958e-11
1.91368e-11
1.89569e-11
1.86251e-11
 1.8443e-11
1.81305e-11
1.79548e-11
1.76528e-11
1.74875e-11
1.71954e-11
1.70368e-11
1.67585e-11
1.66024e-11
1.63393e-11
1.61854e-11
1.59352e-11
1.57858e-11
1.55451e-11
1.54022e-11
1.51694e-11
1.50329e-11
1.48077e-11
1.46772e-11
1.44593e-11
1.43345e-11
1.41231e-11
1.40045e-11
1.37986e-11
1.36863e-11
1.34854e-11
1.33789e-11
1.31837e-11
1.30815e-11
1.28929e-11
1.27937e-11
1.26125e-11
1.25151e-11
1.23417e-11
1.22458e-11
1.20796e-11
1.19857e-11
1.18256e-11
1.17344e-11
1.15795e-11
1.14914e-11
1.13412e-11
1.12561e-11
1.11104e-11
1.10279e-11
 1.0887e-11
1.08068e-11
1.06705e-11
1.05926e-11
1.04602e-11
1.03852e-11
1.02557e-11
1.01849e-11
1.00566e-11
9.99119e-12
9.86256e-12
9.80381e-12
9.67372e-12
9.62217e-12
 9.4902e-12
9.44573e-12
9.31207e-12
9.27405e-12
9.13931e-12
9.10684e-12
8.97171e-12
8.94399e-12
8.80901e-12
8.78544e-12
 8.6509e-12
8.63114e-12
8.49709e-12
8.48104e-12
8.34737e-12
8.33503e-12
8.20156e-12
8.19301e-12
8.05943e-12
8.05493e-12
7.92075e-12
2.29035e-11
 2.4817e-11
2.40393e-11
2.45465e-11
2.40783e-11
2.43133e-11
2.39565e-11
2.40981e-11
2.38033e-11
2.38756e-11
2.36253e-11
2.36578e-11
2.34309e-11
2.34434e-11
2.32397e-11
2.32201e-11
2.30431e-11
2.29977e-11
2.28405e-11
2.27769e-11
2.26323e-11
2.25597e-11
2.24197e-11
2.23437e-11
2.22072e-11
 2.2126e-11
 2.1997e-11
2.19075e-11
2.17874e-11
2.16908e-11
2.15772e-11
2.14768e-11
2.13666e-11
2.12648e-11
2.11573e-11
 2.1054e-11
2.09497e-11
2.08445e-11
2.07439e-11
2.06368e-11
2.05397e-11
2.04312e-11
2.03372e-11
2.02273e-11
2.01369e-11
2.00252e-11
1.99391e-11
1.98247e-11
1.97437e-11
1.96262e-11
1.95502e-11
1.94304e-11
 1.9358e-11
1.92379e-11
1.91668e-11
1.90488e-11
1.89768e-11
1.88629e-11
1.87884e-11
1.86797e-11
1.86021e-11
1.84985e-11
1.84187e-11
1.83189e-11
1.82383e-11
1.81407e-11
1.80611e-11
1.79639e-11
 1.7887e-11
1.77886e-11
1.77158e-11
1.76152e-11
1.75471e-11
1.74439e-11
1.73806e-11
 1.7275e-11
1.72161e-11
1.71087e-11
1.70532e-11
1.69452e-11
1.68919e-11
1.67844e-11
1.67321e-11
1.66266e-11
1.65738e-11
1.64716e-11
1.64169e-11
1.63193e-11
1.62614e-11
1.61698e-11
1.61074e-11
1.60229e-11
1.59547e-11
 1.5879e-11
1.58031e-11
1.57381e-11
1.56521e-11
1.56011e-11
1.55008e-11
1.54688e-11
1.53479e-11
1.52707e-11
9.84064e-06
9.90159e-06
9.74884e-06
9.70752e-06
 9.5798e-06
9.52097e-06
9.40592e-06
 9.3415e-06
9.23486e-06
9.16873e-06
9.06847e-06
9.00227e-06
8.90723e-06
8.84178e-06
8.75121e-06
8.68696e-06
8.60031e-06
 8.5375e-06
8.45436e-06
8.39312e-06
8.31318e-06
8.25357e-06
8.17657e-06
8.11862e-06
8.04432e-06
7.98802e-06
7.91625e-06
7.86159e-06
7.79217e-06
7.73912e-06
 7.6719e-06
7.62042e-06
7.55528e-06
7.50533e-06
7.44213e-06
7.39368e-06
7.33232e-06
7.28532e-06
7.22569e-06
 7.1801e-06
7.12211e-06
 7.0779e-06
7.02146e-06
6.97858e-06
6.92361e-06
6.88202e-06
6.82844e-06
6.78811e-06
6.73584e-06
6.69674e-06
6.64572e-06
6.60782e-06
6.55797e-06
6.52124e-06
6.47251e-06
6.43691e-06
6.38923e-06
6.35475e-06
6.30806e-06
6.27468e-06
6.22892e-06
6.19661e-06
6.15173e-06
6.12048e-06
6.07641e-06
6.04622e-06
 6.0029e-06
5.97376e-06
5.93114e-06
5.90303e-06
5.86104e-06
5.83399e-06
5.79257e-06
5.76656e-06
5.72565e-06
5.70071e-06
5.66023e-06
5.63638e-06
5.59625e-06
5.57353e-06
5.53366e-06
5.51211e-06
 5.4724e-06
5.45209e-06
5.41243e-06
5.39343e-06
5.35368e-06
 5.3361e-06
 5.2961e-06
5.28008e-06
5.23963e-06
5.22535e-06
5.18422e-06
 5.1719e-06
5.12978e-06
5.11975e-06
5.07623e-06
 5.0689e-06
5.02348e-06
5.01942e-06
4.97139e-06
0.000999988
          1
9.85275e-09
9.90166e-09
9.75284e-09
9.70749e-09
9.58218e-09
 9.5209e-09
 9.4076e-09
9.34141e-09
9.23616e-09
9.16862e-09
9.06953e-09
9.00215e-09
8.90812e-09
8.84166e-09
8.75197e-09
8.68683e-09
8.60097e-09
8.53736e-09
8.45495e-09
8.39298e-09
8.31371e-09
8.25343e-09
8.17704e-09
8.11846e-09
8.04475e-09
7.98787e-09
7.91665e-09
7.86144e-09
7.79254e-09
7.73896e-09
7.67224e-09
7.62026e-09
7.55559e-09
7.50517e-09
7.44242e-09
7.39351e-09
7.33259e-09
7.28515e-09
7.22594e-09
7.17993e-09
7.12235e-09
7.07773e-09
7.02169e-09
6.97841e-09
6.92382e-09
6.88185e-09
6.82864e-09
6.78794e-09
6.73603e-09
6.69657e-09
 6.6459e-09
6.60765e-09
6.55815e-09
6.52106e-09
6.47267e-09
6.43673e-09
6.38939e-09
6.35457e-09
6.30821e-09
 6.2745e-09
6.22906e-09
6.19643e-09
6.15186e-09
6.12031e-09
6.07654e-09
6.04604e-09
6.00303e-09
5.97358e-09
5.93125e-09
5.90286e-09
5.86115e-09
5.83382e-09
5.79267e-09
 5.7664e-09
5.72574e-09
5.70055e-09
5.66031e-09
5.63622e-09
5.59633e-09
5.57338e-09
5.53373e-09
5.51197e-09
5.47246e-09
5.45195e-09
5.41247e-09
 5.3933e-09
5.35371e-09
5.33598e-09
5.29612e-09
5.27996e-09
5.23965e-09
5.22524e-09
5.18422e-09
5.17181e-09
5.12976e-09
5.11966e-09
5.07621e-09
5.06883e-09
5.02344e-09
5.01936e-09
4.97134e-09
