4.42483e-08
1.26323e-08
1.21034e-08
6.41886e-09
6.21324e-09
3.99798e-09
3.89493e-09
2.76512e-09
2.70589e-09
 2.0406e-09
 2.0035e-09
1.57453e-09
1.54982e-09
1.25524e-09
  1.238e-09
1.02609e-09
 1.0136e-09
8.55579e-10
8.46279e-10
7.25017e-10
7.17942e-10
6.22684e-10
6.17203e-10
5.40906e-10
5.36585e-10
 4.7448e-10
4.71011e-10
4.19724e-10
4.16908e-10
3.74031e-10
3.71742e-10
3.35513e-10
3.33605e-10
3.02713e-10
3.01121e-10
 2.7454e-10
  2.732e-10
2.50163e-10
2.49028e-10
2.28923e-10
2.27955e-10
  2.103e-10
2.09469e-10
1.93878e-10
1.93161e-10
1.79321e-10
1.78699e-10
1.66355e-10
1.65814e-10
1.54756e-10
1.54283e-10
1.44337e-10
1.43922e-10
1.34942e-10
1.34576e-10
 1.2644e-10
1.26117e-10
1.18722e-10
1.18435e-10
1.11693e-10
1.11438e-10
1.05273e-10
1.05046e-10
9.93944e-11
9.91914e-11
9.39967e-11
9.38148e-11
8.90289e-11
8.88656e-11
8.44464e-11
8.42995e-11
8.02103e-11
8.00778e-11
7.62862e-11
7.61666e-11
7.26443e-11
7.25361e-11
 6.9258e-11
  6.916e-11
6.61039e-11
6.60149e-11
6.31612e-11
6.30802e-11
6.04112e-11
6.03376e-11
5.78376e-11
5.77705e-11
5.54254e-11
5.53642e-11
5.31615e-11
5.31056e-11
5.10339e-11
5.09827e-11
4.90318e-11
 4.8985e-11
4.71455e-11
4.71026e-11
4.53663e-11
 4.5327e-11
4.36862e-11
4.36501e-11
1.13219e-15
1.17976e-08
5.61342e-09
8.20959e-09
5.05061e-09
6.25279e-09
4.29244e-09
5.00731e-09
3.66067e-09
4.14419e-09
3.15827e-09
3.51192e-09
 2.7574e-09
3.02999e-09
2.43338e-09
2.65148e-09
2.16769e-09
2.34708e-09
1.94676e-09
2.09757e-09
1.76084e-09
1.88977e-09
1.60257e-09
1.71438e-09
1.46656e-09
1.56464e-09
1.34864e-09
1.43554e-09
1.24562e-09
1.32323e-09
1.15496e-09
 1.2248e-09
 1.0747e-09
1.13793e-09
1.00322e-09
 1.0608e-09
9.39245e-10
9.91927e-10
8.81702e-10
9.30122e-10
8.29727e-10
8.74404e-10
7.82589e-10
8.23963e-10
7.39683e-10
7.78123e-10
7.00493e-10
7.36315e-10
6.64586e-10
6.98059e-10
6.31589e-10
6.62946e-10
6.01181e-10
6.30626e-10
5.73089e-10
6.00798e-10
5.47073e-10
5.73201e-10
5.22925e-10
5.47608e-10
5.00463e-10
5.23822e-10
4.79526e-10
 5.0167e-10
4.59975e-10
4.80999e-10
4.41685e-10
4.61674e-10
4.24546e-10
4.43577e-10
4.08458e-10
4.26601e-10
3.93334e-10
4.10652e-10
3.79097e-10
3.95646e-10
3.65674e-10
3.81506e-10
3.53003e-10
3.68165e-10
3.41026e-10
3.55561e-10
3.29692e-10
3.43639e-10
3.18953e-10
3.32348e-10
3.08768e-10
3.21643e-10
2.99096e-10
3.11484e-10
2.89904e-10
3.01831e-10
2.81158e-10
 2.9265e-10
2.72829e-10
2.83911e-10
2.64891e-10
2.75583e-10
2.57317e-10
2.67642e-10
2.50085e-10
2.60061e-10
 0.00099999
0.000333323
0.000333323
 0.00019999
 0.00019999
0.000142847
0.000142847
0.000111101
0.000111101
9.08991e-05
9.08991e-05
7.69131e-05
7.69131e-05
6.66567e-05
6.66567e-05
5.88135e-05
5.88135e-05
5.26216e-05
5.26216e-05
 4.7609e-05
 4.7609e-05
4.34683e-05
4.34683e-05
  3.999e-05
  3.999e-05
 3.7027e-05
 3.7027e-05
3.44728e-05
3.44728e-05
3.22481e-05
3.22481e-05
 3.0293e-05
 3.0293e-05
2.85614e-05
2.85614e-05
 2.7017e-05
 2.7017e-05
 2.5631e-05
 2.5631e-05
2.43802e-05
2.43802e-05
2.32458e-05
2.32458e-05
2.22122e-05
2.22122e-05
2.12666e-05
2.12666e-05
2.03982e-05
2.03982e-05
1.95978e-05
1.95978e-05
1.88579e-05
1.88579e-05
1.81718e-05
1.81718e-05
1.75339e-05
1.75339e-05
1.69392e-05
1.69392e-05
1.63834e-05
1.63834e-05
 1.5863e-05
 1.5863e-05
1.53746e-05
1.53746e-05
1.49154e-05
1.49154e-05
1.44828e-05
1.44828e-05
1.40745e-05
1.40745e-05
1.36886e-05
1.36886e-05
1.33233e-05
1.33233e-05
 1.2977e-05
 1.2977e-05
1.26482e-05
1.26482e-05
1.23357e-05
1.23357e-05
1.20382e-05
1.20382e-05
1.17547e-05
1.17547e-05
1.14843e-05
1.14843e-05
 1.1226e-05
 1.1226e-05
 1.0979e-05
 1.0979e-05
1.07427e-05
1.07427e-05
1.05163e-05
1.05163e-05
1.02993e-05
1.02993e-05
 1.0091e-05
 1.0091e-05
9.89099e-06
9.89099e-06
 0.00099999
          1
1.00587e-06
 3.3542e-07
3.34818e-07
2.00941e-07
2.00695e-07
1.43387e-07
1.43254e-07
1.11446e-07
1.11363e-07
9.11362e-08
  9.108e-08
7.70848e-08
7.70441e-08
6.67858e-08
6.67549e-08
5.89136e-08
5.88893e-08
5.27009e-08
5.26814e-08
4.76732e-08
4.76571e-08
4.35209e-08
4.35074e-08
4.00338e-08
4.00223e-08
3.70639e-08
3.70541e-08
3.45042e-08
3.44955e-08
 3.2275e-08
3.22674e-08
3.03163e-08
3.03096e-08
2.85817e-08
2.85757e-08
2.70348e-08
2.70294e-08
2.56467e-08
2.56418e-08
2.43941e-08
2.43897e-08
2.32582e-08
2.32542e-08
2.22233e-08
2.22196e-08
2.12765e-08
2.12731e-08
2.04071e-08
 2.0404e-08
1.96059e-08
 1.9603e-08
1.88652e-08
1.88625e-08
1.81785e-08
 1.8176e-08
1.75399e-08
1.75376e-08
1.69447e-08
1.69425e-08
1.63885e-08
1.63864e-08
1.58677e-08
1.58657e-08
1.53789e-08
1.53771e-08
1.49193e-08
1.49176e-08
1.44864e-08
1.44848e-08
1.40779e-08
1.40763e-08
1.36917e-08
1.36903e-08
1.33262e-08
1.33248e-08
1.29797e-08
1.29784e-08
1.26507e-08
1.26495e-08
 1.2338e-08
1.23368e-08
1.20403e-08
1.20392e-08
1.17567e-08
1.17556e-08
1.14861e-08
1.14851e-08
1.12277e-08
1.12267e-08
1.09806e-08
1.09797e-08
1.07442e-08
1.07433e-08
1.05178e-08
1.05169e-08
1.03006e-08
1.02998e-08
1.00923e-08
1.00915e-08
9.89217e-09
9.89139e-09
