4.92759e-09
1.61118e-09
1.59669e-09
9.40438e-10
9.32414e-10
 6.5424e-10
6.48928e-10
 4.9611e-10
4.92266e-10
3.96116e-10
3.93179e-10
3.55371e-17
1.87351e-10
1.19117e-10
1.75764e-10
1.34472e-10
1.65615e-10
1.36073e-10
1.56623e-10
1.33716e-10
1.48582e-10
1.29958e-10
1.41336e-10
 0.00099999
0.000333323
0.000333323
 0.00019999
 0.00019999
0.000142847
0.000142847
0.000111101
0.000111101
9.08991e-05
9.08991e-05
 0.00099999
          1
1.00006e-06
 3.3336e-07
3.33353e-07
2.00011e-07
2.00008e-07
1.42862e-07
 1.4286e-07
1.11112e-07
1.11111e-07
9.09075e-08
9.09066e-08
