5.29871e-07
6.07857e-08
8.97404e-08
2.43532e-08
 3.4285e-08
1.28673e-08
1.74793e-08
7.87221e-09
1.03975e-08
5.28137e-09
6.78643e-09
 2.1168e-08
4.24473e-07
6.60704e-08
1.96097e-07
4.69148e-08
1.15172e-07
3.39973e-08
 7.6575e-08
2.57243e-08
5.49541e-08
2.03696e-08
4.13343e-08
 0.00096668
0.000333102
 0.00032666
0.000199895
0.000197134
0.000142794
 0.00014126
0.000111068
0.000110091
9.08771e-05
9.00803e-05
0.000999988
          1
1.17834e-06
 3.5548e-07
 3.5231e-07
2.07661e-07
2.03843e-07
1.46399e-07
 1.4338e-07
1.13023e-07
1.10697e-07
9.20659e-08
9.00955e-08
