5.29871e-07
6.07845e-08
 8.9742e-08
2.43539e-08
3.42847e-08
1.28674e-08
1.74785e-08
7.87176e-09
1.03968e-08
5.27803e-09
6.81402e-09
3.76874e-09
4.77403e-09
2.81722e-09
3.51172e-09
2.18091e-09
  2.681e-09
1.73554e-09
2.10779e-09
1.41218e-09
 1.6968e-09
1.17027e-09
1.39285e-09
9.84788e-10
1.16223e-09
8.39619e-10
9.83376e-10
7.23959e-10
8.42059e-10
6.30368e-10
7.28589e-10
5.53612e-10
 6.3619e-10
4.89908e-10
5.60004e-10
4.36476e-10
4.96492e-10
3.91241e-10
4.43023e-10
3.52614e-10
3.97607e-10
 3.1938e-10
3.58722e-10
2.90585e-10
3.25187e-10
2.65477e-10
2.96072e-10
2.43457e-10
2.70642e-10
2.24041e-10
2.48305e-10
2.06837e-10
2.28586e-10
1.91524e-10
2.11093e-10
1.77835e-10
1.95507e-10
1.65551e-10
1.81563e-10
1.54485e-10
1.69041e-10
1.44485e-10
1.57754e-10
1.35416e-10
1.47548e-10
1.27169e-10
1.38289e-10
1.19647e-10
1.29865e-10
1.12768e-10
1.22179e-10
1.06461e-10
1.15149e-10
1.00665e-10
1.08701e-10
9.53265e-11
1.02775e-10
9.03984e-11
9.73147e-11
8.58402e-11
9.22743e-11
8.16158e-11
8.76115e-11
7.76937e-11
  8.329e-11
7.40458e-11
7.92774e-11
7.06472e-11
7.55452e-11
6.74759e-11
7.20681e-11
 6.4512e-11
6.88234e-11
 6.1738e-11
 6.5791e-11
5.91381e-11
6.29529e-11
 5.6698e-11
 6.0293e-11
 5.4405e-11
5.77916e-11
2.11676e-08
4.24473e-07
6.60703e-08
1.96097e-07
4.69148e-08
1.15173e-07
3.39979e-08
7.65747e-08
2.57241e-08
5.49552e-08
2.01853e-08
4.15448e-08
 1.6303e-08
3.26146e-08
1.34735e-08
2.63485e-08
1.13443e-08
2.17715e-08
9.69961e-09
1.83197e-08
8.40065e-09
1.56481e-08
 7.3553e-09
1.35352e-08
6.50057e-09
1.18335e-08
5.79201e-09
1.04416e-08
5.19751e-09
9.28772e-09
4.69342e-09
8.31977e-09
4.26196e-09
7.49938e-09
3.88957e-09
6.79764e-09
3.56574e-09
6.19243e-09
3.28223e-09
5.66661e-09
3.03248e-09
5.20669e-09
2.81125e-09
4.80198e-09
2.61426e-09
4.44385e-09
2.43804e-09
4.12534e-09
2.27971e-09
3.84074e-09
2.13688e-09
3.58534e-09
2.00756e-09
3.35522e-09
1.89006e-09
3.14712e-09
1.78296e-09
2.95827e-09
1.68504e-09
2.78634e-09
1.59527e-09
2.62935e-09
1.51274e-09
2.48559e-09
1.43669e-09
2.35359e-09
1.36643e-09
 2.2321e-09
 1.3014e-09
   2.12e-09
1.24106e-09
2.01635e-09
1.18497e-09
1.92031e-09
1.13274e-09
1.83113e-09
1.08401e-09
1.74818e-09
1.03847e-09
1.67087e-09
9.95841e-10
1.59871e-09
9.55877e-10
1.53124e-09
9.18356e-10
1.46805e-09
8.83079e-10
1.40879e-09
8.49867e-10
1.35313e-09
 8.1856e-10
1.30079e-09
7.89011e-10
 1.2515e-09
 7.6109e-10
1.20502e-09
7.34676e-10
1.16115e-09
7.09661e-10
1.11969e-09
6.86317e-10
1.08008e-09
 0.00096668
0.000333102
 0.00032666
0.000199895
0.000197134
0.000142794
 0.00014126
0.000111068
0.000110091
9.08759e-05
   9.02e-05
7.68961e-05
7.64004e-05
6.66437e-05
6.62646e-05
5.88033e-05
 5.8504e-05
5.26133e-05
 5.2371e-05
4.76022e-05
4.74021e-05
4.34625e-05
4.32944e-05
3.99851e-05
3.98419e-05
3.70228e-05
3.68994e-05
3.44691e-05
3.43616e-05
3.22448e-05
3.21504e-05
3.02902e-05
3.02065e-05
2.85589e-05
2.84842e-05
2.70147e-05
2.69478e-05
 2.5629e-05
2.55685e-05
2.43784e-05
2.43236e-05
2.32441e-05
2.31942e-05
2.22107e-05
 2.2165e-05
2.12652e-05
2.12232e-05
2.03969e-05
2.03582e-05
1.95966e-05
1.95609e-05
1.88568e-05
1.88236e-05
1.81708e-05
1.81399e-05
1.75329e-05
1.75041e-05
1.69382e-05
1.69114e-05
1.63826e-05
1.63574e-05
1.58622e-05
1.58386e-05
1.53739e-05
1.53517e-05
1.49147e-05
1.48938e-05
1.44821e-05
1.44624e-05
1.40739e-05
1.40552e-05
 1.3688e-05
1.36704e-05
1.33228e-05
 1.3306e-05
1.29765e-05
1.29606e-05
1.26477e-05
1.26326e-05
1.23352e-05
1.23208e-05
1.20377e-05
 1.2024e-05
1.17543e-05
1.17412e-05
1.14838e-05
1.14714e-05
1.12256e-05
1.12136e-05
1.09786e-05
1.09672e-05
1.07423e-05
1.07314e-05
 1.0516e-05
1.05055e-05
1.02989e-05
1.02889e-05
1.00907e-05
 1.0081e-05
9.89068e-06
9.88122e-06
0.000999988
          1
1.17834e-06
 3.5548e-07
3.52309e-07
 2.0766e-07
2.03842e-07
  1.464e-07
 1.4338e-07
1.13023e-07
1.10697e-07
9.20466e-08
9.02265e-08
7.76459e-08
7.61916e-08
6.71482e-08
6.59628e-08
5.91555e-08
5.81722e-08
5.28664e-08
5.20384e-08
4.77884e-08
4.70819e-08
4.36019e-08
4.29922e-08
 4.0091e-08
3.95596e-08
3.71042e-08
3.66371e-08
3.45321e-08
3.41183e-08
 3.2294e-08
3.19249e-08
3.03287e-08
2.99975e-08
2.85892e-08
2.82902e-08
2.70385e-08
2.67674e-08
2.56476e-08
2.54006e-08
2.43929e-08
2.41669e-08
2.32553e-08
2.30478e-08
2.22192e-08
 2.2028e-08
2.12715e-08
2.10948e-08
2.04014e-08
2.02375e-08
1.95997e-08
1.94474e-08
1.88587e-08
1.87167e-08
1.81717e-08
 1.8039e-08
 1.7533e-08
1.74087e-08
1.69377e-08
1.68211e-08
1.63815e-08
1.62718e-08
1.58606e-08
1.57574e-08
1.53719e-08
1.52745e-08
1.49124e-08
1.48203e-08
1.44795e-08
1.43924e-08
1.40711e-08
1.39885e-08
1.36851e-08
1.36067e-08
1.33197e-08
1.32451e-08
1.29733e-08
1.29023e-08
1.26445e-08
1.25768e-08
1.23319e-08
1.22674e-08
1.20344e-08
1.19728e-08
1.17509e-08
 1.1692e-08
1.14804e-08
1.14241e-08
1.12221e-08
1.11682e-08
1.09752e-08
1.09235e-08
1.07389e-08
1.06893e-08
1.05126e-08
1.04649e-08
1.02956e-08
1.02497e-08
1.00873e-08
1.00432e-08
9.88736e-09
9.84478e-09
