5.24043e-07
6.05495e-08
 8.8905e-08
2.42712e-08
3.40064e-08
1.28299e-08
1.73523e-08
7.85171e-09
1.03287e-08
5.26572e-09
6.77343e-09
3.76065e-09
4.74739e-09
2.81185e-09
3.49358e-09
2.17718e-09
2.66815e-09
1.73271e-09
2.09823e-09
1.40994e-09
1.68952e-09
1.16849e-09
1.38721e-09
9.83392e-10
1.15774e-09
 8.3849e-10
9.79753e-10
7.23034e-10
8.39094e-10
6.29593e-10
7.26134e-10
5.52963e-10
6.34128e-10
4.89359e-10
5.58262e-10
4.36008e-10
4.95003e-10
3.90837e-10
4.41742e-10
3.52263e-10
3.96497e-10
3.19075e-10
3.57754e-10
2.90316e-10
3.24336e-10
2.65239e-10
2.95321e-10
2.43246e-10
2.69976e-10
2.23853e-10
2.47712e-10
2.06669e-10
2.28055e-10
1.91373e-10
2.10616e-10
1.77699e-10
1.95077e-10
1.65427e-10
1.81174e-10
1.54373e-10
1.68688e-10
1.44382e-10
1.57433e-10
1.35323e-10
1.47255e-10
1.27084e-10
1.38021e-10
1.19569e-10
1.29619e-10
1.12696e-10
1.21953e-10
1.06395e-10
1.14939e-10
1.00604e-10
1.08508e-10
9.52694e-11
1.02596e-10
9.03454e-11
9.71487e-11
8.57909e-11
9.21199e-11
  8.157e-11
8.74678e-11
7.76509e-11
 8.3156e-11
7.40058e-11
7.91522e-11
7.06098e-11
7.54281e-11
6.74408e-11
7.19583e-11
6.44791e-11
6.87204e-11
6.17071e-11
6.56943e-11
 5.9109e-11
 6.2862e-11
5.66705e-11
6.02074e-11
5.43792e-11
5.77109e-11
2.09008e-08
4.19055e-07
6.56927e-08
1.93761e-07
4.66728e-08
1.13869e-07
3.38329e-08
7.57427e-08
2.56059e-08
5.43777e-08
2.00966e-08
4.11205e-08
1.62338e-08
3.22896e-08
1.34186e-08
2.60919e-08
1.12997e-08
2.15635e-08
9.66244e-09
1.81477e-08
8.36915e-09
1.55035e-08
7.32828e-09
1.34119e-08
6.47714e-09
1.17272e-08
5.77151e-09
 1.0349e-08
5.17941e-09
9.20623e-09
4.67732e-09
8.24756e-09
4.24755e-09
7.43495e-09
 3.8766e-09
6.73979e-09
  3.554e-09
6.14021e-09
3.27155e-09
5.61923e-09
3.02273e-09
5.16351e-09
 2.8023e-09
4.76245e-09
2.60603e-09
4.40754e-09
2.43044e-09
4.09187e-09
2.27267e-09
3.80979e-09
2.13035e-09
3.55663e-09
2.00147e-09
3.32852e-09
1.88438e-09
3.12222e-09
1.77764e-09
  2.935e-09
1.68006e-09
2.76455e-09
1.59058e-09
2.60889e-09
1.50833e-09
2.46635e-09
1.43253e-09
2.33546e-09
1.36251e-09
2.21499e-09
1.29768e-09
2.10383e-09
1.23754e-09
2.00104e-09
1.18163e-09
1.90579e-09
1.12957e-09
1.81734e-09
1.08099e-09
1.73507e-09
1.03559e-09
 1.6584e-09
9.93097e-10
1.58682e-09
9.53257e-10
1.51989e-09
9.15852e-10
1.45721e-09
8.80683e-10
1.39842e-09
8.47573e-10
1.34321e-09
8.16361e-10
1.29129e-09
7.86902e-10
1.24239e-09
7.59064e-10
1.19628e-09
 7.3273e-10
1.15275e-09
 7.0779e-10
1.11162e-09
 6.8451e-10
1.07232e-09
 0.00096668
0.000333102
 0.00032666
0.000199895
0.000197134
0.000142794
 0.00014126
0.000111068
0.000110091
9.08759e-05
   9.02e-05
7.68961e-05
7.64004e-05
6.66437e-05
6.62647e-05
5.88033e-05
 5.8504e-05
5.26133e-05
 5.2371e-05
4.76022e-05
4.74021e-05
4.34625e-05
4.32944e-05
3.99851e-05
3.98419e-05
3.70228e-05
3.68994e-05
3.44691e-05
3.43616e-05
3.22448e-05
3.21504e-05
3.02902e-05
3.02065e-05
2.85589e-05
2.84842e-05
2.70147e-05
2.69478e-05
 2.5629e-05
2.55685e-05
2.43784e-05
2.43236e-05
2.32441e-05
2.31942e-05
2.22107e-05
 2.2165e-05
2.12652e-05
2.12232e-05
2.03969e-05
2.03582e-05
1.95966e-05
1.95609e-05
1.88568e-05
1.88236e-05
1.81708e-05
1.81399e-05
1.75329e-05
1.75041e-05
1.69382e-05
1.69114e-05
1.63826e-05
1.63574e-05
1.58622e-05
1.58386e-05
1.53739e-05
1.53517e-05
1.49147e-05
1.48938e-05
1.44821e-05
1.44624e-05
1.40739e-05
1.40552e-05
 1.3688e-05
1.36704e-05
1.33228e-05
 1.3306e-05
1.29765e-05
1.29606e-05
1.26477e-05
1.26326e-05
1.23352e-05
1.23208e-05
1.20377e-05
 1.2024e-05
1.17543e-05
1.17412e-05
1.14838e-05
1.14714e-05
1.12256e-05
1.12136e-05
1.09786e-05
1.09672e-05
1.07423e-05
1.07314e-05
 1.0516e-05
1.05055e-05
1.02989e-05
1.02889e-05
1.00907e-05
 1.0081e-05
9.89068e-06
9.88122e-06
0.000999988
          1
1.17563e-06
3.55374e-07
3.52027e-07
2.07626e-07
2.03785e-07
1.46386e-07
 1.4337e-07
1.13017e-07
  1.107e-07
9.20432e-08
9.02339e-08
7.76441e-08
7.61998e-08
6.71475e-08
6.59707e-08
 5.9155e-08
5.81797e-08
5.28661e-08
5.20452e-08
4.77882e-08
4.70879e-08
4.36018e-08
4.29977e-08
 4.0091e-08
3.95646e-08
3.71042e-08
3.66415e-08
3.45322e-08
3.41224e-08
3.22941e-08
3.19286e-08
3.03288e-08
3.00008e-08
2.85893e-08
2.82933e-08
2.70386e-08
2.67702e-08
2.56477e-08
2.54032e-08
 2.4393e-08
2.41693e-08
2.32554e-08
  2.305e-08
2.22193e-08
2.20301e-08
2.12716e-08
2.10967e-08
2.04015e-08
2.02393e-08
1.95998e-08
 1.9449e-08
1.88588e-08
1.87183e-08
1.81718e-08
1.80405e-08
1.75331e-08
1.74101e-08
1.69377e-08
1.68224e-08
1.63815e-08
1.62731e-08
1.58607e-08
1.57585e-08
 1.5372e-08
1.52755e-08
1.49124e-08
1.48213e-08
1.44796e-08
1.43934e-08
1.40712e-08
1.39894e-08
1.36852e-08
1.36076e-08
1.33198e-08
 1.3246e-08
1.29734e-08
1.29031e-08
1.26445e-08
1.25776e-08
1.23319e-08
1.22681e-08
1.20344e-08
1.19735e-08
1.17509e-08
1.16927e-08
1.14805e-08
1.14247e-08
1.12222e-08
1.11688e-08
1.09752e-08
1.09241e-08
1.07389e-08
1.06898e-08
1.05126e-08
1.04654e-08
1.02956e-08
1.02503e-08
1.00874e-08
1.00438e-08
9.88739e-09
9.84527e-09
