4.72177e-07
5.83007e-08
8.14327e-08
2.35065e-08
3.15017e-08
1.24761e-08
1.62098e-08
7.65893e-09
 9.7122e-09
5.15167e-09
6.37747e-09
1.84956e-08
3.70973e-07
6.21837e-08
1.72978e-07
4.44108e-08
1.02256e-07
3.22983e-08
6.83216e-08
2.45031e-08
4.92223e-08
1.94227e-08
3.71492e-08
 0.00096668
0.000333102
 0.00032666
0.000199895
0.000197134
0.000142794
 0.00014126
0.000111068
0.000110091
9.08771e-05
9.00803e-05
0.000999988
          1
1.15163e-06
3.54317e-07
3.49531e-07
2.07303e-07
2.03268e-07
1.46251e-07
1.43281e-07
1.12952e-07
1.10731e-07
9.20253e-08
9.01704e-08
