2.39629e-09
4.30805e-10
4.69387e-10
1.82169e-10
1.97071e-10
9.99625e-11
 1.0748e-10
6.29114e-11
 6.7291e-11
4.31336e-11
4.57869e-11
7.97497e-11
1.60247e-09
4.02146e-10
8.04774e-10
2.98769e-10
5.00239e-10
2.23014e-10
3.46858e-10
1.72523e-10
2.57233e-10
1.38306e-10
1.98992e-10
 9.6668e-05
3.33102e-05
 3.2666e-05
1.99895e-05
1.97134e-05
1.42794e-05
 1.4126e-05
1.11068e-05
1.10091e-05
9.08771e-06
9.00803e-06
 9.9999e-05
          1
1.04648e-08
3.47244e-09
3.38174e-09
2.05061e-09
2.00775e-09
1.45294e-09
1.42754e-09
1.12474e-09
1.10781e-09
9.17522e-10
9.04087e-10
