2.39629e-09
4.30865e-10
4.69385e-10
1.82103e-10
1.97077e-10
9.98022e-11
1.07486e-10
6.29821e-11
6.72883e-11
4.31352e-11
4.59205e-11
3.13514e-11
3.32482e-11
2.37826e-11
2.51371e-11
1.86392e-11
 1.9643e-11
1.49896e-11
1.57549e-11
1.23085e-11
1.28932e-11
7.97578e-11
1.60248e-09
4.02068e-10
8.04772e-10
2.98999e-10
5.00237e-10
2.22718e-10
3.46869e-10
1.72507e-10
2.57239e-10
1.37756e-10
 1.9972e-10
1.12884e-10
1.60318e-10
9.44378e-11
1.31999e-10
8.03539e-11
1.10879e-10
 6.9335e-11
9.46591e-11
6.06354e-11
8.17723e-11
 9.6668e-05
3.33102e-05
 3.2666e-05
1.99895e-05
1.97134e-05
1.42794e-05
 1.4126e-05
1.11068e-05
1.10091e-05
9.08759e-06
   9.02e-06
7.68961e-06
7.64004e-06
6.66437e-06
6.62647e-06
5.88033e-06
 5.8504e-06
5.26133e-06
 5.2371e-06
4.76023e-06
4.73835e-06
 9.9999e-05
          1
1.04648e-08
3.47209e-09
3.38172e-09
2.05135e-09
2.00774e-09
1.45248e-09
1.42756e-09
1.12479e-09
1.10781e-09
9.17453e-10
9.05319e-10
7.74706e-10
7.65557e-10
 6.7042e-10
6.63265e-10
5.90898e-10
5.85144e-10
5.28254e-10
5.23524e-10
4.77636e-10
4.73486e-10
