 4.2722e-10
1.25672e-10
1.18397e-10
6.46402e-11
6.03448e-11
 4.0687e-11
3.77848e-11
2.78279e-11
2.66226e-11
2.07541e-11
1.96304e-11
1.58218e-11
1.49882e-11
1.24749e-11
1.19845e-11
 1.0272e-11
9.70314e-12
8.44054e-12
8.19217e-12
7.15674e-12
6.99496e-12
6.16162e-12
6.04118e-12
5.36967e-12
5.26772e-12
4.70543e-12
4.63817e-12
4.17209e-12
 4.1103e-12
3.72889e-12
3.67303e-12
3.33792e-12
3.29935e-12
3.02025e-12
2.97893e-12
2.73835e-12
2.71131e-12
2.49203e-12
2.46423e-12
2.28776e-12
2.26572e-12
2.09683e-12
2.07721e-12
1.93636e-12
1.91926e-12
1.79015e-12
1.77533e-12
1.66142e-12
1.64813e-12
1.54567e-12
1.53398e-12
1.44175e-12
1.43136e-12
1.34798e-12
 1.3388e-12
1.26321e-12
 1.2549e-12
1.18623e-12
1.17874e-12
1.11606e-12
1.10934e-12
1.05194e-12
1.04586e-12
9.93309e-13
9.87769e-13
9.39351e-13
9.34349e-13
8.89807e-13
8.85192e-13
8.43985e-13
8.39816e-13
8.01708e-13
7.97865e-13
7.62509e-13
7.58968e-13
7.26117e-13
7.22888e-13
6.92301e-13
6.89296e-13
6.60783e-13
6.58023e-13
6.31383e-13
6.28823e-13
6.03907e-13
6.01534e-13
5.78191e-13
5.75987e-13
5.54087e-13
5.52038e-13
5.31464e-13
5.29555e-13
5.10201e-13
5.08421e-13
4.90193e-13
 4.8853e-13
4.71342e-13
4.69786e-13
 4.5356e-13
4.52103e-13
4.36768e-13
4.35388e-13
4.93548e-12
1.15229e-10
5.93013e-11
 8.0164e-11
5.17304e-11
6.12144e-11
4.35721e-11
 4.8608e-11
3.75922e-11
4.04907e-11
3.21814e-11
3.43899e-11
 2.8469e-11
2.96724e-11
2.51754e-11
2.60837e-11
2.24125e-11
2.29002e-11
1.99102e-11
2.04573e-11
1.79737e-11
1.84319e-11
 1.6287e-11
1.67313e-11
1.48616e-11
1.52836e-11
1.36537e-11
1.40321e-11
 1.2594e-11
1.29455e-11
1.16595e-11
1.19944e-11
1.08451e-11
1.11489e-11
1.01175e-11
1.04013e-11
9.46658e-12
9.73635e-12
8.88041e-12
9.12796e-12
8.35752e-12
8.59339e-12
7.87657e-12
8.09713e-12
7.44474e-12
7.65261e-12
7.04761e-12
7.24406e-12
6.68517e-12
6.87079e-12
6.35186e-12
6.52774e-12
6.04498e-12
6.21182e-12
5.76165e-12
5.92007e-12
5.49916e-12
5.64999e-12
5.25583e-12
5.39937e-12
5.02942e-12
5.16636e-12
4.81845e-12
4.94921e-12
4.62157e-12
4.74654e-12
4.43734e-12
4.55693e-12
4.26478e-12
4.37933e-12
4.10283e-12
4.21266e-12
3.95061e-12
4.05601e-12
3.80734e-12
3.90857e-12
3.67227e-12
 3.7696e-12
 3.5448e-12
3.63843e-12
3.42432e-12
3.51448e-12
3.31032e-12
 3.3972e-12
3.20233e-12
3.28611e-12
 3.0999e-12
3.18075e-12
3.00266e-12
3.08072e-12
2.91024e-12
2.98567e-12
2.82232e-12
2.89525e-12
 2.7386e-12
2.80915e-12
2.65881e-12
2.72709e-12
2.58269e-12
2.64882e-12
2.51007e-12
2.57397e-12
 9.6668e-05
3.33102e-05
 3.2666e-05
1.99895e-05
1.97134e-05
1.42794e-05
 1.4126e-05
1.11068e-05
1.10091e-05
9.08759e-06
   9.02e-06
7.68961e-06
7.64004e-06
6.66437e-06
6.62646e-06
5.88033e-06
 5.8504e-06
5.26133e-06
 5.2371e-06
4.76022e-06
4.74021e-06
4.34625e-06
4.32944e-06
3.99851e-06
3.98419e-06
3.70228e-06
3.68994e-06
3.44691e-06
3.43616e-06
3.22448e-06
3.21504e-06
3.02902e-06
3.02065e-06
2.85589e-06
2.84842e-06
2.70147e-06
2.69478e-06
 2.5629e-06
2.55685e-06
2.43784e-06
2.43236e-06
2.32441e-06
2.31942e-06
2.22107e-06
 2.2165e-06
2.12652e-06
2.12232e-06
2.03969e-06
2.03582e-06
1.95966e-06
1.95609e-06
1.88568e-06
1.88236e-06
1.81708e-06
1.81399e-06
1.75329e-06
1.75041e-06
1.69382e-06
1.69114e-06
1.63826e-06
1.63574e-06
1.58622e-06
1.58386e-06
1.53739e-06
1.53517e-06
1.49147e-06
1.48938e-06
1.44821e-06
1.44624e-06
1.40739e-06
1.40552e-06
 1.3688e-06
1.36704e-06
1.33228e-06
 1.3306e-06
1.29765e-06
1.29606e-06
1.26477e-06
1.26326e-06
1.23352e-06
1.23208e-06
1.20377e-06
 1.2024e-06
1.17543e-06
1.17412e-06
1.14838e-06
1.14713e-06
1.12256e-06
1.12136e-06
1.09786e-06
1.09672e-06
1.07423e-06
1.07314e-06
 1.0516e-06
1.05055e-06
1.02989e-06
1.02889e-06
1.00907e-06
 1.0081e-06
9.89068e-07
9.88122e-07
 9.9999e-05
          1
9.72348e-09
3.35409e-09
3.28113e-09
2.00611e-09
1.97746e-09
1.43239e-09
 1.4174e-09
1.11423e-09
1.10378e-09
9.11169e-10
9.04059e-10
7.70867e-10
7.65463e-10
6.67933e-10
6.63612e-10
5.89149e-10
5.85675e-10
5.27041e-10
5.24218e-10
4.76775e-10
 4.7443e-10
4.35208e-10
4.33271e-10
4.00342e-10
3.98701e-10
3.70654e-10
3.69212e-10
3.45047e-10
3.43811e-10
3.22753e-10
3.21671e-10
3.03159e-10
3.02194e-10
2.85825e-10
2.84969e-10
 2.7035e-10
2.69581e-10
2.56463e-10
2.55769e-10
2.43947e-10
2.43319e-10
2.32579e-10
2.32006e-10
2.22235e-10
2.21711e-10
2.12765e-10
2.12284e-10
2.04071e-10
2.03628e-10
1.96059e-10
 1.9565e-10
1.88652e-10
1.88273e-10
1.81785e-10
1.81432e-10
1.75399e-10
 1.7507e-10
1.69447e-10
 1.6914e-10
1.63885e-10
1.63597e-10
1.58676e-10
1.58407e-10
1.53789e-10
1.53535e-10
1.49193e-10
1.48954e-10
1.44864e-10
1.44638e-10
1.40778e-10
1.40565e-10
1.36917e-10
1.36715e-10
1.33262e-10
1.33071e-10
1.29797e-10
1.29615e-10
1.26507e-10
1.26334e-10
 1.2338e-10
1.23216e-10
1.20403e-10
1.20247e-10
1.17567e-10
1.17418e-10
1.14861e-10
1.14719e-10
1.12277e-10
1.12141e-10
1.09806e-10
1.09676e-10
1.07442e-10
1.07317e-10
1.05177e-10
1.05058e-10
1.03006e-10
1.02891e-10
1.00923e-10
1.00812e-10
9.89216e-11
9.88138e-11
