3.12624e-09
6.18706e-10
5.93761e-10
2.48515e-10
2.43246e-10
1.31411e-10
1.30076e-10
8.04037e-11
8.01072e-11
5.40824e-11
5.26451e-11
 1.2196e-09
2.59236e-09
9.25148e-10
1.27348e-09
6.01553e-10
7.77848e-10
4.21458e-10
5.31669e-10
3.13078e-10
3.89124e-10
2.47367e-10
2.91146e-10
6.86964e-05
3.13029e-05
2.69578e-05
1.91239e-05
1.72397e-05
1.37967e-05
 1.2742e-05
1.07988e-05
1.01233e-05
8.88118e-06
8.33247e-06
9.99978e-05
          1
8.02985e-09
3.32818e-09
2.85331e-09
 1.9767e-09
1.76971e-09
1.40734e-09
1.29075e-09
1.09365e-09
1.01844e-09
8.95994e-10
8.34822e-10
