3.09566e-09
6.15314e-10
5.89119e-10
2.47358e-10
2.41638e-10
1.30877e-10
1.29326e-10
 8.0112e-11
7.96959e-11
5.39036e-11
5.24059e-11
1.20544e-09
2.56284e-09
  9.174e-10
 1.2603e-09
   5.97e-10
7.70332e-10
4.18476e-10
5.26797e-10
3.10975e-10
3.85712e-10
2.45726e-10
2.88715e-10
6.86964e-05
3.13029e-05
2.69578e-05
1.91239e-05
1.72397e-05
1.37967e-05
 1.2742e-05
1.07988e-05
1.01233e-05
8.88118e-06
8.33247e-06
9.99978e-05
          1
8.01651e-09
3.32693e-09
2.85188e-09
1.97639e-09
1.76942e-09
1.40724e-09
 1.2907e-09
1.09362e-09
1.01847e-09
8.95986e-10
8.34872e-10
