3.09556e-09
6.15189e-10
5.89203e-10
 2.4717e-10
2.41731e-10
1.30661e-10
1.29403e-10
 8.0094e-11
7.97058e-11
5.39221e-11
5.36103e-11
3.84755e-11
3.84034e-11
 2.8731e-11
2.87692e-11
2.22211e-11
 2.2301e-11
1.76678e-11
1.77596e-11
1.43739e-11
1.43402e-11
1.20539e-09
2.56266e-09
9.17564e-10
 1.2603e-09
5.96665e-10
 7.7048e-10
4.18191e-10
5.26925e-10
3.10631e-10
3.86267e-10
2.41103e-10
 2.9682e-10
1.93149e-10
2.36166e-10
1.58616e-10
1.92944e-10
1.32866e-10
1.60956e-10
1.13117e-10
1.36514e-10
9.85021e-11
1.16079e-10
6.86964e-05
3.13029e-05
2.69578e-05
1.91239e-05
1.72397e-05
1.37967e-05
1.27421e-05
1.07987e-05
1.01241e-05
8.87392e-06
8.40513e-06
7.53268e-06
7.18791e-06
6.54423e-06
6.27998e-06
5.78539e-06
5.57639e-06
5.18442e-06
5.01494e-06
4.69724e-06
4.54453e-06
9.99978e-05
          1
8.01613e-09
3.32758e-09
2.85184e-09
1.97608e-09
1.76959e-09
1.40686e-09
1.29087e-09
1.09339e-09
1.01869e-09
8.94817e-10
8.42431e-10
7.57493e-10
7.18768e-10
6.56869e-10
6.27066e-10
5.79945e-10
 5.5629e-10
5.19215e-10
4.99969e-10
4.70141e-10
4.52912e-10
