1.52121e-09
4.04237e-10
3.39905e-10
1.73748e-10
 1.5295e-10
9.63245e-11
8.71189e-11
6.10203e-11
5.62138e-11
4.20287e-11
3.92218e-11
3.06594e-11
2.88866e-11
2.33239e-11
2.21381e-11
1.83217e-11
1.74921e-11
1.47612e-11
1.41595e-11
1.21433e-11
1.16199e-11
4.93094e-10
1.06998e-09
4.79931e-10
5.78726e-10
 3.3304e-10
 3.7587e-10
2.43099e-10
2.68412e-10
1.86011e-10
2.03378e-10
1.47591e-10
1.60517e-10
1.20422e-10
1.30542e-10
1.00435e-10
1.08636e-10
8.52579e-11
9.20718e-11
7.34317e-11
7.91912e-11
 6.4243e-11
6.84273e-11
6.86964e-05
3.13029e-05
2.69578e-05
1.91239e-05
1.72397e-05
1.37967e-05
1.27421e-05
1.07987e-05
1.01241e-05
8.87392e-06
8.40513e-06
7.53268e-06
7.18791e-06
6.54423e-06
6.27998e-06
5.78539e-06
5.57639e-06
5.18442e-06
5.01494e-06
4.69724e-06
4.54453e-06
9.99985e-05
          1
7.34429e-09
3.24729e-09
2.77551e-09
1.95431e-09
1.75212e-09
1.39954e-09
1.28694e-09
1.09073e-09
1.01895e-09
8.93892e-10
 8.4411e-10
7.57409e-10
7.20838e-10
6.57179e-10
6.29168e-10
5.80434e-10
5.58287e-10
5.19776e-10
5.01819e-10
 4.7069e-10
4.54584e-10
