2.94189e-10
1.15614e-10
9.38954e-11
6.00107e-11
5.14509e-11
3.78536e-11
3.34665e-11
2.64039e-11
2.38133e-11
1.96294e-11
1.77045e-11
3.84105e-11
8.89877e-11
6.14334e-11
 6.7067e-11
5.20845e-11
5.31227e-11
4.35401e-11
 4.3577e-11
3.68865e-11
3.66644e-11
3.17563e-11
 3.1145e-11
6.86964e-05
3.13029e-05
2.69578e-05
1.91239e-05
1.72397e-05
1.37967e-05
 1.2742e-05
1.07988e-05
1.01233e-05
8.88118e-06
8.33247e-06
 9.9999e-05
          1
6.90824e-09
 3.1475e-09
2.70751e-09
1.92044e-09
1.72993e-09
1.38432e-09
 1.2778e-09
1.08288e-09
1.01472e-09
8.90201e-10
8.34904e-10
