2.94094e-10
1.15876e-10
  9.471e-11
5.97785e-11
5.18293e-11
3.73255e-11
3.29218e-11
2.59741e-11
2.35301e-11
1.96335e-11
1.75999e-11
1.54058e-11
1.38976e-11
1.23305e-11
1.13837e-11
9.94919e-12
9.44056e-12
8.35685e-12
7.87445e-12
6.95481e-12
6.71268e-12
5.97976e-12
5.81073e-12
5.23271e-12
5.06273e-12
4.61125e-12
4.45871e-12
4.08329e-12
3.95828e-12
3.65667e-12
3.53994e-12
 3.2732e-12
3.18404e-12
2.96917e-12
2.88058e-12
2.69106e-12
2.61794e-12
2.45688e-12
2.39101e-12
2.25119e-12
2.19106e-12
2.06863e-12
2.01925e-12
1.90958e-12
1.86118e-12
 1.7675e-12
1.72664e-12
1.64054e-12
1.60281e-12
1.52735e-12
1.49342e-12
1.42518e-12
1.39448e-12
1.33312e-12
1.30526e-12
1.24973e-12
1.22431e-12
1.17398e-12
1.15074e-12
1.10489e-12
1.08364e-12
1.04179e-12
1.02227e-12
9.83957e-13
9.65984e-13
9.30814e-13
 9.1426e-13
8.81909e-13
8.66578e-13
8.36732e-13
8.22579e-13
7.94997e-13
7.81819e-13
7.56288e-13
7.44067e-13
7.20344e-13
7.08974e-13
 6.8694e-13
6.76316e-13
 6.5578e-13
6.45878e-13
 6.2672e-13
6.17451e-13
5.99547e-13
5.90867e-13
 5.7411e-13
 5.6597e-13
5.50263e-13
5.42618e-13
5.27875e-13
5.20685e-13
5.06829e-13
 5.0006e-13
4.87019e-13
4.80641e-13
4.68352e-13
4.62333e-13
 4.5074e-13
4.45054e-13
4.34106e-13
4.28631e-13
3.85624e-11
8.96086e-11
6.11101e-11
 6.6578e-11
5.25392e-11
5.36528e-11
4.23898e-11
4.35228e-11
3.65763e-11
3.61999e-11
3.15172e-11
3.10005e-11
2.76242e-11
2.71028e-11
2.42119e-11
2.40442e-11
2.14115e-11
2.14982e-11
1.93159e-11
1.92999e-11
1.73826e-11
1.74466e-11
1.58108e-11
1.59014e-11
1.44759e-11
1.45633e-11
1.33244e-11
1.34019e-11
1.23048e-11
1.23905e-11
1.14258e-11
1.14961e-11
1.06279e-11
1.07047e-11
9.93477e-12
9.99999e-12
 9.3011e-12
9.36792e-12
8.73796e-12
8.79886e-12
 8.2271e-12
8.28347e-12
 7.7622e-12
7.81946e-12
7.34025e-12
7.39138e-12
 6.9543e-12
7.00473e-12
6.59987e-12
6.64763e-12
6.27464e-12
6.32027e-12
 5.9744e-12
6.01815e-12
5.69699e-12
5.73894e-12
5.43994e-12
5.48021e-12
5.20122e-12
5.23994e-12
4.97904e-12
5.01634e-12
 4.7719e-12
4.80782e-12
4.57842e-12
4.61301e-12
4.39725e-12
4.43071e-12
 4.2275e-12
4.25978e-12
4.06807e-12
 4.0993e-12
3.91817e-12
3.94835e-12
3.77698e-12
3.80624e-12
3.64385e-12
3.67217e-12
3.51813e-12
 3.5456e-12
3.39927e-12
3.42591e-12
3.28676e-12
3.31262e-12
3.18014e-12
3.20525e-12
3.07898e-12
3.10337e-12
2.98291e-12
3.00662e-12
2.89157e-12
2.91463e-12
2.80465e-12
 2.8271e-12
2.72187e-12
2.74371e-12
2.64294e-12
2.66421e-12
2.56763e-12
2.58835e-12
 2.4959e-12
2.51509e-12
6.86964e-05
3.13029e-05
2.69578e-05
1.91239e-05
1.72397e-05
1.37967e-05
1.27421e-05
1.07987e-05
1.01241e-05
8.87392e-06
8.40513e-06
7.53268e-06
7.18791e-06
6.54423e-06
6.27998e-06
5.78539e-06
5.57639e-06
5.18442e-06
5.01497e-06
4.69664e-06
4.55649e-06
4.29282e-06
4.17496e-06
3.95297e-06
3.85248e-06
3.66301e-06
3.57631e-06
3.41269e-06
3.33713e-06
3.19441e-06
3.12796e-06
3.00237e-06
2.94348e-06
2.83212e-06
2.77957e-06
2.68014e-06
2.63296e-06
2.54364e-06
2.50104e-06
2.42037e-06
2.38172e-06
2.30849e-06
2.27327e-06
 2.2065e-06
2.17426e-06
2.11314e-06
2.08352e-06
2.02736e-06
2.00006e-06
1.94826e-06
1.92302e-06
1.87511e-06
1.85169e-06
1.80725e-06
1.78547e-06
1.74413e-06
1.72382e-06
1.68526e-06
1.66628e-06
1.63024e-06
1.61246e-06
 1.5787e-06
1.56201e-06
1.53031e-06
1.51462e-06
 1.4848e-06
1.47002e-06
1.44192e-06
1.42796e-06
1.40144e-06
1.38825e-06
1.36317e-06
1.35069e-06
1.32694e-06
 1.3151e-06
1.29258e-06
1.28134e-06
1.25996e-06
1.24927e-06
1.22893e-06
1.21876e-06
 1.1994e-06
1.18971e-06
1.17126e-06
1.16201e-06
 1.1444e-06
1.13557e-06
1.11875e-06
 1.1103e-06
1.09422e-06
1.08613e-06
1.07074e-06
  1.063e-06
1.04825e-06
1.04082e-06
1.02668e-06
1.01956e-06
1.00599e-06
 9.9914e-07
9.86107e-07
9.79408e-07
 9.9999e-05
          1
6.90816e-09
 3.1481e-09
2.70698e-09
1.91996e-09
1.73092e-09
1.38374e-09
1.27761e-09
1.08246e-09
1.01463e-09
8.89355e-10
8.42229e-10
7.54428e-10
7.20299e-10
6.55391e-10
6.28983e-10
5.79757e-10
5.58613e-10
5.19369e-10
 5.0211e-10
4.70406e-10
 4.5598e-10
4.29928e-10
4.17767e-10
3.95836e-10
3.85477e-10
3.66744e-10
 3.5782e-10
3.41654e-10
3.33878e-10
3.19773e-10
3.12931e-10
3.00524e-10
2.94463e-10
2.83464e-10
 2.7806e-10
2.68231e-10
2.63383e-10
2.54562e-10
2.50178e-10
2.42209e-10
2.38238e-10
2.31006e-10
2.27385e-10
2.20789e-10
2.17475e-10
2.11441e-10
2.08398e-10
2.02849e-10
2.00044e-10
 1.9493e-10
1.92336e-10
1.87605e-10
  1.852e-10
1.80811e-10
1.78574e-10
1.74491e-10
1.72406e-10
1.68598e-10
 1.6665e-10
 1.6309e-10
1.61265e-10
1.57931e-10
1.56218e-10
1.53088e-10
1.51477e-10
1.48532e-10
1.47015e-10
 1.4424e-10
1.42808e-10
1.40189e-10
1.38835e-10
1.36359e-10
1.35078e-10
1.32733e-10
1.31518e-10
1.29295e-10
1.28141e-10
 1.2603e-10
1.24933e-10
1.22926e-10
1.21881e-10
 1.1997e-10
1.18975e-10
1.17154e-10
1.16205e-10
1.14467e-10
 1.1356e-10
  1.119e-10
1.11033e-10
1.09446e-10
1.08616e-10
1.07096e-10
1.06302e-10
1.04846e-10
1.04084e-10
1.02688e-10
1.01957e-10
1.00617e-10
9.99148e-11
9.86283e-11
9.79415e-11
