3.37636e-11
1.52427e-11
1.26704e-11
 8.9953e-12
8.04728e-12
6.23138e-12
5.75962e-12
4.72981e-12
4.49599e-12
3.82395e-12
3.62017e-12
3.18775e-12
3.05982e-12
2.70207e-12
 2.6268e-12
2.26448e-12
2.28918e-12
2.02275e-12
2.08612e-12
1.70511e-12
 1.8217e-12
1.55914e-12
1.59279e-12
1.44479e-12
1.44611e-12
1.29968e-12
1.31686e-12
1.24268e-12
1.20141e-12
1.13807e-12
1.10586e-12
1.04569e-12
1.01572e-12
9.69008e-13
9.44156e-13
8.97453e-13
8.79059e-13
8.39957e-13
8.21299e-13
7.87029e-13
7.68233e-13
7.37746e-13
7.22852e-13
6.94568e-13
6.80232e-13
 6.5526e-13
6.42044e-13
6.19289e-13
6.07293e-13
5.86441e-13
5.75432e-13
5.56377e-13
5.46239e-13
5.28727e-13
 5.1931e-13
5.03252e-13
4.94569e-13
4.79636e-13
4.71578e-13
4.57828e-13
4.50328e-13
4.37546e-13
4.30552e-13
4.18649e-13
4.12133e-13
4.01045e-13
3.94964e-13
3.84603e-13
3.78884e-13
3.69197e-13
3.63852e-13
3.54763e-13
3.49727e-13
3.41198e-13
3.36471e-13
3.28448e-13
3.23996e-13
3.16442e-13
3.12227e-13
3.05107e-13
3.01137e-13
 2.9441e-13
2.90653e-13
2.84294e-13
2.80737e-13
 2.7472e-13
2.71345e-13
2.65642e-13
2.62442e-13
2.57029e-13
 2.5399e-13
2.48853e-13
 2.4596e-13
2.41078e-13
2.38322e-13
2.33676e-13
2.31053e-13
2.26626e-13
2.24126e-13
2.19907e-13
2.17481e-13
5.91512e-13
1.50734e-12
1.59056e-12
1.41763e-12
1.48577e-12
1.26474e-12
1.61073e-12
 1.5175e-12
1.37344e-12
1.56973e-12
1.46058e-12
1.34441e-12
1.33662e-12
1.39777e-12
1.28006e-12
1.30581e-12
 1.1449e-12
1.32634e-12
 1.0683e-12
1.28314e-12
1.01539e-12
1.19162e-12
9.39434e-13
1.10132e-12
9.45702e-13
1.04349e-12
9.50271e-13
9.90927e-13
9.83403e-13
 9.6234e-13
9.50619e-13
9.35122e-13
9.09393e-13
8.95431e-13
8.78975e-13
8.69469e-13
8.45713e-13
8.42901e-13
8.22333e-13
8.17981e-13
7.97762e-13
 7.9236e-13
7.74353e-13
7.71104e-13
7.52352e-13
7.49019e-13
7.32108e-13
7.28652e-13
7.12323e-13
7.09358e-13
6.93778e-13
6.90852e-13
 6.7601e-13
6.73261e-13
6.59082e-13
6.56445e-13
6.42951e-13
6.40438e-13
6.27512e-13
6.25015e-13
6.12648e-13
6.10366e-13
5.98538e-13
5.96245e-13
5.84887e-13
5.82723e-13
5.71835e-13
5.69744e-13
5.59294e-13
 5.5725e-13
5.47212e-13
5.45256e-13
5.35605e-13
5.33693e-13
5.24406e-13
5.22576e-13
5.13625e-13
5.11847e-13
5.03222e-13
5.01509e-13
4.93188e-13
4.91528e-13
4.83499e-13
 4.8189e-13
4.74139e-13
 4.7258e-13
 4.6509e-13
4.63578e-13
 4.5634e-13
4.54875e-13
 4.4787e-13
4.46451e-13
4.39674e-13
4.38296e-13
4.31735e-13
4.30396e-13
4.24039e-13
4.22742e-13
 4.1658e-13
4.15322e-13
4.09334e-13
 4.0807e-13
6.86964e-05
3.13029e-05
2.69578e-05
1.91239e-05
1.72397e-05
1.37967e-05
1.27421e-05
1.07987e-05
1.01241e-05
8.87392e-06
8.40513e-06
7.53268e-06
7.18791e-06
6.54423e-06
6.27998e-06
5.78539e-06
5.57639e-06
5.18442e-06
5.01497e-06
4.69664e-06
4.55649e-06
4.29282e-06
4.17496e-06
3.95298e-06
3.85248e-06
3.66301e-06
3.57631e-06
 3.4127e-06
3.33713e-06
3.19441e-06
3.12796e-06
3.00237e-06
2.94348e-06
2.83212e-06
2.77957e-06
2.68014e-06
2.63296e-06
2.54364e-06
2.50104e-06
2.42037e-06
2.38172e-06
2.30849e-06
2.27327e-06
 2.2065e-06
2.17426e-06
2.11314e-06
2.08353e-06
2.02736e-06
2.00006e-06
1.94826e-06
1.92302e-06
1.87511e-06
1.85169e-06
1.80725e-06
1.78547e-06
1.74413e-06
1.72382e-06
1.68526e-06
1.66628e-06
1.63024e-06
1.61246e-06
 1.5787e-06
1.56201e-06
1.53031e-06
1.51462e-06
 1.4848e-06
1.47002e-06
1.44192e-06
1.42796e-06
1.40144e-06
1.38825e-06
1.36317e-06
1.35069e-06
1.32694e-06
 1.3151e-06
1.29258e-06
1.28134e-06
1.25996e-06
1.24927e-06
1.22893e-06
1.21876e-06
 1.1994e-06
1.18971e-06
1.17126e-06
1.16201e-06
 1.1444e-06
1.13557e-06
1.11875e-06
 1.1103e-06
1.09422e-06
1.08613e-06
1.07074e-06
  1.063e-06
1.04825e-06
1.04082e-06
1.02668e-06
1.01956e-06
1.00599e-06
 9.9914e-07
9.86107e-07
9.79408e-07
 9.9999e-05
          1
6.87011e-09
3.13067e-09
2.69641e-09
1.91202e-09
1.72334e-09
1.38042e-09
1.27467e-09
1.08023e-09
 1.0128e-09
8.87554e-10
8.40536e-10
 7.5329e-10
7.18854e-10
6.54102e-10
6.27913e-10
5.78246e-10
5.57548e-10
5.18283e-10
 5.0153e-10
4.69784e-10
4.55674e-10
4.29501e-10
4.17537e-10
3.95369e-10
3.85299e-10
3.66358e-10
3.57742e-10
3.41347e-10
3.33819e-10
3.19595e-10
3.12821e-10
3.00265e-10
2.94347e-10
 2.8323e-10
 2.7796e-10
2.68024e-10
2.63303e-10
2.54375e-10
2.50112e-10
2.42045e-10
2.38175e-10
 2.3086e-10
2.27333e-10
2.20657e-10
 2.1743e-10
2.11322e-10
2.08356e-10
2.02742e-10
2.00009e-10
1.94832e-10
1.92305e-10
1.87516e-10
1.85172e-10
 1.8073e-10
 1.7855e-10
1.74417e-10
1.72384e-10
 1.6853e-10
1.66631e-10
1.63028e-10
1.61248e-10
1.57873e-10
1.56203e-10
1.53034e-10
1.51463e-10
1.48483e-10
1.47003e-10
1.44194e-10
1.42798e-10
1.40147e-10
1.38826e-10
 1.3632e-10
 1.3507e-10
1.32696e-10
1.31511e-10
 1.2926e-10
1.28135e-10
1.25997e-10
1.24927e-10
1.22895e-10
1.21877e-10
1.19942e-10
1.18971e-10
1.17127e-10
1.16201e-10
1.14441e-10
1.13557e-10
1.11876e-10
 1.1103e-10
1.09423e-10
1.08614e-10
1.07075e-10
  1.063e-10
1.04826e-10
1.04083e-10
1.02669e-10
1.01956e-10
1.00599e-10
 9.9914e-11
9.86112e-11
9.79407e-11
