3.37045e-11
1.50584e-11
1.28296e-11
8.94885e-12
7.98106e-12
6.28817e-12
5.74679e-12
4.79909e-12
 4.4531e-12
3.85248e-12
3.57506e-12
6.38755e-13
1.55188e-12
1.34203e-12
1.55959e-12
1.41441e-12
1.51313e-12
1.40037e-12
 1.4547e-12
1.36217e-12
 1.3946e-12
1.32062e-12
1.33043e-12
6.86964e-05
3.13029e-05
2.69578e-05
1.91239e-05
1.72397e-05
1.37967e-05
 1.2742e-05
1.07988e-05
1.01233e-05
8.88118e-06
8.33247e-06
 9.9999e-05
          1
6.87017e-09
3.13061e-09
2.69602e-09
1.91258e-09
1.72413e-09
 1.3798e-09
1.27432e-09
1.07998e-09
1.01242e-09
8.88197e-10
8.33317e-10
