 5.5486e-09
5.92355e-10
9.32335e-10
2.38225e-10
3.54315e-10
1.26212e-10
1.79944e-10
7.73761e-11
1.06723e-10
5.19663e-11
6.97794e-11
1.99905e-16
4.43799e-09
5.92281e-10
2.04166e-09
4.33227e-10
1.19573e-09
3.17572e-10
7.93365e-10
2.41868e-10
5.68467e-10
1.90626e-10
4.29194e-10
 9.9999e-05
3.33323e-05
3.33323e-05
 1.9999e-05
 1.9999e-05
1.42847e-05
1.42847e-05
1.11101e-05
1.11101e-05
9.08991e-06
9.08991e-06
 9.9999e-05
          1
1.22187e-08
3.55526e-09
3.59949e-09
2.07812e-09
2.06872e-09
 1.4653e-09
1.44979e-09
1.13128e-09
1.11678e-09
9.21304e-10
9.08875e-10
