2.51319e-10
1.58355e-10
1.09515e-10
8.70297e-11
6.36433e-11
5.60091e-11
4.24172e-11
 3.8508e-11
3.05771e-11
2.86499e-11
2.29291e-11
2.22328e-11
 1.8098e-11
1.73571e-11
1.45308e-11
1.39924e-11
1.20316e-11
1.13795e-11
1.01308e-11
9.61667e-12
8.53501e-12
8.12701e-12
7.43968e-12
6.90541e-12
6.50005e-12
5.99586e-12
5.69033e-12
 5.2714e-12
5.01026e-12
4.67152e-12
4.45073e-12
4.16678e-12
3.97947e-12
3.74061e-12
3.57063e-12
3.37566e-12
3.23369e-12
3.06173e-12
2.93102e-12
2.78727e-12
2.67817e-12
2.54927e-12
2.44962e-12
2.34083e-12
2.25265e-12
2.15543e-12
 2.0773e-12
1.99197e-12
1.92154e-12
1.84602e-12
1.78281e-12
1.71548e-12
1.65839e-12
1.59822e-12
1.54652e-12
1.49248e-12
 1.4456e-12
1.39686e-12
1.35412e-12
1.31012e-12
1.27111e-12
1.23104e-12
1.19539e-12
1.15905e-12
1.12625e-12
1.09303e-12
 1.0629e-12
 1.0325e-12
1.00475e-12
9.76828e-13
9.51206e-13
9.25539e-13
 9.0179e-13
8.78142e-13
8.56148e-13
 8.3428e-13
8.13844e-13
7.93613e-13
7.74599e-13
7.55828e-13
7.38108e-13
7.20668e-13
7.04125e-13
6.87893e-13
6.72428e-13
6.57293e-13
6.42813e-13
6.28679e-13
6.15105e-13
6.01885e-13
5.89145e-13
5.76762e-13
5.64786e-13
5.53171e-13
5.41901e-13
5.30992e-13
5.20374e-13
5.10115e-13
5.00098e-13
4.90459e-13
4.80574e-13
3.37386e-10
 2.9814e-10
2.58718e-10
2.14951e-10
1.94685e-10
1.62469e-10
 1.5212e-10
1.28398e-10
1.21845e-10
1.05089e-10
1.00052e-10
8.82504e-11
8.43078e-11
7.51638e-11
  7.241e-11
  6.467e-11
6.28886e-11
5.65966e-11
5.51877e-11
4.99039e-11
4.89761e-11
4.43901e-11
4.37315e-11
3.98834e-11
3.92682e-11
3.60832e-11
 3.5495e-11
3.28161e-11
 3.2276e-11
2.99905e-11
2.94995e-11
2.75272e-11
2.70915e-11
2.53694e-11
2.49784e-11
2.34674e-11
 2.3114e-11
2.17829e-11
2.14674e-11
2.02757e-11
1.99954e-11
1.89332e-11
 1.8678e-11
1.77218e-11
 1.7494e-11
1.66297e-11
1.64237e-11
1.56398e-11
1.54539e-11
1.47396e-11
1.45714e-11
1.39186e-11
1.37661e-11
1.31673e-11
1.30288e-11
1.24779e-11
 1.2352e-11
1.18437e-11
 1.1729e-11
1.12588e-11
1.11542e-11
1.07181e-11
1.06226e-11
1.02172e-11
1.01298e-11
9.75209e-12
9.67202e-12
9.31948e-12
9.24601e-12
8.91625e-12
8.84878e-12
8.53981e-12
8.47778e-12
 8.1877e-12
8.13064e-12
7.85792e-12
7.80534e-12
 7.5485e-12
7.50003e-12
 7.2578e-12
7.21307e-12
 6.9843e-12
6.94299e-12
6.72662e-12
6.68845e-12
6.48356e-12
6.44826e-12
  6.254e-12
6.22133e-12
6.03693e-12
6.00669e-12
5.83145e-12
5.80344e-12
5.63672e-12
5.61076e-12
  5.452e-12
5.42794e-12
5.27659e-12
5.25426e-12
5.11016e-12
5.08301e-12
4.95039e-12
1.99909e-05
1.60018e-05
1.35961e-05
 1.1842e-05
 1.0524e-05
 9.4752e-06
8.62749e-06
7.92034e-06
7.32507e-06
6.81329e-06
6.37081e-06
5.98222e-06
5.63976e-06
5.33421e-06
5.06099e-06
 4.8142e-06
  4.591e-06
4.38738e-06
4.20152e-06
4.03059e-06
3.87337e-06
 3.7278e-06
3.59304e-06
3.46755e-06
3.35074e-06
3.24142e-06
3.13919e-06
 3.0431e-06
2.95286e-06
2.86772e-06
2.78748e-06
2.71152e-06
 2.6397e-06
 2.5715e-06
2.50683e-06
2.44527e-06
2.38673e-06
2.33087e-06
2.27764e-06
2.22672e-06
 2.1781e-06
 2.1315e-06
2.08691e-06
2.04409e-06
2.00306e-06
1.96359e-06
1.92569e-06
1.88919e-06
1.85409e-06
1.82023e-06
1.78762e-06
1.75613e-06
1.72576e-06
 1.6964e-06
1.66804e-06
1.64059e-06
1.61406e-06
1.58835e-06
1.56347e-06
1.53933e-06
1.51595e-06
1.49325e-06
1.47124e-06
1.44985e-06
1.42909e-06
 1.4089e-06
1.38929e-06
 1.3702e-06
1.35164e-06
1.33357e-06
1.31599e-06
1.29885e-06
1.28216e-06
1.26589e-06
1.25003e-06
1.23456e-06
1.21947e-06
1.20474e-06
1.19037e-06
1.17633e-06
1.16263e-06
1.14923e-06
1.13615e-06
1.12335e-06
1.11085e-06
1.09861e-06
1.08665e-06
1.07494e-06
1.06348e-06
1.05226e-06
1.04128e-06
1.03052e-06
1.01999e-06
1.00966e-06
9.99548e-07
9.89627e-07
9.79911e-07
9.70374e-07
9.61029e-07
9.51873e-07
9.42466e-07
9.99973e-05
          1
 2.0376e-09
1.62503e-09
1.37326e-09
1.19473e-09
1.06032e-09
9.53462e-10
8.67095e-10
7.96421e-10
7.35107e-10
6.84118e-10
6.38587e-10
6.00101e-10
5.64501e-10
5.34606e-10
5.06367e-10
4.82437e-10
4.59438e-10
4.39348e-10
4.20384e-10
4.03447e-10
3.87517e-10
3.73022e-10
3.59411e-10
3.46907e-10
3.35143e-10
3.24223e-10
3.13954e-10
3.04344e-10
2.95287e-10
2.86779e-10
2.78726e-10
2.71136e-10
2.63931e-10
2.57115e-10
2.50633e-10
2.44479e-10
2.38614e-10
 2.3303e-10
2.27698e-10
2.22609e-10
2.17739e-10
2.13082e-10
2.08617e-10
2.04338e-10
 2.0023e-10
1.96285e-10
1.92493e-10
1.88844e-10
1.85332e-10
1.81948e-10
1.78686e-10
1.75538e-10
  1.725e-10
1.69565e-10
1.66729e-10
1.63985e-10
1.61332e-10
1.58762e-10
1.56274e-10
1.53861e-10
1.51523e-10
1.49254e-10
1.47053e-10
1.44915e-10
 1.4284e-10
1.40821e-10
1.38861e-10
1.36953e-10
1.35098e-10
1.33291e-10
1.31534e-10
1.29821e-10
1.28153e-10
1.26526e-10
1.24942e-10
1.23395e-10
1.21887e-10
1.20415e-10
1.18979e-10
1.17575e-10
1.16206e-10
1.14866e-10
1.13559e-10
 1.1228e-10
1.11031e-10
1.09807e-10
1.08612e-10
1.07441e-10
1.06296e-10
1.05174e-10
1.04078e-10
1.03002e-10
 1.0195e-10
1.00917e-10
9.99067e-11
9.89149e-11
9.79441e-11
9.69907e-11
 9.6057e-11
9.51417e-11
9.42018e-11
