  1.952e-10
1.25981e-10
9.22772e-11
7.08451e-11
5.63458e-11
4.61447e-11
3.83146e-11
3.26836e-11
2.77208e-11
2.46624e-11
2.04713e-11
2.26435e-10
2.09246e-10
1.80152e-10
1.58183e-10
1.39055e-10
1.23776e-10
1.10724e-10
1.00029e-10
9.04631e-11
8.32652e-11
7.46019e-11
6.81642e-11
1.99689e-05
1.60062e-05
 1.3587e-05
1.18475e-05
1.05152e-05
9.48399e-06
 8.6138e-06
7.93951e-06
7.29193e-06
6.87295e-06
6.24942e-06
9.99979e-05
          1
2.02645e-09
  1.619e-09
1.37112e-09
1.19373e-09
 1.0582e-09
9.53515e-10
8.65415e-10
7.97098e-10
7.31851e-10
6.89282e-10
6.26607e-10
