9.48733e-12
7.45687e-12
6.30035e-12
5.33268e-12
4.75397e-12
4.17055e-12
3.78255e-12
3.41325e-12
 3.1278e-12
2.87082e-12
2.65604e-12
2.46474e-12
2.29868e-12
2.15007e-12
2.01845e-12
1.89965e-12
1.79288e-12
1.69609e-12
1.60691e-12
1.53022e-12
1.44023e-12
 8.7117e-13
1.01319e-12
 1.0831e-12
1.12667e-12
1.13935e-12
1.14308e-12
1.15733e-12
1.14499e-12
1.13459e-12
1.13452e-12
1.11052e-12
1.10783e-12
1.08623e-12
1.07695e-12
1.05858e-12
1.04592e-12
1.02917e-12
1.01524e-12
9.99503e-13
 9.8499e-13
9.70738e-13
9.52637e-13
1.99909e-05
1.60018e-05
1.35961e-05
 1.1842e-05
 1.0524e-05
 9.4752e-06
8.62749e-06
7.92034e-06
7.32507e-06
6.81329e-06
6.37081e-06
5.98222e-06
5.63976e-06
5.33421e-06
5.06098e-06
4.81425e-06
4.59085e-06
4.38789e-06
4.19969e-06
4.03756e-06
3.84542e-06
 9.9999e-05
          1
1.99924e-09
1.60033e-09
1.35972e-09
1.18431e-09
1.05249e-09
9.47606e-10
 8.6282e-10
  7.921e-10
7.32566e-10
6.81383e-10
 6.3713e-10
5.98268e-10
5.64017e-10
 5.3346e-10
5.06133e-10
4.81458e-10
4.59115e-10
4.38818e-10
4.19995e-10
4.03781e-10
3.84566e-10
