4.12134e-11
4.60329e-11
3.44729e-11
3.21359e-11
2.56911e-11
2.39071e-11
1.96795e-11
1.85858e-11
1.54797e-11
1.49583e-11
1.24005e-11
 4.8229e-11
6.79535e-11
 6.5785e-11
6.29539e-11
5.96578e-11
5.55823e-11
 5.2412e-11
4.89303e-11
4.58868e-11
4.34459e-11
4.01141e-11
3.71682e-11
9.63272e-06
9.03672e-06
8.07018e-06
7.57883e-06
6.89482e-06
6.55232e-06
6.01577e-06
 5.7885e-06
5.32782e-06
5.20432e-06
4.76151e-06
9.99985e-05
          1
9.76385e-10
9.12208e-10
8.13231e-10
7.62749e-10
6.93362e-10
6.58396e-10
6.04246e-10
5.81052e-10
5.34725e-10
5.22036e-10
4.77514e-10
