6.53844e-11
4.30791e-11
4.09292e-11
3.10845e-11
2.78016e-11
2.32133e-11
2.08911e-11
1.81605e-11
1.64703e-11
1.43512e-11
1.34481e-11
1.15248e-11
 1.1124e-11
9.72836e-12
9.21961e-12
8.26431e-12
7.88114e-12
7.03874e-12
 6.8259e-12
6.08688e-12
5.94045e-12
5.33537e-12
5.22905e-12
4.67838e-12
4.66876e-12
4.12776e-12
4.18199e-12
3.68985e-12
3.74783e-12
3.33144e-12
3.36653e-12
3.03063e-12
3.04324e-12
2.76002e-12
2.76446e-12
2.53282e-12
2.51809e-12
2.32637e-12
2.31008e-12
2.14446e-12
2.12221e-12
1.98479e-12
1.95862e-12
1.83916e-12
1.81459e-12
1.70905e-12
1.68526e-12
1.59272e-12
1.56902e-12
1.48782e-12
 1.4646e-12
1.39258e-12
1.37048e-12
1.30616e-12
  1.285e-12
1.22753e-12
1.20741e-12
1.15565e-12
1.13662e-12
1.08987e-12
1.07189e-12
1.02956e-12
1.01255e-12
9.74038e-13
9.57974e-13
9.22893e-13
 9.0772e-13
8.75649e-13
 8.6131e-13
8.31872e-13
8.18416e-13
7.91299e-13
7.78592e-13
7.53638e-13
7.41606e-13
7.18569e-13
 7.0721e-13
6.85871e-13
6.75152e-13
6.55348e-13
6.45217e-13
6.26812e-13
6.17226e-13
6.00091e-13
5.91015e-13
5.75033e-13
5.66438e-13
5.51506e-13
5.43361e-13
5.29388e-13
5.21663e-13
5.08568e-13
5.01237e-13
4.88948e-13
4.81985e-13
4.70436e-13
 4.6382e-13
4.52954e-13
4.46653e-13
4.36501e-13
4.29606e-13
1.30675e-10
9.44161e-11
8.75457e-11
7.75889e-11
6.93193e-11
6.49666e-11
5.73858e-11
5.56397e-11
4.89948e-11
4.86902e-11
4.26249e-11
4.27133e-11
3.76106e-11
3.75915e-11
3.37571e-11
3.34312e-11
3.03479e-11
3.00322e-11
2.74779e-11
2.71797e-11
2.49423e-11
2.48234e-11
2.27235e-11
2.27784e-11
2.08349e-11
2.09642e-11
1.91856e-11
1.93889e-11
1.77365e-11
1.79767e-11
1.64732e-11
1.67099e-11
1.53588e-11
1.55799e-11
1.43505e-11
1.45713e-11
1.34545e-11
1.36523e-11
 1.2644e-11
  1.283e-11
1.19058e-11
1.20806e-11
1.12385e-11
1.13975e-11
1.06277e-11
1.07755e-11
1.00676e-11
1.02059e-11
9.55351e-12
9.68242e-12
9.08006e-12
9.20057e-12
8.64291e-12
8.75571e-12
8.23832e-12
8.34422e-12
7.86302e-12
7.96263e-12
7.51417e-12
7.60808e-12
7.18927e-12
7.27801e-12
6.88614e-12
6.97009e-12
6.60278e-12
6.68238e-12
6.33749e-12
6.41313e-12
6.08866e-12
6.16067e-12
5.85504e-12
5.92361e-12
5.63527e-12
5.70072e-12
 5.4283e-12
5.49085e-12
5.23309e-12
5.29296e-12
5.04878e-12
5.10615e-12
4.87453e-12
4.92956e-12
4.70961e-12
4.76246e-12
4.55334e-12
4.60416e-12
4.40511e-12
4.45402e-12
4.26437e-12
4.31149e-12
4.13061e-12
4.17604e-12
4.00336e-12
4.04719e-12
3.88219e-12
3.92453e-12
3.76671e-12
3.80763e-12
3.65659e-12
3.69583e-12
3.55473e-12
 3.5779e-12
9.99998e-06
      9e-06
8.19994e-06
 7.5399e-06
6.98384e-06
 6.5078e-06
6.09495e-06
5.73307e-06
5.41298e-06
5.12766e-06
4.87158e-06
 4.6404e-06
4.43056e-06
4.23921e-06
4.06395e-06
3.90281e-06
3.75413e-06
 3.6165e-06
3.48872e-06
3.36975e-06
3.25871e-06
3.15482e-06
 3.0574e-06
2.96587e-06
 2.8797e-06
2.79844e-06
2.72166e-06
2.64901e-06
2.58016e-06
2.51482e-06
2.45272e-06
2.39364e-06
2.33734e-06
2.28365e-06
2.23237e-06
2.18336e-06
2.13646e-06
2.09155e-06
2.04848e-06
2.00717e-06
1.96749e-06
1.92935e-06
1.89267e-06
1.85736e-06
1.82335e-06
1.79057e-06
1.75894e-06
1.72842e-06
1.69894e-06
1.67045e-06
 1.6429e-06
1.61625e-06
1.59045e-06
1.56546e-06
1.54125e-06
1.51777e-06
  1.495e-06
1.47291e-06
1.45146e-06
1.43062e-06
1.41038e-06
 1.3907e-06
1.37157e-06
1.35295e-06
1.33483e-06
 1.3172e-06
1.30002e-06
1.28328e-06
1.26698e-06
1.25108e-06
1.23557e-06
1.22045e-06
1.20569e-06
1.19128e-06
1.17722e-06
1.16348e-06
1.15006e-06
1.13695e-06
1.12413e-06
1.11159e-06
1.09934e-06
1.08735e-06
1.07562e-06
1.06414e-06
 1.0529e-06
 1.0419e-06
1.03113e-06
1.02057e-06
1.01023e-06
 1.0001e-06
9.90171e-07
9.80435e-07
9.70888e-07
9.61526e-07
9.52342e-07
9.43332e-07
9.34491e-07
9.25815e-07
9.17291e-07
9.09001e-07
9.00032e-07
9.99977e-05
          1
9.94474e-10
8.99042e-10
8.19175e-10
 7.5512e-10
6.97265e-10
6.52303e-10
 6.0855e-10
5.75113e-10
5.40578e-10
5.14075e-10
4.86761e-10
4.64837e-10
4.42706e-10
4.24528e-10
4.06241e-10
3.90588e-10
 3.7538e-10
3.61776e-10
3.48957e-10
3.36961e-10
3.25961e-10
3.15464e-10
3.05787e-10
2.96585e-10
2.87962e-10
2.79848e-10
2.72157e-10
2.64877e-10
2.58012e-10
2.51444e-10
2.45259e-10
2.39329e-10
2.33716e-10
2.28316e-10
2.23219e-10
2.18295e-10
2.13614e-10
2.09111e-10
 2.0482e-10
2.00669e-10
1.96717e-10
 1.9289e-10
1.89232e-10
1.85692e-10
1.82299e-10
1.79012e-10
1.75858e-10
1.72797e-10
1.69857e-10
1.67001e-10
1.64253e-10
1.61581e-10
1.59007e-10
1.56503e-10
1.54087e-10
1.51735e-10
1.49463e-10
 1.4725e-10
1.45109e-10
1.43022e-10
1.41002e-10
1.39031e-10
1.37121e-10
1.35257e-10
1.33448e-10
1.31682e-10
1.29967e-10
1.28292e-10
1.26663e-10
1.25072e-10
1.23524e-10
 1.2201e-10
1.20536e-10
1.19094e-10
1.17689e-10
1.16314e-10
1.14974e-10
1.13662e-10
1.12382e-10
1.11127e-10
1.09904e-10
1.08704e-10
1.07532e-10
1.06384e-10
1.05261e-10
 1.0416e-10
1.03084e-10
1.02028e-10
1.00995e-10
9.99816e-11
9.89897e-11
9.80155e-11
 9.7062e-11
9.61252e-11
 9.5208e-11
9.43065e-11
9.34234e-11
9.25554e-11
9.17039e-11
9.08746e-11
8.99784e-11
