4.83812e-11
4.59046e-11
 3.5589e-11
3.04354e-11
2.71348e-11
2.30364e-11
2.04873e-11
1.83516e-11
1.60415e-11
 1.4848e-11
1.28704e-11
1.20331e-11
1.06345e-11
1.00855e-11
8.88653e-12
8.55701e-12
7.51513e-12
7.40853e-12
6.42687e-12
6.43162e-12
5.59746e-12
5.64554e-12
4.90908e-12
 4.9719e-12
4.34705e-12
4.44294e-12
3.87021e-12
 3.9548e-12
3.49485e-12
3.54967e-12
3.16784e-12
3.18776e-12
2.89851e-12
2.87907e-12
2.65318e-12
2.62087e-12
2.43227e-12
2.39933e-12
2.23645e-12
2.20348e-12
2.06494e-12
2.03091e-12
 1.9108e-12
1.87855e-12
1.77373e-12
1.74205e-12
1.65073e-12
1.62058e-12
1.53954e-12
1.51138e-12
1.43933e-12
 1.4127e-12
1.34863e-12
1.32346e-12
1.26603e-12
1.24247e-12
1.19083e-12
1.16859e-12
1.12208e-12
1.10122e-12
1.05901e-12
1.03952e-12
1.00113e-12
 9.8278e-13
9.47839e-13
9.30638e-13
 8.9864e-13
 8.8252e-13
8.53165e-13
8.38029e-13
8.11035e-13
7.96824e-13
7.71949e-13
7.58561e-13
7.35595e-13
7.23016e-13
7.01733e-13
6.89891e-13
 6.7016e-13
6.58986e-13
6.40654e-13
6.30116e-13
6.13043e-13
6.03098e-13
5.87175e-13
5.77778e-13
5.62904e-13
5.54017e-13
5.40101e-13
 5.3169e-13
5.18649e-13
5.10684e-13
4.98446e-13
4.90895e-13
4.79396e-13
4.72233e-13
4.61413e-13
4.54612e-13
4.44416e-13
4.38006e-13
4.27815e-13
7.83119e-11
7.28832e-11
7.55492e-11
6.47652e-11
6.38169e-11
5.69086e-11
5.50961e-11
4.96823e-11
4.77679e-11
4.42668e-11
4.21862e-11
3.87365e-11
3.76898e-11
3.44353e-11
3.37658e-11
3.08626e-11
3.04153e-11
2.78839e-11
2.75583e-11
2.53135e-11
2.51032e-11
 2.3127e-11
2.29724e-11
2.12223e-11
2.11108e-11
1.95427e-11
1.95175e-11
1.80525e-11
1.80832e-11
1.67531e-11
1.68191e-11
1.55865e-11
1.56855e-11
1.45599e-11
1.46521e-11
1.36474e-11
1.37232e-11
1.28172e-11
1.28903e-11
1.20611e-11
1.21366e-11
 1.1375e-11
1.14476e-11
1.07519e-11
1.08179e-11
 1.0181e-11
1.02424e-11
9.65615e-12
9.71449e-12
9.17326e-12
9.22836e-12
8.72766e-12
8.77987e-12
8.31557e-12
8.36503e-12
7.93359e-12
7.98045e-12
7.57871e-12
7.62332e-12
7.24839e-12
7.29085e-12
6.94035e-12
6.98091e-12
6.65256e-12
6.69133e-12
6.38325e-12
6.42038e-12
6.13083e-12
6.16644e-12
5.89385e-12
5.92806e-12
5.67108e-12
5.70398e-12
5.46135e-12
5.49302e-12
5.26364e-12
5.29419e-12
5.07701e-12
5.10651e-12
4.90065e-12
4.92916e-12
4.73379e-12
4.76137e-12
4.57574e-12
4.60244e-12
4.42587e-12
4.45175e-12
4.28362e-12
4.30871e-12
4.14846e-12
4.17282e-12
4.01992e-12
4.04358e-12
3.89756e-12
3.92055e-12
3.78098e-12
3.80334e-12
3.66982e-12
3.69148e-12
3.56471e-12
3.57442e-12
3.46416e-12
      1e-05
8.99999e-06
8.19995e-06
 7.5399e-06
6.98385e-06
 6.5078e-06
6.09495e-06
5.73307e-06
5.41299e-06
5.12766e-06
4.87159e-06
 4.6404e-06
4.43056e-06
4.23921e-06
4.06395e-06
3.90281e-06
3.75413e-06
 3.6165e-06
3.48872e-06
3.36975e-06
3.25871e-06
3.15482e-06
 3.0574e-06
2.96587e-06
 2.8797e-06
2.79844e-06
2.72166e-06
2.64901e-06
2.58016e-06
2.51482e-06
2.45272e-06
2.39364e-06
2.33734e-06
2.28365e-06
2.23237e-06
2.18336e-06
2.13646e-06
2.09155e-06
2.04848e-06
2.00717e-06
1.96749e-06
1.92935e-06
1.89267e-06
1.85736e-06
1.82335e-06
1.79057e-06
1.75894e-06
1.72842e-06
1.69894e-06
1.67045e-06
 1.6429e-06
1.61625e-06
1.59045e-06
1.56546e-06
1.54125e-06
1.51777e-06
  1.495e-06
1.47291e-06
1.45146e-06
1.43062e-06
1.41038e-06
 1.3907e-06
1.37157e-06
1.35295e-06
1.33483e-06
 1.3172e-06
1.30002e-06
1.28328e-06
1.26698e-06
1.25108e-06
1.23557e-06
1.22045e-06
1.20569e-06
1.19128e-06
1.17722e-06
1.16348e-06
1.15006e-06
1.13695e-06
1.12413e-06
1.11159e-06
1.09934e-06
1.08735e-06
1.07562e-06
1.06414e-06
 1.0529e-06
 1.0419e-06
1.03113e-06
1.02057e-06
1.01023e-06
 1.0001e-06
9.90171e-07
9.80435e-07
9.70888e-07
9.61526e-07
9.52342e-07
9.43332e-07
9.34491e-07
9.25815e-07
9.17291e-07
9.09001e-07
9.00032e-07
9.99982e-05
          1
9.97381e-10
9.04703e-10
8.23487e-10
7.55856e-10
 7.0022e-10
6.52484e-10
6.11359e-10
5.75071e-10
5.42062e-10
5.14669e-10
4.87657e-10
4.65214e-10
4.43569e-10
4.24863e-10
4.06751e-10
3.91002e-10
3.75759e-10
3.62182e-10
3.49131e-10
 3.3744e-10
3.26062e-10
 3.1588e-10
3.05876e-10
2.96909e-10
2.88101e-10
2.80103e-10
2.72272e-10
2.65115e-10
2.58103e-10
2.51667e-10
2.45335e-10
2.39528e-10
2.33781e-10
2.28504e-10
2.23278e-10
2.18446e-10
2.13693e-10
2.09239e-10
2.04881e-10
2.00804e-10
1.96765e-10
1.93009e-10
1.89286e-10
1.85795e-10
 1.8235e-10
1.79108e-10
1.75904e-10
1.72886e-10
1.69901e-10
1.67083e-10
1.64294e-10
1.61658e-10
1.59047e-10
1.56574e-10
1.54125e-10
1.51801e-10
1.49499e-10
1.47311e-10
1.45143e-10
 1.4308e-10
1.41034e-10
1.39085e-10
1.37151e-10
1.35307e-10
1.33477e-10
 1.3173e-10
1.29995e-10
1.28337e-10
 1.2669e-10
1.25114e-10
1.23549e-10
 1.2205e-10
 1.2056e-10
1.19132e-10
1.17712e-10
1.16351e-10
1.14996e-10
1.13696e-10
1.12403e-10
 1.1116e-10
1.09924e-10
1.08735e-10
1.07552e-10
1.06413e-10
 1.0528e-10
1.04189e-10
1.03102e-10
1.02055e-10
1.01013e-10
1.00008e-10
9.90062e-11
9.80405e-11
9.70779e-11
9.61493e-11
9.52233e-11
9.43296e-11
9.34382e-11
9.25775e-11
9.17182e-11
9.08957e-11
8.99929e-11
