4.37335e-11
4.76936e-11
3.44708e-11
3.31635e-11
2.53934e-11
2.46024e-11
 1.9445e-11
1.89719e-11
1.54312e-11
1.50453e-11
1.25899e-11
1.22024e-11
1.04893e-11
1.00904e-11
8.87625e-12
8.48977e-12
7.59987e-12
 7.2566e-12
6.56031e-12
 6.3081e-12
5.65696e-12
 5.2186e-11
7.17559e-11
6.86867e-11
6.45116e-11
  6.193e-11
5.62043e-11
5.43372e-11
4.90326e-11
 4.7664e-11
4.30989e-11
4.20356e-11
3.82022e-11
3.73201e-11
3.41304e-11
3.33558e-11
3.07148e-11
2.99913e-11
2.78435e-11
 2.7066e-11
2.55122e-11
2.42695e-11
2.29572e-11
9.99877e-06
9.00011e-06
8.19951e-06
7.54003e-06
6.98355e-06
6.50795e-06
6.09469e-06
5.73326e-06
 5.4127e-06
5.12792e-06
4.87122e-06
4.64081e-06
4.42998e-06
4.23997e-06
 4.0628e-06
3.90454e-06
3.75129e-06
3.62133e-06
3.47995e-06
3.38643e-06
3.22524e-06
9.99985e-05
          1
1.01421e-09
9.08421e-10
8.26376e-10
7.58711e-10
7.02329e-10
6.53832e-10
6.12176e-10
5.75442e-10
5.43217e-10
5.14341e-10
4.88572e-10
4.65258e-10
4.44106e-10
4.24916e-10
4.07146e-10
3.91183e-10
3.75824e-10
3.62715e-10
3.48567e-10
3.39108e-10
3.22969e-10
