4.11885e-11
4.55799e-11
3.41938e-11
3.18386e-11
  2.548e-11
2.37018e-11
1.95251e-11
1.84376e-11
1.53649e-11
1.48468e-11
1.23139e-11
4.85207e-11
6.73363e-11
6.50329e-11
6.21786e-11
5.88867e-11
5.48583e-11
5.17224e-11
 4.8287e-11
4.52876e-11
4.28778e-11
3.95987e-11
 3.6694e-11
 9.6327e-06
9.03672e-06
8.07017e-06
7.57883e-06
6.89482e-06
6.55232e-06
6.01577e-06
 5.7885e-06
5.32782e-06
5.20432e-06
4.76151e-06
9.99985e-05
          1
9.76005e-10
 9.1196e-10
8.13059e-10
7.62617e-10
6.93261e-10
6.58314e-10
6.04179e-10
5.80997e-10
5.34678e-10
5.21996e-10
4.77482e-10
