6.57667e-11
4.53869e-11
4.01862e-11
3.21694e-11
 2.7672e-11
2.43883e-11
2.03593e-11
1.89732e-11
1.63294e-11
1.50659e-11
1.34845e-11
1.21739e-11
1.06994e-11
1.01794e-11
9.15245e-12
8.40948e-12
7.90169e-12
7.04804e-12
6.93056e-12
6.04577e-12
6.01625e-12
5.31526e-12
5.25966e-12
4.70075e-12
4.64492e-12
4.18308e-12
4.14126e-12
3.73626e-12
3.70961e-12
 3.3785e-12
3.33387e-12
3.05543e-12
3.02594e-12
2.78066e-12
2.74644e-12
2.54918e-12
2.50256e-12
2.34224e-12
2.29535e-12
2.15473e-12
 2.1139e-12
1.99087e-12
1.95071e-12
1.84578e-12
1.80642e-12
1.71491e-12
1.67808e-12
 1.5974e-12
1.56285e-12
1.49154e-12
1.45914e-12
1.39577e-12
1.36547e-12
1.30884e-12
1.28057e-12
1.22974e-12
1.20337e-12
1.15754e-12
1.13295e-12
1.09149e-12
1.06854e-12
 1.0309e-12
1.00948e-12
9.75197e-13
9.55177e-13
 9.2386e-13
9.05149e-13
 8.7645e-13
8.58948e-13
8.32582e-13
 8.1619e-13
 7.9191e-13
7.76548e-13
7.54135e-13
7.39718e-13
 7.1899e-13
7.05448e-13
6.86231e-13
6.73504e-13
6.55653e-13
6.43678e-13
6.27068e-13
6.15786e-13
6.00305e-13
5.89666e-13
5.75212e-13
5.65172e-13
5.51654e-13
 5.4217e-13
5.29508e-13
5.20542e-13
5.08665e-13
 5.0018e-13
4.89025e-13
4.80987e-13
4.70497e-13
4.62877e-13
4.52998e-13
4.45762e-13
4.36526e-13
4.28835e-13
1.24814e-10
9.51942e-11
8.60706e-11
7.49315e-11
7.11189e-11
6.35399e-11
6.01251e-11
5.44965e-11
5.15403e-11
4.71346e-11
4.47879e-11
4.16042e-11
3.95742e-11
 3.6725e-11
3.51891e-11
3.28165e-11
3.14974e-11
2.96537e-11
2.82506e-11
2.69789e-11
2.55956e-11
2.45923e-11
2.33341e-11
2.25624e-11
2.13365e-11
2.08072e-11
 1.9615e-11
1.92401e-11
1.81097e-11
1.78548e-11
1.67979e-11
1.66005e-11
1.56435e-11
1.54806e-11
1.46094e-11
1.44791e-11
1.36813e-11
1.35725e-11
1.28496e-11
1.27522e-11
1.20934e-11
1.20109e-11
1.14058e-11
1.13345e-11
  1.078e-11
1.07167e-11
 1.0207e-11
 1.0151e-11
9.68118e-12
9.63142e-12
9.19739e-12
9.15288e-12
8.75101e-12
8.71112e-12
8.33818e-12
8.30235e-12
7.95555e-12
7.92325e-12
 7.6001e-12
7.57096e-12
7.26928e-12
7.24293e-12
6.96075e-12
6.93692e-12
6.67254e-12
6.65096e-12
6.40282e-12
6.38326e-12
6.15001e-12
6.13227e-12
5.91267e-12
5.89658e-12
5.68955e-12
5.67496e-12
5.47947e-12
5.46625e-12
5.28144e-12
5.26945e-12
 5.0945e-12
5.08365e-12
4.91784e-12
4.90801e-12
4.75068e-12
 4.7418e-12
4.59233e-12
4.58432e-12
4.44218e-12
4.43497e-12
4.29965e-12
4.29317e-12
4.16422e-12
4.15841e-12
4.03541e-12
4.03022e-12
3.91279e-12
3.90817e-12
3.79595e-12
3.79185e-12
3.68453e-12
3.68094e-12
3.57795e-12
3.56664e-12
9.99997e-06
8.99999e-06
8.19994e-06
 7.5399e-06
6.98384e-06
 6.5078e-06
6.09495e-06
5.73307e-06
5.41298e-06
5.12766e-06
4.87159e-06
 4.6404e-06
4.43056e-06
4.23921e-06
4.06395e-06
3.90281e-06
3.75413e-06
 3.6165e-06
3.48872e-06
3.36975e-06
3.25871e-06
3.15482e-06
 3.0574e-06
2.96587e-06
 2.8797e-06
2.79844e-06
2.72166e-06
2.64901e-06
2.58016e-06
2.51482e-06
2.45272e-06
2.39364e-06
2.33734e-06
2.28365e-06
2.23237e-06
2.18336e-06
2.13646e-06
2.09155e-06
2.04848e-06
2.00717e-06
1.96749e-06
1.92935e-06
1.89267e-06
1.85736e-06
1.82335e-06
1.79057e-06
1.75894e-06
1.72842e-06
1.69894e-06
1.67045e-06
 1.6429e-06
1.61625e-06
1.59045e-06
1.56546e-06
1.54125e-06
1.51777e-06
  1.495e-06
1.47291e-06
1.45146e-06
1.43062e-06
1.41038e-06
 1.3907e-06
1.37157e-06
1.35295e-06
1.33483e-06
 1.3172e-06
1.30002e-06
1.28328e-06
1.26698e-06
1.25108e-06
1.23557e-06
1.22045e-06
1.20569e-06
1.19128e-06
1.17722e-06
1.16348e-06
1.15006e-06
1.13695e-06
1.12413e-06
1.11159e-06
1.09934e-06
1.08735e-06
1.07562e-06
1.06414e-06
 1.0529e-06
 1.0419e-06
1.03113e-06
1.02057e-06
1.01023e-06
 1.0001e-06
9.90171e-07
9.80435e-07
9.70888e-07
9.61526e-07
9.52342e-07
9.43332e-07
9.34491e-07
9.25815e-07
9.17291e-07
9.09001e-07
9.00032e-07
9.99978e-05
          1
9.99721e-10
8.98126e-10
8.20028e-10
7.54974e-10
 6.9945e-10
6.51886e-10
6.09923e-10
 5.7431e-10
5.41313e-10
5.13701e-10
4.86837e-10
4.64794e-10
4.42914e-10
4.24489e-10
4.06151e-10
3.90798e-10
3.75163e-10
3.62096e-10
3.48571e-10
3.37414e-10
3.25532e-10
3.15895e-10
3.05397e-10
2.96937e-10
2.87673e-10
2.80128e-10
2.71898e-10
2.65124e-10
2.57796e-10
2.51649e-10
2.45077e-10
2.39506e-10
2.33548e-10
2.28482e-10
2.23076e-10
2.18424e-10
2.13498e-10
2.09231e-10
2.04707e-10
2.00779e-10
1.96619e-10
1.92984e-10
1.89146e-10
1.85776e-10
1.82221e-10
1.79089e-10
1.75786e-10
1.72867e-10
1.69792e-10
1.67064e-10
1.64193e-10
 1.6164e-10
1.58953e-10
1.56557e-10
1.54037e-10
1.51785e-10
1.49417e-10
1.47295e-10
1.45066e-10
1.43064e-10
1.40962e-10
 1.3907e-10
1.37084e-10
1.35293e-10
1.33414e-10
1.31716e-10
1.29935e-10
1.28324e-10
1.26633e-10
1.25102e-10
1.23495e-10
1.22038e-10
1.20509e-10
1.19121e-10
1.17664e-10
 1.1634e-10
 1.1495e-10
1.13686e-10
1.12359e-10
 1.1115e-10
1.09882e-10
1.08725e-10
1.07512e-10
1.06404e-10
1.05242e-10
 1.0418e-10
1.03066e-10
1.02047e-10
1.00978e-10
9.99991e-11
 9.8973e-11
9.80322e-11
 9.7046e-11
9.61412e-11
9.51927e-11
9.43218e-11
9.34088e-11
  9.257e-11
  9.169e-11
9.08883e-11
8.99674e-11
