 4.8689e-11
4.15916e-11
3.35005e-11
2.92608e-11
2.44576e-11
2.18479e-11
1.87852e-11
 1.6911e-11
1.49848e-11
1.34652e-11
1.22513e-11
 1.1006e-11
1.01812e-11
9.19985e-12
 8.5753e-12
7.82541e-12
7.31104e-12
6.75205e-12
6.28999e-12
 5.9217e-12
5.39481e-12
6.99478e-11
 6.9402e-11
6.39887e-11
5.95352e-11
5.52596e-11
5.12217e-11
4.78401e-11
4.45359e-11
 4.1742e-11
3.91414e-11
3.67462e-11
3.47144e-11
3.26386e-11
3.10235e-11
2.92292e-11
2.79141e-11
2.63598e-11
2.52828e-11
2.38928e-11
2.30908e-11
2.16306e-11
 2.0705e-11
9.99876e-06
9.00012e-06
8.19951e-06
7.54003e-06
6.98355e-06
6.50795e-06
6.09469e-06
5.73326e-06
 5.4127e-06
5.12791e-06
4.87122e-06
4.64081e-06
4.42998e-06
4.23997e-06
 4.0628e-06
3.90454e-06
3.75129e-06
3.62133e-06
3.47995e-06
3.38643e-06
3.22524e-06
9.99983e-05
          1
 1.0058e-09
9.04247e-10
  8.232e-10
 7.5666e-10
7.00478e-10
6.52617e-10
 6.1094e-10
5.74649e-10
5.42325e-10
5.13787e-10
4.87905e-10
4.64842e-10
  4.436e-10
4.24585e-10
4.06755e-10
3.90913e-10
3.75512e-10
3.62494e-10
3.48311e-10
3.38926e-10
3.22771e-10
