4.00911e-11
4.16867e-11
3.17416e-11
2.93229e-11
2.36748e-11
2.19721e-11
1.82158e-11
1.71875e-11
1.43952e-11
1.39059e-11
1.15821e-11
 4.8222e-11
6.08922e-11
5.79874e-11
5.51763e-11
5.20992e-11
4.85418e-11
4.57742e-11
4.27578e-11
4.01695e-11
3.80338e-11
3.52219e-11
3.26733e-11
9.63271e-06
9.03672e-06
8.07017e-06
7.57883e-06
6.89482e-06
6.55232e-06
6.01577e-06
 5.7885e-06
5.32782e-06
5.20432e-06
4.76151e-06
9.99985e-05
          1
9.73239e-10
9.10182e-10
8.11824e-10
7.61677e-10
6.92532e-10
6.57733e-10
6.03702e-10
5.80607e-10
5.34344e-10
5.21719e-10
4.77255e-10
