5.48723e-09
5.90304e-10
9.23547e-10
2.37525e-10
3.51381e-10
1.25888e-10
1.78609e-10
7.71994e-11
1.06004e-10
5.18592e-11
 6.9348e-11
5.22894e-16
4.38102e-09
5.89567e-10
2.01712e-09
4.31382e-10
1.18204e-09
3.16296e-10
7.84635e-10
2.40942e-10
5.62411e-10
1.89924e-10
4.24746e-10
 9.9999e-05
3.33323e-05
3.33323e-05
 1.9999e-05
 1.9999e-05
1.42847e-05
1.42847e-05
1.11101e-05
1.11101e-05
9.08991e-06
9.08991e-06
 9.9999e-05
          1
1.21902e-08
3.55424e-09
3.59655e-09
2.07779e-09
2.06812e-09
1.46516e-09
1.44969e-09
1.13121e-09
1.11682e-09
9.21262e-10
9.08955e-10
