 5.48592e-09
 5.85836e-10
 9.25458e-10
 2.36743e-10
 3.51961e-10
 1.25726e-10
 1.78743e-10
 7.69452e-11
 1.06433e-10
 5.17655e-11
 6.95738e-11
 3.70595e-11
 4.86446e-11
 2.76796e-11
 3.57254e-11
 2.14893e-11
 2.72376e-11
 1.71253e-11
 2.13917e-11
 1.39538e-11
 1.72013e-11
 1.15619e-11
 1.41109e-11
 9.73562e-12
 1.17631e-11
 8.31137e-12
 9.95048e-12
  7.1633e-12
 8.50948e-12
 6.23957e-12
 7.36643e-12
 5.48688e-12
 6.42188e-12
  4.8544e-12
 5.65624e-12
 4.32712e-12
   5.009e-12
 3.88111e-12
 4.46997e-12
  3.4966e-12
 4.00957e-12
 3.17002e-12
  3.6166e-12
 2.88416e-12
 3.27747e-12
 2.63566e-12
 2.98333e-12
 2.41772e-12
 2.72641e-12
 2.22531e-12
 2.50074e-12
 2.05482e-12
 2.30172e-12
 1.90309e-12
 2.12513e-12
 1.76741e-12
 1.96785e-12
 1.64553e-12
 1.82717e-12
 1.53584e-12
 1.70085e-12
 1.43664e-12
 1.58705e-12
 1.34661e-12
 1.48414e-12
 1.26482e-12
 1.39081e-12
 1.19013e-12
 1.30592e-12
 1.12187e-12
 1.22845e-12
 1.05923e-12
 1.15763e-12
 1.00168e-12
 1.09266e-12
  9.4866e-13
   1.033e-12
 8.99714e-13
 9.77993e-13
  8.5442e-13
 9.27253e-13
  8.1246e-13
 8.80305e-13
 7.73479e-13
 8.36805e-13
  7.3723e-13
 7.96418e-13
 7.03449e-13
 7.58857e-13
 6.71925e-13
 7.23868e-13
 6.42461e-13
 6.91221e-13
  6.1488e-13
 6.60714e-13
 5.89028e-13
 6.32164e-13
 5.64763e-13
  6.0541e-13
 5.41959e-13
 5.80304e-13
-7.13175e-13
 4.37876e-09
    5.84e-10
 2.01967e-09
 4.30353e-10
 1.18357e-09
  3.1555e-10
 7.85015e-10
 2.40323e-10
 5.63119e-10
 1.89466e-10
 4.25356e-10
 1.53549e-10
 3.33682e-10
 1.27261e-10
 2.69403e-10
  1.0736e-10
 2.22476e-10
 9.19718e-11
 1.87112e-10
 7.98076e-11
  1.5975e-10
 6.99461e-11
 1.38127e-10
 6.19123e-11
 1.20715e-10
 5.52171e-11
 1.06485e-10
  4.9601e-11
 9.46832e-11
 4.48223e-11
 8.47971e-11
 4.07407e-11
 7.64116e-11
 3.72055e-11
 6.92481e-11
 3.41301e-11
 6.30671e-11
 3.14385e-11
 5.77008e-11
 2.90605e-11
 5.30071e-11
 2.69562e-11
 4.88781e-11
 2.50798e-11
 4.52251e-11
 2.34002e-11
 4.19769e-11
 2.18903e-11
  3.9075e-11
 2.05275e-11
 3.64713e-11
 1.92928e-11
 3.41259e-11
 1.81705e-11
 3.20051e-11
 1.71471e-11
 3.00808e-11
 1.62109e-11
 2.83293e-11
 1.53521e-11
 2.67301e-11
 1.45625e-11
 2.52659e-11
 1.38344e-11
 2.39216e-11
 1.31617e-11
 2.26845e-11
 1.25387e-11
 2.15433e-11
 1.19605e-11
 2.04881e-11
 1.14229e-11
 1.95105e-11
 1.09219e-11
 1.86029e-11
 1.04546e-11
 1.77587e-11
 1.00176e-11
  1.6972e-11
 9.60845e-12
 1.62378e-11
 9.22479e-12
 1.55513e-11
 8.86448e-12
 1.49085e-11
 8.52564e-12
 1.43057e-11
 8.20656e-12
 1.37396e-11
 7.90571e-12
 1.32072e-11
 7.62169e-12
  1.2706e-11
 7.35325e-12
 1.22334e-11
 7.09925e-12
 1.17873e-11
 6.85865e-12
 1.13658e-11
 6.63051e-12
  1.0967e-11
  9.9999e-05
 3.33323e-05
 3.33323e-05
  1.9999e-05
  1.9999e-05
 1.42847e-05
 1.42847e-05
 1.11101e-05
 1.11101e-05
 9.08991e-06
 9.08991e-06
 7.69131e-06
 7.69131e-06
 6.66567e-06
 6.66567e-06
 5.88135e-06
 5.88135e-06
 5.26216e-06
 5.26216e-06
  4.7609e-06
  4.7609e-06
 4.34683e-06
 4.34683e-06
   3.999e-06
   3.999e-06
  3.7027e-06
  3.7027e-06
 3.44728e-06
 3.44728e-06
 3.22481e-06
 3.22481e-06
  3.0293e-06
  3.0293e-06
 2.85614e-06
 2.85614e-06
  2.7017e-06
  2.7017e-06
  2.5631e-06
  2.5631e-06
 2.43802e-06
 2.43802e-06
 2.32458e-06
 2.32458e-06
 2.22122e-06
 2.22122e-06
 2.12666e-06
 2.12666e-06
 2.03982e-06
 2.03982e-06
 1.95978e-06
 1.95978e-06
 1.88579e-06
 1.88579e-06
 1.81718e-06
 1.81718e-06
 1.75339e-06
 1.75339e-06
 1.69392e-06
 1.69392e-06
 1.63834e-06
 1.63834e-06
  1.5863e-06
  1.5863e-06
 1.53746e-06
 1.53746e-06
 1.49154e-06
 1.49154e-06
 1.44828e-06
 1.44828e-06
 1.40745e-06
 1.40745e-06
 1.36886e-06
 1.36886e-06
 1.33233e-06
 1.33233e-06
  1.2977e-06
  1.2977e-06
 1.26482e-06
 1.26482e-06
 1.23357e-06
 1.23357e-06
 1.20382e-06
 1.20382e-06
 1.17547e-06
 1.17547e-06
 1.14843e-06
 1.14843e-06
  1.1226e-06
  1.1226e-06
  1.0979e-06
  1.0979e-06
 1.07427e-06
 1.07427e-06
 1.05163e-06
 1.05163e-06
 1.02993e-06
 1.02993e-06
  1.0091e-06
  1.0091e-06
 9.89099e-07
 9.89099e-07
  9.9999e-05
           1
 1.21893e-08
 3.55433e-09
   3.598e-09
 2.07675e-09
 2.06716e-09
 1.46519e-09
 1.44881e-09
 1.13136e-09
 1.11682e-09
 9.21381e-10
 9.08955e-10
 7.77183e-10
 7.66749e-10
 6.72063e-10
 6.63283e-10
 5.92048e-10
 5.84578e-10
 5.29079e-10
 5.22683e-10
 4.78244e-10
   4.727e-10
 4.36319e-10
 4.31497e-10
 4.01191e-10
  3.9693e-10
 3.71278e-10
 3.67517e-10
 3.45539e-10
 3.42177e-10
 3.23123e-10
  3.2012e-10
 3.03462e-10
 3.00744e-10
 2.86045e-10
 2.83586e-10
 2.70523e-10
 2.68287e-10
 2.56607e-10
 2.54558e-10
 2.44044e-10
 2.42169e-10
 2.32661e-10
 2.30933e-10
 2.22291e-10
 2.20695e-10
 2.12807e-10
 2.11328e-10
 2.04099e-10
 2.02726e-10
 1.96076e-10
 1.94797e-10
 1.88661e-10
 1.87467e-10
 1.81786e-10
 1.80668e-10
 1.75394e-10
 1.74347e-10
 1.69437e-10
 1.68453e-10
 1.63872e-10
 1.62945e-10
  1.5866e-10
 1.57786e-10
  1.5377e-10
 1.52944e-10
 1.49172e-10
 1.48391e-10
 1.44841e-10
 1.44101e-10
 1.40754e-10
 1.40052e-10
 1.36892e-10
 1.36225e-10
 1.33236e-10
 1.32601e-10
  1.2977e-10
 1.29166e-10
  1.2648e-10
 1.25904e-10
 1.23352e-10
 1.22802e-10
 1.20376e-10
  1.1985e-10
 1.17539e-10
 1.17037e-10
 1.14834e-10
 1.14352e-10
  1.1225e-10
 1.11788e-10
 1.09779e-10
 1.09337e-10
 1.07415e-10
  1.0699e-10
 1.05151e-10
 1.04742e-10
  1.0298e-10
 1.02587e-10
 1.00896e-10
 1.00519e-10
 9.88958e-11
 9.85321e-11
