4.53444e-12
4.02597e-12
3.61973e-12
3.28625e-12
3.00596e-12
2.76752e-12
2.56093e-12
2.38145e-12
2.22259e-12
2.08229e-12
1.95622e-12
1.84393e-12
1.74125e-12
1.64947e-12
1.56418e-12
1.48822e-12
1.41538e-12
1.35342e-12
1.28698e-12
1.24264e-12
1.16768e-12
7.97149e-13
8.49923e-13
8.85287e-13
 9.0854e-13
9.23452e-13
 9.3227e-13
9.36955e-13
9.37541e-13
9.36201e-13
9.32293e-13
9.26866e-13
  9.204e-13
9.13071e-13
9.04613e-13
8.96204e-13
8.86532e-13
8.77672e-13
8.67102e-13
 8.5841e-13
8.46656e-13
8.39346e-13
8.23772e-13
9.99876e-06
9.00011e-06
8.19951e-06
7.54003e-06
6.98355e-06
6.50795e-06
6.09469e-06
5.73326e-06
 5.4127e-06
5.12792e-06
4.87122e-06
4.64081e-06
4.42998e-06
4.23997e-06
 4.0628e-06
3.90454e-06
3.75129e-06
3.62133e-06
3.47995e-06
3.38643e-06
3.22524e-06
 9.9999e-05
          1
9.99952e-10
 9.0008e-10
8.20014e-10
 7.5406e-10
6.98407e-10
6.50843e-10
6.09513e-10
5.73366e-10
5.41307e-10
5.12826e-10
4.87154e-10
4.64111e-10
4.43026e-10
4.24023e-10
4.06304e-10
3.90477e-10
3.75151e-10
3.62153e-10
3.48014e-10
3.38661e-10
3.22541e-10
