-1.59816e-11
 1.44877e-11
  4.6548e-12
 1.14258e-11
  5.9349e-12
   9.033e-12
 5.77319e-12
 7.81475e-12
 5.16905e-12
 6.87621e-12
 4.59996e-12
 5.88815e-12
 4.28315e-12
  5.0615e-12
 3.90736e-12
 4.45633e-12
 3.54157e-12
 3.93822e-12
 3.27319e-12
 3.45093e-12
 3.04323e-12
 3.06722e-12
 2.82177e-12
 2.71745e-12
 2.65458e-12
  2.4291e-12
 2.43932e-12
 2.26064e-12
 2.19559e-12
 2.12085e-12
 2.00081e-12
 1.96828e-12
 1.85556e-12
 1.80963e-12
 1.73773e-12
 1.66886e-12
 1.62619e-12
 1.54459e-12
  1.5269e-12
 1.43575e-12
 1.42812e-12
 1.34799e-12
 1.33124e-12
 1.27104e-12
 1.24481e-12
 1.19693e-12
 1.16997e-12
 1.12745e-12
 1.10186e-12
 1.06352e-12
 1.04086e-12
  1.0032e-12
 9.85411e-13
 9.48778e-13
 9.32577e-13
 9.00051e-13
 8.83327e-13
  8.5477e-13
 8.38384e-13
 8.12409e-13
 7.96916e-13
 7.73162e-13
 7.58379e-13
 7.36694e-13
  7.2261e-13
 7.02724e-13
 6.89293e-13
 6.71035e-13
 6.58279e-13
 6.41389e-13
 6.29318e-13
 6.13686e-13
 6.02206e-13
  5.8772e-13
 5.76834e-13
  5.6335e-13
 5.53031e-13
 5.40468e-13
 5.30663e-13
 5.18948e-13
 5.09629e-13
  4.9868e-13
 4.89838e-13
 4.79563e-13
 4.71169e-13
 4.61528e-13
 4.53551e-13
 4.44483e-13
 4.36898e-13
 4.28367e-13
 4.21149e-13
 4.13108e-13
 4.06235e-13
 3.98645e-13
 3.92102e-13
 3.84922e-13
 3.78683e-13
 3.71908e-13
  3.6592e-13
 3.59713e-13
 3.52893e-13
-8.89069e-11
-1.69336e-11
-8.94629e-12
-7.65207e-13
 3.45704e-12
 4.72777e-12
  7.7325e-12
 7.01313e-12
 9.18827e-12
 7.80857e-12
 1.02613e-11
 8.00991e-12
 1.01854e-11
 8.25719e-12
 9.94324e-12
 8.25344e-12
 9.44917e-12
 8.26923e-12
 8.96584e-12
 8.05182e-12
 8.59276e-12
 7.78457e-12
 8.16572e-12
 7.56527e-12
 7.72979e-12
 7.30835e-12
 7.36876e-12
 7.01504e-12
 7.02522e-12
 6.74888e-12
  6.7051e-12
 6.44294e-12
 6.47567e-12
 6.09576e-12
 6.27937e-12
 5.77033e-12
  6.0807e-12
 5.48627e-12
 5.85674e-12
 5.25941e-12
 5.61221e-12
 5.06471e-12
 5.37393e-12
 4.88182e-12
 5.15089e-12
 4.70767e-12
 4.94111e-12
 4.54178e-12
 4.74646e-12
 4.38116e-12
 4.56455e-12
 4.23009e-12
 4.39061e-12
 4.08828e-12
 4.22683e-12
 3.95188e-12
 4.07416e-12
 3.82094e-12
 3.93041e-12
 3.69637e-12
  3.7944e-12
  3.5778e-12
  3.6658e-12
 3.46466e-12
 3.54417e-12
 3.35672e-12
 3.42888e-12
 3.25376e-12
 3.31947e-12
 3.15548e-12
 3.21556e-12
 3.06164e-12
 3.11674e-12
 2.97199e-12
 3.02269e-12
 2.88629e-12
 2.93308e-12
 2.80433e-12
 2.84763e-12
  2.7259e-12
 2.76609e-12
 2.65081e-12
 2.68819e-12
 2.57888e-12
 2.61374e-12
 2.50993e-12
 2.54251e-12
  2.4438e-12
 2.47432e-12
 2.38035e-12
   2.409e-12
 2.31942e-12
 2.34637e-12
  2.2609e-12
  2.2863e-12
 2.20466e-12
 2.22861e-12
 2.15064e-12
 2.17282e-12
 2.10066e-12
 2.10871e-12
 2.05168e-12
 5.00001e-06
    4.75e-06
 4.52499e-06
 4.32122e-06
  4.1357e-06
 3.96599e-06
 3.81008e-06
 3.66631e-06
 3.53328e-06
 3.40979e-06
 3.29483e-06
 3.18752e-06
 3.08712e-06
 2.99296e-06
 2.90447e-06
 2.82114e-06
 2.74253e-06
 2.66824e-06
 2.59793e-06
 2.53127e-06
 2.46798e-06
 2.40782e-06
 2.35055e-06
 2.29597e-06
 2.24389e-06
 2.19414e-06
 2.14656e-06
 2.10103e-06
  2.0574e-06
 2.01556e-06
  1.9754e-06
 1.93682e-06
 1.89972e-06
 1.86404e-06
 1.82967e-06
 1.79656e-06
 1.76463e-06
 1.73382e-06
 1.70407e-06
 1.67533e-06
 1.64755e-06
 1.62068e-06
 1.59468e-06
  1.5695e-06
 1.54511e-06
 1.52147e-06
 1.49854e-06
 1.47629e-06
  1.4547e-06
 1.43373e-06
 1.41337e-06
 1.39357e-06
 1.37432e-06
  1.3556e-06
 1.33738e-06
 1.31965e-06
 1.30238e-06
 1.28556e-06
 1.26917e-06
 1.25319e-06
 1.23761e-06
 1.22242e-06
 1.20759e-06
 1.19312e-06
 1.17899e-06
  1.1652e-06
 1.15172e-06
 1.13855e-06
 1.12569e-06
  1.1131e-06
  1.1008e-06
 1.08877e-06
   1.077e-06
 1.06548e-06
  1.0542e-06
 1.04316e-06
 1.03235e-06
 1.02176e-06
 1.01139e-06
 1.00122e-06
 9.91262e-07
 9.81496e-07
 9.71921e-07
 9.62531e-07
 9.53321e-07
 9.44286e-07
 9.35421e-07
  9.2672e-07
  9.1818e-07
 9.09796e-07
 9.01564e-07
 8.93479e-07
 8.85539e-07
 8.77738e-07
 8.70073e-07
 8.62542e-07
 8.55138e-07
 8.47871e-07
  8.4067e-07
 8.33881e-07
 8.25681e-07
 0.000100001
           1
 5.25357e-10
  4.9086e-10
 4.62911e-10
 4.41621e-10
 4.19529e-10
 4.02617e-10
 3.85004e-10
 3.71032e-10
 3.56365e-10
 3.44343e-10
 3.31921e-10
  3.2127e-10
  3.1085e-10
 3.01228e-10
 2.92278e-10
 2.83715e-10
 2.75783e-10
 2.68169e-10
 2.61152e-10
 2.54209e-10
 2.48044e-10
 2.41667e-10
 2.36178e-10
 2.30349e-10
 2.25414e-10
 2.20022e-10
 2.15624e-10
 2.10611e-10
 2.06614e-10
 2.02016e-10
  1.9831e-10
 1.94123e-10
  1.9064e-10
 1.86827e-10
 1.83554e-10
 1.80059e-10
 1.76976e-10
 1.73778e-10
 1.70851e-10
 1.67914e-10
 1.65158e-10
 1.62415e-10
 1.59844e-10
 1.57269e-10
 1.54858e-10
 1.52442e-10
 1.50175e-10
 1.47907e-10
 1.45763e-10
 1.43637e-10
 1.41609e-10
   1.396e-10
  1.3769e-10
 1.35784e-10
  1.3398e-10
 1.32176e-10
 1.30464e-10
 1.28755e-10
 1.27129e-10
 1.25506e-10
 1.23961e-10
 1.22418e-10
 1.20948e-10
 1.19479e-10
 1.18077e-10
 1.16677e-10
 1.15341e-10
 1.14005e-10
 1.12728e-10
 1.11452e-10
 1.10231e-10
 1.09011e-10
 1.07843e-10
 1.06675e-10
 1.05556e-10
 1.04438e-10
 1.03365e-10
 1.02292e-10
 1.01262e-10
 1.00233e-10
  9.9244e-11
 9.82551e-11
 9.73046e-11
  9.6354e-11
 9.54397e-11
 9.45251e-11
 9.36449e-11
 9.27644e-11
 9.19165e-11
 9.10681e-11
 9.02508e-11
 8.94328e-11
 8.86444e-11
 8.78553e-11
 8.70942e-11
 8.63325e-11
 8.55972e-11
 8.48623e-11
 8.41472e-11
 8.34605e-11
 8.26441e-11
