8.38725e-12
8.31425e-12
7.08162e-12
6.68836e-12
5.69699e-12
5.72751e-12
5.16164e-12
5.21584e-12
4.27225e-12
4.59346e-12
3.89759e-12
4.04645e-12
3.37212e-12
3.71447e-12
3.00976e-12
3.27603e-12
2.78069e-12
2.93888e-12
2.50175e-12
2.69322e-12
2.28376e-12
2.42447e-12
2.13002e-12
2.19512e-12
1.96814e-12
2.01521e-12
1.82009e-12
1.85007e-12
1.70189e-12
1.68734e-12
1.61205e-12
1.52763e-12
1.54865e-12
1.37007e-12
1.48965e-12
1.25355e-12
1.39954e-12
1.17827e-12
1.30498e-12
1.10939e-12
1.22448e-12
1.04414e-12
1.14813e-12
9.91384e-13
 1.0722e-12
 9.4556e-13
1.00433e-12
9.00077e-13
 9.4478e-13
8.57223e-13
8.89936e-13
8.17609e-13
8.40231e-13
7.79604e-13
7.95715e-13
7.43353e-13
 7.5509e-13
7.09432e-13
7.17576e-13
6.77715e-13
6.82928e-13
6.47918e-13
6.50927e-13
6.19892e-13
6.21272e-13
5.93557e-13
5.93681e-13
 5.6881e-13
5.67956e-13
5.45531e-13
5.43925e-13
5.23606e-13
5.21442e-13
5.02951e-13
5.00362e-13
4.83479e-13
4.80563e-13
4.65098e-13
4.61951e-13
4.47722e-13
4.44426e-13
4.31286e-13
4.27886e-13
4.15739e-13
4.12281e-13
4.01004e-13
3.97522e-13
3.87045e-13
3.83549e-13
3.73789e-13
3.70319e-13
3.61199e-13
3.57768e-13
3.49233e-13
3.45851e-13
 3.3785e-13
3.34521e-13
3.27026e-13
3.23718e-13
3.16878e-13
3.12458e-13
1.15489e-11
9.86818e-12
9.83025e-12
9.43038e-12
9.20268e-12
9.24469e-12
7.95724e-12
8.87802e-12
7.85246e-12
8.06752e-12
7.52422e-12
7.55173e-12
 7.2244e-12
6.94538e-12
6.97804e-12
6.50194e-12
6.57707e-12
6.19374e-12
6.22335e-12
5.82713e-12
5.95717e-12
5.50039e-12
5.64279e-12
 5.2749e-12
5.31068e-12
 5.0549e-12
5.05991e-12
 4.7836e-12
4.86381e-12
4.53876e-12
4.66238e-12
4.30995e-12
4.49055e-12
4.09938e-12
4.30026e-12
3.93902e-12
4.10213e-12
3.79773e-12
3.90671e-12
3.67996e-12
3.71545e-12
3.56471e-12
3.55044e-12
3.44216e-12
3.40449e-12
3.32321e-12
3.26896e-12
3.20955e-12
3.14349e-12
3.10044e-12
  3.027e-12
2.99581e-12
2.91865e-12
2.89565e-12
2.81725e-12
2.80024e-12
2.72179e-12
2.70944e-12
2.63192e-12
2.62289e-12
2.54705e-12
 2.5405e-12
2.46674e-12
2.46199e-12
2.39062e-12
2.38721e-12
2.31833e-12
2.31593e-12
2.24962e-12
2.24795e-12
2.18421e-12
2.18309e-12
2.12186e-12
2.12116e-12
2.06237e-12
2.06198e-12
2.00557e-12
 2.0054e-12
1.95129e-12
1.95126e-12
1.89935e-12
1.89943e-12
1.84963e-12
1.84978e-12
1.80198e-12
1.80218e-12
 1.7563e-12
1.75652e-12
1.71246e-12
 1.7127e-12
1.67037e-12
1.67061e-12
1.62992e-12
1.63015e-12
1.59104e-12
1.59126e-12
1.55364e-12
1.55384e-12
1.51763e-12
 1.5178e-12
  1.483e-12
1.47783e-12
4.99999e-06
   4.75e-06
4.52499e-06
4.32122e-06
 4.1357e-06
3.96599e-06
3.81008e-06
3.66631e-06
3.53328e-06
3.40979e-06
3.29483e-06
3.18752e-06
3.08712e-06
2.99296e-06
2.90447e-06
2.82114e-06
2.74253e-06
2.66824e-06
2.59793e-06
2.53127e-06
2.46798e-06
2.40782e-06
2.35055e-06
2.29597e-06
2.24389e-06
2.19414e-06
2.14656e-06
2.10103e-06
 2.0574e-06
2.01556e-06
 1.9754e-06
1.93682e-06
1.89972e-06
1.86403e-06
1.82967e-06
1.79656e-06
1.76463e-06
1.73382e-06
1.70407e-06
1.67533e-06
1.64755e-06
1.62068e-06
1.59468e-06
 1.5695e-06
1.54511e-06
1.52147e-06
1.49854e-06
1.47629e-06
 1.4547e-06
1.43373e-06
1.41336e-06
1.39357e-06
1.37432e-06
 1.3556e-06
1.33738e-06
1.31965e-06
1.30238e-06
1.28556e-06
1.26917e-06
1.25319e-06
1.23761e-06
1.22242e-06
1.20759e-06
1.19312e-06
1.17899e-06
 1.1652e-06
1.15172e-06
1.13855e-06
1.12569e-06
 1.1131e-06
 1.1008e-06
1.08877e-06
  1.077e-06
1.06548e-06
 1.0542e-06
1.04316e-06
1.03235e-06
1.02176e-06
1.01139e-06
1.00122e-06
9.91262e-07
9.81496e-07
9.71921e-07
9.62531e-07
9.53321e-07
9.44286e-07
 9.3542e-07
 9.2672e-07
 9.1818e-07
9.09796e-07
9.01564e-07
8.93479e-07
8.85539e-07
8.77738e-07
8.70073e-07
8.62542e-07
8.55138e-07
8.47871e-07
 8.4067e-07
8.33881e-07
8.25681e-07
9.99988e-05
          1
5.15498e-10
 4.7408e-10
4.57627e-10
4.31823e-10
4.16834e-10
3.95921e-10
 3.8303e-10
 3.6654e-10
3.54445e-10
3.41377e-10
3.30064e-10
3.19053e-10
3.09333e-10
2.99453e-10
2.91035e-10
2.82083e-10
2.74985e-10
2.66614e-10
2.60475e-10
2.52987e-10
2.47327e-10
2.40707e-10
2.35474e-10
2.29597e-10
2.24659e-10
2.19533e-10
2.14795e-10
 2.1026e-10
2.05862e-10
2.01689e-10
1.97633e-10
1.93838e-10
1.90021e-10
 1.8657e-10
 1.8299e-10
1.79829e-10
1.76464e-10
 1.7355e-10
1.70406e-10
1.67689e-10
1.64751e-10
1.62215e-10
1.59463e-10
1.57082e-10
 1.5451e-10
1.52265e-10
1.49854e-10
 1.4774e-10
1.45468e-10
1.43478e-10
1.41335e-10
1.39453e-10
1.37432e-10
1.35648e-10
1.33739e-10
1.32045e-10
 1.3024e-10
 1.2863e-10
 1.2692e-10
1.25388e-10
1.23764e-10
1.22306e-10
1.20762e-10
1.19372e-10
1.17903e-10
1.16576e-10
1.15176e-10
1.13908e-10
1.12572e-10
1.11359e-10
1.10084e-10
1.08923e-10
1.07703e-10
1.06591e-10
1.05423e-10
1.04357e-10
1.03238e-10
1.02215e-10
1.01142e-10
1.00159e-10
9.91292e-11
 9.8184e-11
 9.7195e-11
9.62857e-11
9.53349e-11
9.44595e-11
9.35447e-11
9.27014e-11
9.18205e-11
9.10075e-11
9.01588e-11
8.93745e-11
8.85561e-11
8.77991e-11
8.70095e-11
8.62783e-11
8.55158e-11
  8.481e-11
 8.4069e-11
8.34094e-11
8.25729e-11
