5.28643e-12
8.33745e-12
6.30679e-12
6.89313e-12
5.66884e-12
5.86813e-12
5.00014e-12
5.07858e-12
4.41747e-12
4.44677e-12
3.92609e-12
2.32115e-12
  9.064e-12
8.06232e-12
8.93522e-12
 8.4768e-12
8.56489e-12
8.26554e-12
8.13992e-12
7.89787e-12
7.71588e-12
7.48817e-12
7.17177e-12
 4.4275e-06
4.77862e-06
4.33129e-06
4.35027e-06
4.01539e-06
3.99607e-06
3.71927e-06
 3.6981e-06
3.45695e-06
3.44414e-06
 3.2256e-06
 9.9999e-05
          1
4.45935e-10
4.79422e-10
4.34318e-10
4.35945e-10
4.02284e-10
4.00247e-10
3.72466e-10
3.70295e-10
3.46112e-10
3.44798e-10
3.22888e-10
