2.00621e-12
1.96115e-12
1.81551e-12
1.74373e-12
1.62976e-12
1.56571e-12
1.47194e-12
 1.4175e-12
1.33766e-12
1.29223e-12
1.22269e-12
1.18481e-12
1.12313e-12
1.09225e-12
1.03588e-12
1.01174e-12
9.58947e-13
9.41312e-13
8.90184e-13
8.79976e-13
8.27449e-13
6.45092e-13
 6.8728e-13
6.88963e-13
7.04608e-13
7.05574e-13
7.12005e-13
7.11988e-13
7.13641e-13
7.12092e-13
7.10574e-13
7.08667e-13
7.04314e-13
7.01906e-13
6.96369e-13
6.93397e-13
6.86403e-13
6.83991e-13
6.75255e-13
6.73625e-13
6.63686e-13
6.62204e-13
 6.5107e-13
4.84797e-06
 4.7576e-06
4.47355e-06
4.32893e-06
4.10375e-06
3.97398e-06
3.78597e-06
3.67476e-06
3.51301e-06
3.41891e-06
3.27645e-06
3.19764e-06
3.06936e-06
3.00451e-06
2.88625e-06
2.83481e-06
2.72265e-06
2.68515e-06
 2.5747e-06
2.55335e-06
2.43864e-06
 9.9999e-05
          1
4.84837e-10
4.75791e-10
4.47383e-10
4.32919e-10
4.10399e-10
 3.9742e-10
3.78618e-10
3.67495e-10
3.51319e-10
3.41908e-10
3.27661e-10
3.19779e-10
 3.0695e-10
3.00465e-10
2.88637e-10
2.83494e-10
2.72276e-10
2.68526e-10
 2.5748e-10
2.55345e-10
2.43874e-10
