1.79586e-12
1.97808e-12
 1.7451e-12
1.75778e-12
1.58646e-12
1.57899e-12
1.43952e-12
1.43062e-12
1.31079e-12
1.30556e-12
1.19874e-12
5.63818e-13
6.85009e-13
6.64446e-13
7.00971e-13
6.92466e-13
7.07949e-13
7.04627e-13
7.07691e-13
7.10346e-13
7.00003e-13
7.16196e-13
7.02673e-13
 4.4275e-06
4.77862e-06
4.33129e-06
4.35027e-06
4.01539e-06
3.99607e-06
3.71927e-06
 3.6981e-06
3.45695e-06
3.44414e-06
 3.2256e-06
 9.9999e-05
          1
 4.4282e-10
4.77904e-10
4.33166e-10
 4.3506e-10
4.01567e-10
3.99633e-10
3.71951e-10
3.69833e-10
3.45715e-10
3.44434e-10
3.22578e-10
