-1.61851e-13
 4.64303e-13
 3.52716e-13
 4.59731e-13
 4.10894e-13
 4.47375e-13
 4.19034e-13
 4.33244e-13
 4.14148e-13
 4.18857e-13
  4.0477e-13
-1.96149e-12
-2.64809e-13
-3.02677e-14
 2.30259e-13
 3.52273e-13
 4.31347e-13
 5.08932e-13
  5.3486e-13
 5.89372e-13
 5.94322e-13
 6.34995e-13
 6.58441e-13
 9.19175e-07
 9.90808e-07
 9.53242e-07
 9.71401e-07
 9.44976e-07
 9.52747e-07
 9.31283e-07
 9.34802e-07
 9.16224e-07
 9.17526e-07
 9.00883e-07
 9.99992e-05
           1
 9.26337e-11
 9.95449e-11
  9.5638e-11
 9.74153e-11
 9.47025e-11
 9.54687e-11
 9.32797e-11
  9.3629e-11
 9.17418e-11
 9.18727e-11
 9.01876e-11
