-1.07731e-12
 4.59724e-13
 1.66444e-13
 4.57652e-13
 3.30028e-13
  4.4603e-13
  3.7339e-13
 4.32344e-13
 3.85002e-13
 4.17975e-13
 3.84288e-13
 4.04297e-13
 3.78308e-13
 3.90704e-13
 3.70411e-13
 3.77452e-13
  3.6131e-13
 3.64951e-13
 3.51533e-13
 3.52963e-13
 3.41718e-13
-6.80525e-12
-1.95033e-12
 -1.6191e-12
-7.59477e-13
-5.84415e-13
-2.61212e-13
-1.48393e-13
 6.63898e-15
 8.71956e-14
 1.70466e-13
 2.31206e-13
 2.78303e-13
 3.26207e-13
 3.52727e-13
 3.91698e-13
 4.05928e-13
 4.38163e-13
 4.44678e-13
 4.71844e-13
 4.73138e-13
 4.96469e-13
 5.10675e-13
 8.84926e-07
  9.9115e-07
 9.41818e-07
 9.71744e-07
 9.38113e-07
  9.5309e-07
 9.26369e-07
 9.35146e-07
 9.12391e-07
 9.17871e-07
 8.97735e-07
 9.01229e-07
 8.82977e-07
 8.85186e-07
 8.68371e-07
 8.69709e-07
 8.54037e-07
 8.54769e-07
 8.40035e-07
 8.40338e-07
 8.26392e-07
 9.99997e-05
           1
 9.06837e-11
 1.00347e-10
 9.50836e-11
 9.79006e-11
 9.43882e-11
 9.58185e-11
 9.30591e-11
 9.39041e-11
 9.15702e-11
 9.21005e-11
 9.00441e-11
 9.03838e-11
 8.85255e-11
 8.87409e-11
 8.70329e-11
  8.7164e-11
 8.55747e-11
  8.5647e-11
 8.41548e-11
 8.41853e-11
 8.27749e-11
