-4.87134e-12
 5.71872e-13
-5.78157e-13
 5.09205e-13
-1.63832e-14
 4.72348e-13
 1.78492e-13
 4.37627e-13
 2.75841e-13
 4.25337e-13
 3.12235e-13
 4.00101e-13
 3.28161e-13
 3.95862e-13
 3.28657e-13
 3.77615e-13
 3.26864e-13
 3.64362e-13
 3.23372e-13
 3.48497e-13
 3.25557e-13
 3.30714e-13
 3.24874e-13
 3.19383e-13
 3.16941e-13
 3.12903e-13
 3.07041e-13
 3.05275e-13
 2.99303e-13
 2.95607e-13
 2.92666e-13
 2.86279e-13
 2.84823e-13
 2.78989e-13
 2.75415e-13
 2.73071e-13
 2.65966e-13
 2.66734e-13
 2.58124e-13
 2.58998e-13
 2.52198e-13
 2.50098e-13
 2.47698e-13
 2.40659e-13
  2.4387e-13
 2.31427e-13
 2.39906e-13
 2.23147e-13
 2.35406e-13
 2.15848e-13
 2.30304e-13
 2.09693e-13
 2.24535e-13
 2.04428e-13
 2.18526e-13
 1.99652e-13
 2.12598e-13
 1.95053e-13
 2.07014e-13
 1.90449e-13
 2.01757e-13
  1.8601e-13
 1.96554e-13
 1.81982e-13
 1.91231e-13
  1.7837e-13
 1.85941e-13
 1.74855e-13
 1.81098e-13
 1.70952e-13
 1.77149e-13
 1.66302e-13
 1.74245e-13
 1.61022e-13
 1.71976e-13
 1.55722e-13
 1.69595e-13
 1.51153e-13
 1.66435e-13
 1.47788e-13
 1.62247e-13
 1.45604e-13
 1.57308e-13
 1.44107e-13
 1.52213e-13
 1.42681e-13
 1.47502e-13
 1.40903e-13
 1.43421e-13
 1.38687e-13
 1.39916e-13
 1.36179e-13
 1.36769e-13
 1.33607e-13
  1.3376e-13
 1.31148e-13
 1.30756e-13
 1.28869e-13
 1.27737e-13
 1.26745e-13
 1.24741e-13
-2.74783e-11
-8.91042e-12
-8.21715e-12
-4.80292e-12
-4.41636e-12
-3.10421e-12
-2.81593e-12
-2.16888e-12
 -1.9511e-12
-1.56966e-12
-1.39762e-12
-1.16211e-12
-1.03249e-12
-8.69744e-13
-7.59365e-13
-6.51799e-13
-5.60456e-13
-4.85154e-13
-4.05474e-13
 -3.5523e-13
-2.84254e-13
 -2.4791e-13
-1.89202e-13
-1.58973e-13
-1.11337e-13
-8.65682e-14
-4.55625e-14
-2.71483e-14
 9.47968e-15
 2.31378e-14
 5.51841e-14
 6.60765e-14
 9.35675e-14
  1.0256e-13
 1.26427e-13
 1.33323e-13
 1.54854e-13
 1.59275e-13
 1.79443e-13
  1.8154e-13
 2.00354e-13
 2.00956e-13
 2.18132e-13
 2.17899e-13
 2.33085e-13
 2.32921e-13
 2.45654e-13
 2.46131e-13
 2.56261e-13
 2.57653e-13
 2.65283e-13
 2.67648e-13
 2.73067e-13
 2.76064e-13
 2.79968e-13
  2.8301e-13
 2.86141e-13
   2.886e-13
 2.91735e-13
 2.93015e-13
 2.96716e-13
 2.96504e-13
 3.01083e-13
  2.9922e-13
 3.04855e-13
 3.01325e-13
 3.08031e-13
 3.02897e-13
 3.10736e-13
 3.03894e-13
 3.13138e-13
 3.04278e-13
  3.1535e-13
 3.04033e-13
 3.17487e-13
 3.03124e-13
 3.19647e-13
 3.01577e-13
 3.21812e-13
 2.99542e-13
 3.23839e-13
 2.97267e-13
 3.25489e-13
 2.95068e-13
 3.26492e-13
 2.93258e-13
 3.26604e-13
 2.92083e-13
 3.25662e-13
 2.91688e-13
 3.23626e-13
  2.9209e-13
 3.20563e-13
 2.93198e-13
 3.16628e-13
 2.94861e-13
 3.12019e-13
 2.96903e-13
 3.06929e-13
 2.99151e-13
 3.01544e-13
 2.98838e-13
  9.8406e-07
 9.90159e-07
 9.74883e-07
 9.70752e-07
 9.57979e-07
 9.52097e-07
 9.40591e-07
  9.3415e-07
 9.23486e-07
 9.16872e-07
 9.06847e-07
 9.00227e-07
 8.90723e-07
 8.84178e-07
 8.75121e-07
 8.68696e-07
 8.60031e-07
  8.5375e-07
 8.45436e-07
 8.39312e-07
 8.31318e-07
 8.25357e-07
 8.17657e-07
 8.11862e-07
 8.04432e-07
 7.98802e-07
 7.91625e-07
 7.86159e-07
 7.79217e-07
 7.73912e-07
  7.6719e-07
 7.62042e-07
 7.55527e-07
 7.50533e-07
 7.44213e-07
 7.39368e-07
 7.33232e-07
 7.28532e-07
 7.22569e-07
  7.1801e-07
 7.12211e-07
  7.0779e-07
 7.02146e-07
 6.97858e-07
 6.92361e-07
 6.88202e-07
 6.82844e-07
 6.78811e-07
 6.73584e-07
 6.69674e-07
 6.64572e-07
 6.60782e-07
 6.55797e-07
 6.52124e-07
 6.47251e-07
 6.43691e-07
 6.38923e-07
 6.35475e-07
 6.30806e-07
 6.27468e-07
 6.22892e-07
 6.19661e-07
 6.15173e-07
 6.12048e-07
 6.07641e-07
 6.04622e-07
  6.0029e-07
 5.97376e-07
 5.93113e-07
 5.90303e-07
 5.86104e-07
 5.83399e-07
 5.79257e-07
 5.76656e-07
 5.72565e-07
 5.70071e-07
 5.66023e-07
 5.63638e-07
 5.59625e-07
 5.57353e-07
 5.53366e-07
 5.51211e-07
  5.4724e-07
 5.45209e-07
 5.41242e-07
 5.39343e-07
 5.35368e-07
  5.3361e-07
  5.2961e-07
 5.28008e-07
 5.23963e-07
 5.22535e-07
 5.18422e-07
  5.1719e-07
 5.12978e-07
 5.11975e-07
 5.07623e-07
  5.0689e-07
 5.02348e-07
 5.01942e-07
 4.97139e-07
 0.000100002
           1
 1.07669e-10
 1.03567e-10
 1.01118e-10
 9.97768e-11
 9.80892e-11
 9.70919e-11
 9.57288e-11
 9.48461e-11
 9.36455e-11
 9.28407e-11
 9.17453e-11
 9.09823e-11
 8.99576e-11
 8.92362e-11
 8.82763e-11
 8.75784e-11
 8.66695e-11
 8.59979e-11
 8.51344e-11
 8.44831e-11
 8.36605e-11
 8.30321e-11
 8.22401e-11
 8.16376e-11
 8.08726e-11
 8.02921e-11
 7.95553e-11
 7.89925e-11
 7.82833e-11
 7.77378e-11
 7.70526e-11
 7.65254e-11
 7.58614e-11
 7.53522e-11
 7.47082e-11
 7.42154e-11
 7.35912e-11
 7.31134e-11
 7.25082e-11
 7.20447e-11
 7.14572e-11
 7.10082e-11
 7.04364e-11
 7.00024e-11
 6.94444e-11
 6.90259e-11
 6.84798e-11
 6.80775e-11
 6.75416e-11
 6.71557e-11
 6.66289e-11
  6.6259e-11
  6.5741e-11
 6.53861e-11
  6.4877e-11
 6.45358e-11
 6.40363e-11
 6.37069e-11
 6.32181e-11
 6.28987e-11
 6.24212e-11
 6.21106e-11
 6.16444e-11
 6.13423e-11
 6.08868e-11
 6.05932e-11
 6.01473e-11
 5.98626e-11
 5.94256e-11
 5.91497e-11
 5.87209e-11
 5.84538e-11
 5.80329e-11
 5.77741e-11
 5.73611e-11
 5.71101e-11
 5.67046e-11
 5.64615e-11
 5.60625e-11
 5.58284e-11
 5.54337e-11
  5.5211e-11
 5.48171e-11
  5.4609e-11
 5.42122e-11
 5.40221e-11
 5.36185e-11
 5.34496e-11
 5.30362e-11
 5.28904e-11
 5.24655e-11
 5.23434e-11
 5.19067e-11
 5.18077e-11
 5.13598e-11
 5.12829e-11
 5.08241e-11
 5.07693e-11
 5.02982e-11
 5.02678e-11
 4.97803e-11
