 4.94182e-09
 5.70576e-10
 8.45206e-10
 2.30778e-10
 3.25179e-10
 1.22763e-10
 1.66672e-10
 7.54918e-11
 9.95661e-11
 5.08226e-11
 6.54803e-11
-2.50439e-16
 3.87593e-09
 5.63531e-10
  1.7992e-09
 4.13663e-10
 1.06041e-09
 3.04028e-10
 7.06967e-10
 2.32028e-10
 5.08497e-10
 1.83174e-10
 3.85125e-10
  9.9999e-05
 3.33323e-05
 3.33323e-05
  1.9999e-05
  1.9999e-05
 1.42847e-05
 1.42847e-05
 1.11101e-05
 1.11101e-05
 9.08991e-06
 9.08991e-06
  9.9999e-05
           1
 1.19377e-08
 3.54447e-09
 3.57036e-09
 2.07465e-09
 2.06273e-09
  1.4638e-09
 1.44877e-09
 1.13051e-09
 1.11716e-09
 9.20867e-10
 9.09656e-10
