-4.12407e-13
 4.94719e-13
 2.61745e-13
 4.51808e-13
 3.46527e-13
 4.27114e-13
 3.65678e-13
 4.07994e-13
 3.66791e-13
 3.91485e-13
 3.61693e-13
 3.76642e-13
 3.53774e-13
 3.63031e-13
 3.44742e-13
 3.50313e-13
 3.35311e-13
 3.38324e-13
 3.25871e-13
 3.26899e-13
 3.16578e-13
-3.30537e-12
 -3.9504e-13
-4.13704e-13
 1.04709e-13
 1.11725e-13
 3.06494e-13
 3.17632e-13
 4.10713e-13
 4.21563e-13
 4.71029e-13
 4.80728e-13
 5.08263e-13
 5.16577e-13
 5.31808e-13
  5.3889e-13
 5.46712e-13
 5.52717e-13
 5.55842e-13
 5.60944e-13
  5.6095e-13
 5.65291e-13
 5.66142e-13
 8.84926e-07
 9.91151e-07
 9.41818e-07
 9.71744e-07
 9.38113e-07
  9.5309e-07
 9.26369e-07
 9.35146e-07
 9.12391e-07
 9.17871e-07
 8.97735e-07
 9.01229e-07
 8.82977e-07
 8.85186e-07
 8.68371e-07
 8.69709e-07
 8.54037e-07
 8.54769e-07
 8.40035e-07
 8.40338e-07
 8.26392e-07
 9.99993e-05
           1
 8.98293e-11
 9.98056e-11
  9.4698e-11
 9.75761e-11
 9.41346e-11
 9.55888e-11
 9.28711e-11
 9.37275e-11
 9.14216e-11
 9.19578e-11
  8.9922e-11
 9.02646e-11
 8.84223e-11
 8.86391e-11
 8.69439e-11
 8.70754e-11
 8.54968e-11
 8.55688e-11
 8.40857e-11
 8.41156e-11
 8.27127e-11
