1.84416e-13
2.57409e-13
2.21426e-13
 2.4522e-13
2.23111e-13
2.35879e-13
2.19733e-13
2.27689e-13
2.15313e-13
2.20436e-13
2.10161e-13
2.13634e-13
 2.0494e-13
2.07247e-13
 1.9965e-13
2.01245e-13
1.94471e-13
1.95479e-13
1.89516e-13
1.89913e-13
1.84736e-13
1.12599e-13
2.52618e-13
2.08619e-13
2.45898e-13
2.24623e-13
2.42236e-13
2.29702e-13
2.39338e-13
2.31361e-13
 2.3701e-13
2.31473e-13
2.34702e-13
2.30792e-13
2.32521e-13
2.29614e-13
2.30344e-13
2.28194e-13
2.28138e-13
2.26621e-13
2.25929e-13
2.24905e-13
2.23184e-13
8.84926e-07
9.91151e-07
9.41818e-07
9.71744e-07
9.38113e-07
 9.5309e-07
9.26369e-07
9.35146e-07
9.12391e-07
9.17871e-07
8.97735e-07
9.01229e-07
8.82977e-07
8.85186e-07
8.68371e-07
8.69709e-07
8.54037e-07
8.54769e-07
8.40035e-07
8.40338e-07
8.26392e-07
 9.9999e-05
          1
8.85645e-11
9.91382e-11
9.42044e-11
9.71876e-11
9.38243e-11
9.53182e-11
9.26459e-11
9.35214e-11
 9.1246e-11
9.17925e-11
8.97789e-11
9.01273e-11
8.83021e-11
8.85222e-11
8.68407e-11
 8.6974e-11
8.54067e-11
8.54796e-11
 8.4006e-11
8.40363e-11
8.26413e-11
