2.04657e-13
2.53859e-13
2.28434e-13
2.42836e-13
2.27392e-13
2.34081e-13
2.23059e-13
2.26289e-13
2.17835e-13
  2.191e-13
2.12362e-13
1.56932e-13
2.47506e-13
  2.228e-13
2.42668e-13
2.33026e-13
 2.3977e-13
2.35752e-13
2.37418e-13
2.36095e-13
2.35247e-13
2.35398e-13
2.33936e-13
9.19173e-07
9.90808e-07
9.53241e-07
9.71401e-07
9.44976e-07
9.52747e-07
9.31282e-07
9.34802e-07
9.16224e-07
9.17526e-07
9.00883e-07
 9.9999e-05
          1
9.19595e-11
9.90969e-11
9.53372e-11
9.71494e-11
9.45051e-11
 9.5281e-11
9.31334e-11
9.34849e-11
9.16263e-11
9.17563e-11
9.00913e-11
