    2.5e-09
4.28571e-10
4.84563e-10
1.81319e-10
2.02207e-10
9.95375e-11
 1.0984e-10
6.26654e-11
6.85713e-11
4.29684e-11
4.66936e-11
-1.4356e-16
1.66665e-09
3.80948e-10
8.31894e-10
2.88153e-10
5.15127e-10
2.16489e-10
3.56235e-10
1.68062e-10
2.63672e-10
1.34515e-10
2.04401e-10
 9.9999e-05
3.33323e-05
3.33323e-05
 1.9999e-05
 1.9999e-05
1.42847e-05
1.42847e-05
1.11101e-05
1.11101e-05
9.08991e-06
9.08991e-06
 9.9999e-05
          1
 1.0833e-08
  3.476e-09
3.45179e-09
2.05235e-09
2.03694e-09
1.45399e-09
1.44347e-09
1.12545e-09
1.11781e-09
9.17974e-10
9.12183e-10
