    2.5e-09
4.28574e-10
4.84563e-10
1.81312e-10
2.02207e-10
 9.9542e-11
 1.0984e-10
6.26665e-11
6.85713e-11
4.29693e-11
4.66936e-11
3.12397e-11
3.37507e-11
 2.3704e-11
2.54821e-11
1.85818e-11
1.98901e-11
 1.4946e-11
 1.5938e-11
1.22742e-11
1.30452e-11
3.19674e-17
1.66665e-09
 3.8095e-10
8.31894e-10
2.88148e-10
5.15127e-10
2.16491e-10
3.56235e-10
1.68063e-10
2.63672e-10
1.34516e-10
2.04401e-10
1.10399e-10
1.63873e-10
9.24694e-11
1.34788e-10
7.87536e-11
1.13125e-10
6.80073e-11
9.65053e-11
5.94158e-11
8.34449e-11
 9.9999e-05
3.33323e-05
3.33323e-05
 1.9999e-05
 1.9999e-05
1.42847e-05
1.42847e-05
1.11101e-05
1.11101e-05
9.08991e-06
9.08991e-06
7.69131e-06
7.69131e-06
6.66567e-06
6.66567e-06
5.88135e-06
5.88135e-06
5.26216e-06
5.26216e-06
 4.7609e-06
 4.7609e-06
 9.9999e-05
          1
 1.0833e-08
3.47601e-09
3.45179e-09
2.05235e-09
2.03694e-09
  1.454e-09
1.44347e-09
1.12545e-09
1.11781e-09
9.17974e-10
9.12183e-10
7.75099e-10
7.70556e-10
6.70729e-10
6.67067e-10
5.91147e-10
5.88133e-10
 5.2846e-10
5.25934e-10
4.77802e-10
4.75655e-10
