 4.42483e-10
  1.2632e-10
 1.21034e-10
  6.4188e-11
 6.21324e-11
 3.99795e-11
 3.89493e-11
 2.76509e-11
 2.70589e-11
 2.04059e-11
  2.0035e-11
 1.57456e-11
 1.54982e-11
 1.25523e-11
   1.238e-11
 1.02607e-11
  1.0136e-11
 8.55556e-12
 8.46279e-12
 7.25005e-12
 7.17942e-12
-7.30994e-17
 1.17976e-10
 5.61336e-11
 8.20959e-11
 5.05061e-11
 6.25279e-11
 4.29238e-11
  5.0073e-11
 3.66069e-11
 4.14419e-11
 3.15823e-11
 3.51192e-11
 2.75741e-11
 3.02999e-11
 2.43339e-11
 2.65148e-11
 2.16768e-11
 2.34708e-11
 1.94677e-11
 2.09757e-11
 1.76082e-11
 1.88977e-11
  9.9999e-05
 3.33323e-05
 3.33323e-05
  1.9999e-05
  1.9999e-05
 1.42847e-05
 1.42847e-05
 1.11101e-05
 1.11101e-05
 9.08991e-06
 9.08991e-06
 7.69131e-06
 7.69131e-06
 6.66567e-06
 6.66567e-06
 5.88135e-06
 5.88135e-06
 5.26216e-06
 5.26216e-06
  4.7609e-06
  4.7609e-06
  9.9999e-05
           1
 1.00587e-08
  3.3542e-09
 3.34818e-09
 2.00941e-09
 2.00695e-09
 1.43387e-09
 1.43254e-09
 1.11446e-09
 1.11363e-09
 9.11362e-10
   9.108e-10
 7.70847e-10
  7.7044e-10
 6.67858e-10
 6.67549e-10
 5.89135e-10
 5.88893e-10
 5.27009e-10
 5.26814e-10
 4.76731e-10
 4.76571e-10
