 4.42483e-10
 1.26326e-10
 1.21034e-10
 6.41496e-11
 6.21324e-11
 3.99875e-11
 3.89492e-11
 2.76675e-11
 2.70588e-11
  2.0413e-11
  2.0035e-11
 1.57473e-11
 1.54982e-11
 1.25826e-11
   1.238e-11
 1.02778e-11
  1.0136e-11
 8.57241e-12
 8.46276e-12
 7.24899e-12
 7.17946e-12
 6.22588e-12
  6.1721e-12
 5.40386e-12
 5.36548e-12
 4.74543e-12
 4.71092e-12
 4.19583e-12
 4.16793e-12
 3.74107e-12
 3.71868e-12
 3.35226e-12
 3.33486e-12
 3.02812e-12
 3.01222e-12
 2.74541e-12
 2.73133e-12
 2.50024e-12
 2.49052e-12
 2.29015e-12
  2.2796e-12
 2.10201e-12
 2.09459e-12
  1.9391e-12
 1.93166e-12
  1.7929e-12
 1.78701e-12
  1.6635e-12
  1.6581e-12
  1.5475e-12
 1.54287e-12
 1.44327e-12
 1.43922e-12
 1.34936e-12
 1.34575e-12
 1.26437e-12
 1.26117e-12
  1.1872e-12
 1.18436e-12
 1.11688e-12
 1.11436e-12
 1.05273e-12
 1.05049e-12
 9.93905e-13
 9.91885e-13
 9.39957e-13
 9.38168e-13
 8.90257e-13
 8.88645e-13
  8.4446e-13
    8.43e-13
 8.02086e-13
 8.00779e-13
  7.6285e-13
 7.61663e-13
 7.26432e-13
 7.25363e-13
 6.92573e-13
 6.91599e-13
 6.61029e-13
 6.60149e-13
 6.31605e-13
 6.30802e-13
 6.04105e-13
 6.03376e-13
  5.7837e-13
 5.77704e-13
 5.54249e-13
 5.53642e-13
  5.3161e-13
 5.31055e-13
 5.10334e-13
 5.09827e-13
 4.90314e-13
  4.8985e-13
 4.71452e-13
 4.71026e-13
  4.5366e-13
  4.5327e-13
 4.36859e-13
 4.36501e-13
-1.85556e-15
 1.17976e-10
 5.61196e-11
 8.20959e-11
  5.0557e-11
 6.25279e-11
 4.28124e-11
  5.0073e-11
 3.66699e-11
 4.14419e-11
 3.15934e-11
 3.51191e-11
 2.75769e-11
 3.02999e-11
 2.43468e-11
 2.65148e-11
 2.16882e-11
 2.34708e-11
 1.94929e-11
 2.09758e-11
 1.76204e-11
 1.88973e-11
 1.60395e-11
 1.71446e-11
 1.46744e-11
 1.56453e-11
 1.34924e-11
 1.43565e-11
 1.24625e-11
 1.32314e-11
 1.15547e-11
 1.22486e-11
 1.07506e-11
 1.13789e-11
 1.00353e-11
 1.06083e-11
 9.39641e-12
 9.91913e-12
 8.81853e-12
 9.30112e-12
 8.30032e-12
 8.74424e-12
 7.82749e-12
 8.23948e-12
 7.39879e-12
  7.7813e-12
 7.00654e-12
 7.36314e-12
  6.6473e-12
 6.98058e-12
 6.31723e-12
 6.62948e-12
 6.01304e-12
 6.30627e-12
 5.73197e-12
 6.00797e-12
 5.47175e-12
 5.73201e-12
 5.23023e-12
 5.47609e-12
 5.00545e-12
 5.23821e-12
 4.79611e-12
 5.01671e-12
 4.60049e-12
 4.80997e-12
 4.41758e-12
 4.61675e-12
  4.2461e-12
 4.43576e-12
  4.0852e-12
 4.26601e-12
 3.93393e-12
 4.10652e-12
 3.79151e-12
 3.95646e-12
 3.65725e-12
 3.81506e-12
 3.53052e-12
 3.68165e-12
 3.41072e-12
 3.55561e-12
 3.29735e-12
 3.43639e-12
 3.18995e-12
 3.32348e-12
 3.08807e-12
 3.21643e-12
 2.99134e-12
 3.11484e-12
  2.8994e-12
 3.01831e-12
 2.81192e-12
  2.9265e-12
 2.72862e-12
 2.83911e-12
 2.64922e-12
 2.75583e-12
 2.57347e-12
 2.67642e-12
 2.50114e-12
 2.60061e-12
  9.9999e-05
 3.33323e-05
 3.33323e-05
  1.9999e-05
  1.9999e-05
 1.42847e-05
 1.42847e-05
 1.11101e-05
 1.11101e-05
 9.08991e-06
 9.08991e-06
 7.69131e-06
 7.69131e-06
 6.66567e-06
 6.66567e-06
 5.88135e-06
 5.88135e-06
 5.26216e-06
 5.26216e-06
  4.7609e-06
  4.7609e-06
 4.34683e-06
 4.34683e-06
   3.999e-06
   3.999e-06
  3.7027e-06
  3.7027e-06
 3.44728e-06
 3.44728e-06
 3.22481e-06
 3.22481e-06
  3.0293e-06
  3.0293e-06
 2.85614e-06
 2.85614e-06
  2.7017e-06
  2.7017e-06
  2.5631e-06
  2.5631e-06
 2.43802e-06
 2.43802e-06
 2.32458e-06
 2.32458e-06
 2.22122e-06
 2.22122e-06
 2.12666e-06
 2.12666e-06
 2.03982e-06
 2.03982e-06
 1.95978e-06
 1.95978e-06
 1.88579e-06
 1.88579e-06
 1.81718e-06
 1.81718e-06
 1.75339e-06
 1.75339e-06
 1.69392e-06
 1.69392e-06
 1.63834e-06
 1.63834e-06
  1.5863e-06
  1.5863e-06
 1.53746e-06
 1.53746e-06
 1.49154e-06
 1.49154e-06
 1.44828e-06
 1.44828e-06
 1.40745e-06
 1.40745e-06
 1.36886e-06
 1.36886e-06
 1.33233e-06
 1.33233e-06
  1.2977e-06
  1.2977e-06
 1.26482e-06
 1.26482e-06
 1.23357e-06
 1.23357e-06
 1.20382e-06
 1.20382e-06
 1.17547e-06
 1.17547e-06
 1.14843e-06
 1.14843e-06
  1.1226e-06
  1.1226e-06
  1.0979e-06
  1.0979e-06
 1.07427e-06
 1.07427e-06
 1.05163e-06
 1.05163e-06
 1.02993e-06
 1.02993e-06
  1.0091e-06
  1.0091e-06
 9.89099e-07
 9.89099e-07
  9.9999e-05
           1
 1.00587e-08
 3.35419e-09
 3.34818e-09
 2.00942e-09
 2.00695e-09
 1.43386e-09
 1.43254e-09
 1.11446e-09
 1.11363e-09
 9.11381e-10
   9.108e-10
 7.70826e-10
 7.70441e-10
 6.67895e-10
 6.67549e-10
 5.89105e-10
 5.88893e-10
 5.27009e-10
 5.26815e-10
 4.76735e-10
 4.76569e-10
 4.35207e-10
 4.35077e-10
 4.00344e-10
  4.0022e-10
 3.70633e-10
 3.70543e-10
 3.45045e-10
 3.44955e-10
  3.2275e-10
 3.22673e-10
 3.03162e-10
 3.03098e-10
 2.85818e-10
 2.85756e-10
 2.70348e-10
 2.70295e-10
 2.56467e-10
 2.56418e-10
 2.43941e-10
 2.43898e-10
 2.32582e-10
 2.32541e-10
 2.22232e-10
 2.22196e-10
 2.12765e-10
 2.12731e-10
 2.04071e-10
  2.0404e-10
 1.96059e-10
  1.9603e-10
 1.88652e-10
 1.88625e-10
 1.81785e-10
  1.8176e-10
 1.75399e-10
 1.75376e-10
 1.69447e-10
 1.69425e-10
 1.63885e-10
 1.63864e-10
 1.58677e-10
 1.58657e-10
 1.53789e-10
 1.53771e-10
 1.49193e-10
 1.49176e-10
 1.44864e-10
 1.44848e-10
 1.40779e-10
 1.40763e-10
 1.36917e-10
 1.36903e-10
 1.33262e-10
 1.33248e-10
 1.29797e-10
 1.29784e-10
 1.26507e-10
 1.26495e-10
  1.2338e-10
 1.23368e-10
 1.20403e-10
 1.20392e-10
 1.17567e-10
 1.17556e-10
 1.14861e-10
 1.14851e-10
 1.12277e-10
 1.12267e-10
 1.09806e-10
 1.09797e-10
 1.07442e-10
 1.07433e-10
 1.05178e-10
 1.05169e-10
 1.03006e-10
 1.02998e-10
 1.00923e-10
 1.00915e-10
 9.89217e-11
 9.89139e-11
