 4.92759e-11
 1.61118e-11
 1.59669e-11
 9.40438e-12
 9.32414e-12
 6.54239e-12
 6.48928e-12
  4.9611e-12
 4.92266e-12
 3.96116e-12
 3.93179e-12
-4.42993e-18
 1.87351e-12
 1.19118e-12
 1.75764e-12
 1.34471e-12
 1.65615e-12
 1.36073e-12
 1.56623e-12
 1.33716e-12
 1.48582e-12
 1.29958e-12
 1.41336e-12
  9.9999e-05
 3.33323e-05
 3.33323e-05
  1.9999e-05
  1.9999e-05
 1.42847e-05
 1.42847e-05
 1.11101e-05
 1.11101e-05
 9.08991e-06
 9.08991e-06
  9.9999e-05
           1
 1.00006e-08
  3.3336e-09
 3.33353e-09
 2.00011e-09
 2.00008e-09
 1.42862e-09
  1.4286e-09
 1.11112e-09
 1.11111e-09
 9.09075e-10
 9.09066e-10
