5.29869e-09
6.07975e-10
8.97409e-10
2.43304e-10
3.42859e-10
1.28594e-10
1.74796e-10
7.86868e-11
1.03976e-10
5.27949e-11
6.78651e-11
2.11654e-10
4.24471e-09
6.61008e-10
1.96096e-09
4.68925e-10
1.15173e-09
3.39799e-10
7.65758e-10
2.57115e-10
5.49547e-10
2.03601e-10
4.13347e-10
 9.6668e-05
3.33102e-05
 3.2666e-05
1.99895e-05
1.97134e-05
1.42794e-05
 1.4126e-05
1.11068e-05
1.10091e-05
9.08771e-06
9.00803e-06
 9.9999e-05
          1
1.17834e-08
3.55541e-09
 3.5231e-09
2.07633e-09
2.03844e-09
1.46386e-09
1.43381e-09
1.13016e-09
1.10697e-09
9.20614e-10
9.00959e-10
