5.24025e-09
6.05979e-10
8.89048e-10
2.41684e-10
3.40091e-10
1.27942e-10
1.73533e-10
7.83572e-11
1.03295e-10
5.26041e-11
6.74579e-11
2.08851e-10
 4.1904e-09
6.58304e-10
1.93756e-09
4.65707e-10
1.13871e-09
3.37539e-10
7.57451e-10
2.55483e-10
5.43782e-10
 2.0235e-10
4.09138e-10
 9.6668e-05
3.33102e-05
 3.2666e-05
1.99895e-05
1.97134e-05
1.42794e-05
 1.4126e-05
1.11068e-05
1.10091e-05
9.08771e-06
9.00803e-06
 9.9999e-05
          1
1.17561e-08
 3.5565e-09
3.52029e-09
2.07498e-09
2.03791e-09
1.46325e-09
1.43374e-09
1.12983e-09
1.10702e-09
 9.2041e-10
9.01043e-10
