4.72178e-09
5.82953e-10
8.14328e-10
2.35157e-10
 3.1501e-10
1.24962e-10
1.62091e-10
7.65682e-11
9.71233e-11
 5.1498e-11
6.40233e-11
3.68499e-11
4.50705e-11
2.75963e-11
3.32886e-11
2.13957e-11
2.55036e-11
1.70475e-11
2.01111e-11
1.38873e-11
1.62103e-11
1.84965e-10
3.70974e-09
6.21762e-10
1.72979e-09
4.44019e-10
1.02256e-09
3.23296e-10
6.83204e-10
 2.4513e-10
4.92234e-10
1.92751e-10
3.73307e-10
1.55936e-10
2.93853e-10
1.29054e-10
2.37947e-10
1.08794e-10
 1.9701e-10
9.31192e-11
 1.6607e-10
 8.1009e-11
1.41755e-10
 9.6668e-05
3.33102e-05
 3.2666e-05
1.99895e-05
1.97134e-05
1.42794e-05
 1.4126e-05
1.11068e-05
1.10091e-05
9.08759e-06
   9.02e-06
7.68961e-06
7.64004e-06
6.66437e-06
6.62646e-06
5.88033e-06
 5.8504e-06
5.26133e-06
 5.2371e-06
4.76023e-06
4.73835e-06
 9.9999e-05
          1
1.15163e-08
3.54304e-09
3.49533e-09
2.07268e-09
2.03269e-09
 1.4629e-09
1.43279e-09
1.12954e-09
1.10731e-09
9.20124e-10
9.02993e-10
7.76271e-10
7.62728e-10
6.71377e-10
6.60418e-10
5.91498e-10
5.82455e-10
5.28636e-10
 5.2105e-10
4.77887e-10
4.71238e-10
