2.39628e-07
4.30749e-08
4.69412e-08
 1.8216e-08
1.97078e-08
9.99537e-09
1.07481e-08
6.28999e-09
6.72931e-09
4.31133e-09
4.59199e-09
3.13335e-09
 3.3248e-09
2.37731e-09
2.51377e-09
1.86316e-09
1.96434e-09
1.49809e-09
1.57555e-09
1.23001e-09
1.29062e-09
1.02758e-09
1.07581e-09
8.70916e-10
9.09962e-10
7.47311e-10
 7.7935e-10
6.48046e-10
6.74702e-10
 5.6718e-10
5.89593e-10
5.00436e-10
5.19492e-10
4.44742e-10
4.61068e-10
3.97782e-10
4.11883e-10
3.57836e-10
3.70104e-10
3.23574e-10
3.34314e-10
2.93973e-10
3.03433e-10
 2.6823e-10
2.76605e-10
2.45702e-10
2.53154e-10
2.25879e-10
 2.3254e-10
2.08346e-10
2.14324e-10
1.92765e-10
1.98151e-10
1.78858e-10
1.83728e-10
1.66394e-10
1.70813e-10
 1.5518e-10
1.59202e-10
1.45057e-10
1.48728e-10
1.35886e-10
1.39247e-10
1.27554e-10
1.30638e-10
1.19961e-10
1.22798e-10
1.13022e-10
1.15639e-10
1.06665e-10
1.09083e-10
1.00827e-10
1.03066e-10
9.54521e-11
  9.753e-11
9.04939e-11
9.24255e-11
8.59102e-11
 8.7709e-11
8.16643e-11
8.33423e-11
 7.7724e-11
7.92918e-11
7.40607e-11
7.55278e-11
7.06491e-11
 7.2024e-11
6.74667e-11
 6.8757e-11
6.44936e-11
6.57061e-11
6.17118e-11
6.28527e-11
5.91054e-11
6.01802e-11
5.66599e-11
5.76736e-11
5.43624e-11
5.53196e-11
5.22012e-11
5.31033e-11
7.97475e-09
1.60246e-07
4.02113e-08
 8.0481e-08
2.98746e-08
5.00257e-08
2.23001e-08
3.46871e-08
1.72506e-08
2.57248e-08
1.37759e-08
 1.9972e-08
1.12876e-08
1.60314e-08
9.44288e-09
1.31998e-08
8.03418e-09
1.10879e-08
 6.9323e-09
9.46595e-09
6.05226e-09
8.19017e-09
5.33735e-09
7.16655e-09
4.74777e-09
6.33135e-09
4.25521e-09
5.64005e-09
3.83902e-09
 5.0607e-09
3.48383e-09
4.56985e-09
3.17801e-09
4.14998e-09
 2.9126e-09
3.78775e-09
2.68062e-09
3.47285e-09
2.47656e-09
3.19721e-09
  2.296e-09
2.95443e-09
2.13538e-09
2.73938e-09
1.99182e-09
 2.5479e-09
 1.8629e-09
2.37661e-09
1.74668e-09
2.22269e-09
1.64148e-09
2.08384e-09
1.54593e-09
 1.9581e-09
1.45886e-09
1.84385e-09
1.37927e-09
 1.7397e-09
1.30631e-09
1.64446e-09
1.23923e-09
1.55713e-09
1.17743e-09
1.47684e-09
1.12033e-09
1.40284e-09
1.06747e-09
1.33447e-09
1.01842e-09
1.27117e-09
9.72824e-10
1.21243e-09
9.30354e-10
1.15783e-09
8.90725e-10
1.10696e-09
8.53682e-10
 1.0595e-09
8.19001e-10
1.01515e-09
 7.8648e-10
9.73616e-10
 7.5594e-10
9.34677e-10
 7.2722e-10
8.98113e-10
7.00174e-10
8.63731e-10
6.74673e-10
8.31358e-10
6.50597e-10
8.00836e-10
6.27841e-10
7.72025e-10
6.06308e-10
7.44797e-10
5.85909e-10
7.19036e-10
5.66565e-10
6.94636e-10
5.48319e-10
6.71371e-10
 0.00096668
0.000333102
 0.00032666
0.000199895
0.000197134
0.000142794
 0.00014126
0.000111068
0.000110091
9.08759e-05
   9.02e-05
7.68961e-05
7.64004e-05
6.66437e-05
6.62646e-05
5.88033e-05
 5.8504e-05
5.26133e-05
 5.2371e-05
4.76022e-05
4.74021e-05
4.34625e-05
4.32944e-05
3.99851e-05
3.98419e-05
3.70228e-05
3.68994e-05
3.44691e-05
3.43616e-05
3.22448e-05
3.21504e-05
3.02902e-05
3.02065e-05
2.85589e-05
2.84842e-05
2.70147e-05
2.69478e-05
 2.5629e-05
2.55685e-05
2.43784e-05
2.43236e-05
2.32441e-05
2.31942e-05
2.22107e-05
 2.2165e-05
2.12652e-05
2.12232e-05
2.03969e-05
2.03582e-05
1.95966e-05
1.95609e-05
1.88568e-05
1.88236e-05
1.81708e-05
1.81399e-05
1.75329e-05
1.75041e-05
1.69382e-05
1.69114e-05
1.63826e-05
1.63574e-05
1.58622e-05
1.58386e-05
1.53739e-05
1.53517e-05
1.49147e-05
1.48938e-05
1.44821e-05
1.44624e-05
1.40739e-05
1.40552e-05
 1.3688e-05
1.36704e-05
1.33228e-05
 1.3306e-05
1.29765e-05
1.29606e-05
1.26477e-05
1.26326e-05
1.23352e-05
1.23208e-05
1.20377e-05
 1.2024e-05
1.17543e-05
1.17412e-05
1.14838e-05
1.14714e-05
1.12256e-05
1.12136e-05
1.09786e-05
1.09672e-05
1.07423e-05
1.07314e-05
 1.0516e-05
1.05055e-05
1.02989e-05
1.02889e-05
1.00907e-05
 1.0081e-05
9.89068e-06
9.88122e-06
0.000999989
          1
1.04648e-06
3.47246e-07
3.38177e-07
2.05062e-07
2.00777e-07
1.45294e-07
1.42754e-07
1.12473e-07
1.10781e-07
9.17448e-08
9.05313e-08
  7.747e-08
 7.6555e-08
6.70415e-08
6.63259e-08
5.90897e-08
 5.8514e-08
5.28255e-08
 5.2352e-08
4.77628e-08
4.73667e-08
4.35866e-08
4.32501e-08
4.00825e-08
 3.9793e-08
3.71004e-08
3.68485e-08
3.45315e-08
3.43104e-08
3.22955e-08
3.20999e-08
3.03317e-08
3.01573e-08
2.85932e-08
2.84367e-08
2.70432e-08
2.69021e-08
2.56527e-08
2.55247e-08
2.43983e-08
2.42817e-08
2.32608e-08
2.31542e-08
2.22248e-08
2.21268e-08
2.12771e-08
2.11868e-08
2.04069e-08
2.03235e-08
1.96051e-08
1.95278e-08
 1.8864e-08
1.87921e-08
1.81769e-08
1.81098e-08
 1.7538e-08
1.74754e-08
1.69426e-08
1.68839e-08
1.63862e-08
1.63311e-08
1.58652e-08
1.58134e-08
1.53763e-08
1.53275e-08
1.49167e-08
1.48706e-08
1.44837e-08
1.44402e-08
1.40751e-08
1.40339e-08
 1.3689e-08
1.36499e-08
1.33235e-08
1.32864e-08
 1.2977e-08
1.29417e-08
 1.2648e-08
1.26144e-08
1.23353e-08
1.23033e-08
1.20377e-08
1.20071e-08
1.17541e-08
1.17249e-08
1.14835e-08
1.14556e-08
1.12251e-08
1.11984e-08
1.09781e-08
1.09525e-08
1.07417e-08
1.07172e-08
1.05153e-08
1.04918e-08
1.02982e-08
1.02756e-08
1.00899e-08
1.00682e-08
9.88985e-09
9.86879e-09
