4.26687e-08
1.25968e-08
1.18193e-08
6.40488e-09
6.10253e-09
 3.9912e-09
3.83845e-09
2.76119e-09
2.67263e-09
2.03813e-09
1.98206e-09
1.57288e-09
1.53509e-09
1.25407e-09
 1.2274e-09
1.02521e-09
 1.0057e-09
8.54907e-10
8.40216e-10
 7.2451e-10
7.12743e-10
5.68003e-10
1.14889e-08
 5.7349e-09
8.05186e-09
5.10588e-09
 6.1549e-09
4.32494e-09
4.94005e-09
3.68261e-09
4.09495e-09
3.17424e-09
3.47423e-09
 2.7697e-09
3.00019e-09
2.44322e-09
2.62731e-09
2.17575e-09
2.32709e-09
1.95355e-09
2.08074e-09
1.76712e-09
 1.8742e-09
 0.00096668
0.000333102
 0.00032666
0.000199895
0.000197134
0.000142794
 0.00014126
0.000111068
0.000110091
9.08759e-05
   9.02e-05
7.68961e-05
7.64004e-05
6.66437e-05
6.62646e-05
5.88033e-05
 5.8504e-05
5.26133e-05
 5.2371e-05
4.76023e-05
4.73835e-05
 0.00099999
          1
9.72366e-07
3.35167e-07
3.28127e-07
2.00834e-07
 1.9783e-07
1.43328e-07
1.41664e-07
1.11408e-07
1.10352e-07
9.11102e-08
9.03804e-08
7.70657e-08
7.65312e-08
6.67713e-08
6.63629e-08
5.89021e-08
  5.858e-08
5.26916e-08
 5.2431e-08
4.76656e-08
4.74316e-08
