4.76188e-09
1.60938e-09
1.56389e-09
9.39585e-10
9.18511e-10
6.53728e-10
 6.4129e-10
4.95764e-10
 4.8746e-10
 3.9587e-10
3.89322e-10
9.05874e-12
1.83944e-10
 1.2181e-10
1.73701e-10
1.35938e-10
1.64139e-10
1.37034e-10
1.55479e-10
1.34407e-10
1.47652e-10
1.30529e-10
1.40434e-10
 0.00096668
0.000333102
 0.00032666
0.000199895
0.000197134
0.000142794
 0.00014126
0.000111068
0.000110091
9.08771e-05
9.00803e-05
 0.00099999
          1
9.66752e-07
3.33138e-07
3.26689e-07
1.99916e-07
1.97152e-07
1.42809e-07
1.41273e-07
1.11078e-07
1.10101e-07
9.08855e-08
9.00878e-08
