3.12605e-07
6.18659e-08
5.93721e-08
2.48496e-08
2.43228e-08
1.31401e-08
1.30066e-08
8.03969e-09
8.01009e-09
5.40778e-09
5.26408e-09
1.21952e-07
 2.5922e-07
9.25083e-08
 1.2734e-07
6.01509e-08
7.77796e-08
4.21427e-08
5.31633e-08
3.13054e-08
3.89097e-08
2.47348e-08
2.91125e-08
0.000686964
0.000313029
0.000269578
0.000191239
0.000172397
0.000137967
 0.00012742
0.000107988
0.000101233
8.88118e-05
8.33247e-05
0.000999868
          1
8.02935e-07
3.32792e-07
2.85309e-07
1.97653e-07
1.76957e-07
1.40722e-07
1.29064e-07
1.09355e-07
1.01835e-07
 8.9591e-08
8.34745e-08
