3.12605e-07
6.18659e-08
5.93721e-08
2.48497e-08
2.43228e-08
1.31399e-08
1.30067e-08
8.03932e-09
8.01288e-09
5.38859e-09
5.39511e-09
3.84558e-09
3.86196e-09
2.87302e-09
2.89133e-09
2.22272e-09
 2.2402e-09
1.76761e-09
 1.7833e-09
1.43825e-09
1.43932e-09
1.21952e-07
 2.5922e-07
9.25084e-08
 1.2734e-07
6.01508e-08
7.77797e-08
4.21425e-08
5.31639e-08
3.13003e-08
3.89561e-08
2.42646e-08
2.99352e-08
1.94265e-08
2.38145e-08
1.59471e-08
 1.9453e-08
1.33546e-08
1.62254e-08
1.13672e-08
1.37594e-08
9.89855e-09
 1.1697e-08
0.000686964
0.000313029
0.000269578
0.000191239
0.000172397
0.000137967
0.000127421
0.000107987
0.000101241
8.87392e-05
8.40513e-05
7.53268e-05
7.18791e-05
6.54423e-05
6.27998e-05
5.78539e-05
5.57639e-05
5.18442e-05
5.01494e-05
4.69724e-05
4.54453e-05
0.000999868
          1
8.02935e-07
3.32792e-07
2.85309e-07
1.97653e-07
1.76957e-07
1.40722e-07
1.29064e-07
1.09352e-07
 1.0185e-07
8.94729e-08
8.42315e-08
 7.5739e-08
7.18659e-08
6.56774e-08
6.26966e-08
 5.7986e-08
5.56198e-08
5.19138e-08
4.99885e-08
4.70073e-08
4.52835e-08
