3.09543e-07
6.15305e-08
5.89076e-08
2.47362e-08
2.41617e-08
1.30865e-08
1.29319e-08
8.00978e-09
 7.9714e-09
5.37037e-09
5.36973e-09
3.83386e-09
3.84525e-09
2.86491e-09
2.87953e-09
2.21673e-09
2.23176e-09
1.76309e-09
1.77719e-09
1.43394e-09
1.44644e-09
1.18773e-09
1.19881e-09
9.99063e-10
1.00879e-09
8.51448e-10
8.59966e-10
7.33849e-10
7.41343e-10
6.38732e-10
6.45331e-10
5.60747e-10
 5.6657e-10
4.96054e-10
5.01213e-10
4.41799e-10
4.46389e-10
3.95886e-10
3.99986e-10
 3.5669e-10
3.60362e-10
3.22981e-10
3.26279e-10
2.93776e-10
2.96754e-10
2.68323e-10
2.71015e-10
2.46004e-10
2.48448e-10
 2.2633e-10
2.28554e-10
2.08903e-10
2.10932e-10
1.93393e-10
 1.9525e-10
1.79533e-10
1.81236e-10
1.67097e-10
1.68663e-10
1.55898e-10
1.57341e-10
1.45779e-10
1.47111e-10
1.36605e-10
1.37837e-10
1.28263e-10
1.29405e-10
1.20656e-10
1.21717e-10
1.13701e-10
1.14688e-10
1.07326e-10
1.08245e-10
1.01467e-10
1.02326e-10
9.60725e-11
 9.6875e-11
9.10933e-11
9.18447e-11
8.64885e-11
 8.7193e-11
8.22217e-11
8.28831e-11
7.82608e-11
7.88825e-11
7.45773e-11
7.51624e-11
 7.1146e-11
7.16974e-11
6.79446e-11
6.84649e-11
6.49531e-11
6.54444e-11
6.21536e-11
6.26181e-11
  5.953e-11
5.99697e-11
5.70681e-11
5.74846e-11
5.47553e-11
5.51259e-11
1.20535e-07
2.56266e-07
 9.1738e-08
1.26021e-07
5.96981e-08
 7.7027e-08
4.18446e-08
5.26772e-08
3.10901e-08
 3.8614e-08
2.41084e-08
2.96815e-08
1.93058e-08
2.36187e-08
1.58509e-08
1.92972e-08
1.32762e-08
1.60983e-08
1.13017e-08
1.36585e-08
9.75176e-09
1.17512e-08
8.51076e-09
1.02296e-08
7.50045e-09
8.99476e-09
6.66605e-09
7.97763e-09
5.96825e-09
7.12912e-09
5.37831e-09
 6.4133e-09
4.87469e-09
5.80344e-09
4.44107e-09
 5.2793e-09
4.06481e-09
4.82525e-09
3.73606e-09
4.42916e-09
3.44699e-09
 4.0814e-09
3.19137e-09
3.77429e-09
2.96412e-09
3.50163e-09
2.76114e-09
3.25838e-09
2.57903e-09
3.04039e-09
2.41496e-09
2.84422e-09
2.26659e-09
2.66702e-09
2.13195e-09
2.50636e-09
2.00936e-09
2.36024e-09
 1.8974e-09
 2.2269e-09
1.79486e-09
2.10489e-09
1.70069e-09
1.99294e-09
1.61398e-09
1.88995e-09
1.53396e-09
1.79497e-09
1.45995e-09
1.70719e-09
1.39134e-09
1.62588e-09
1.32761e-09
1.55042e-09
1.26831e-09
1.48024e-09
1.21303e-09
1.41486e-09
 1.1614e-09
1.35385e-09
 1.1131e-09
1.29681e-09
1.06786e-09
 1.2434e-09
 1.0254e-09
1.19332e-09
9.85515e-10
 1.1463e-09
9.47984e-10
1.10208e-09
9.12626e-10
1.06044e-09
8.79273e-10
1.02119e-09
8.47774e-10
9.84135e-10
8.17992e-10
 9.4912e-10
7.89803e-10
9.15984e-10
7.64222e-10
 8.8327e-10
0.000686964
0.000313029
0.000269578
0.000191239
0.000172397
0.000137967
0.000127421
0.000107987
0.000101241
8.87392e-05
8.40513e-05
7.53268e-05
7.18791e-05
6.54423e-05
6.27998e-05
5.78539e-05
5.57639e-05
5.18442e-05
5.01497e-05
4.69665e-05
4.55649e-05
4.29282e-05
4.17496e-05
3.95298e-05
3.85248e-05
3.66301e-05
3.57631e-05
 3.4127e-05
3.33713e-05
3.19441e-05
3.12796e-05
3.00237e-05
2.94348e-05
2.83212e-05
2.77957e-05
2.68014e-05
2.63296e-05
2.54364e-05
2.50104e-05
2.42037e-05
2.38172e-05
2.30849e-05
2.27327e-05
 2.2065e-05
2.17426e-05
2.11314e-05
2.08352e-05
2.02736e-05
2.00006e-05
1.94826e-05
1.92302e-05
1.87511e-05
1.85169e-05
1.80725e-05
1.78547e-05
1.74413e-05
1.72382e-05
1.68526e-05
1.66628e-05
1.63024e-05
1.61246e-05
 1.5787e-05
1.56201e-05
1.53031e-05
1.51462e-05
 1.4848e-05
1.47002e-05
1.44192e-05
1.42796e-05
1.40144e-05
1.38825e-05
1.36317e-05
1.35069e-05
1.32694e-05
 1.3151e-05
1.29258e-05
1.28134e-05
1.25996e-05
1.24927e-05
1.22893e-05
1.21876e-05
 1.1994e-05
1.18971e-05
1.17126e-05
1.16201e-05
 1.1444e-05
1.13557e-05
1.11875e-05
 1.1103e-05
1.09422e-05
1.08613e-05
1.07074e-05
  1.063e-05
1.04825e-05
1.04082e-05
1.02668e-05
1.01956e-05
1.00599e-05
 9.9914e-06
9.86107e-06
9.79408e-06
0.000999869
          1
  8.016e-07
 3.3267e-07
2.85167e-07
 1.9762e-07
 1.7693e-07
1.40712e-07
1.29061e-07
 1.0935e-07
1.01853e-07
8.94728e-08
8.42361e-08
7.57399e-08
7.18706e-08
6.56787e-08
6.27014e-08
5.79875e-08
5.56241e-08
5.19152e-08
4.99932e-08
4.69984e-08
4.54041e-08
4.29353e-08
4.15913e-08
3.95208e-08
3.83722e-08
3.66108e-08
3.56179e-08
 3.4101e-08
 3.3234e-08
 3.1914e-08
3.11503e-08
2.99911e-08
2.93133e-08
2.82873e-08
2.76816e-08
2.67669e-08
2.62224e-08
 2.5402e-08
2.49098e-08
2.41696e-08
2.37226e-08
2.30515e-08
2.26436e-08
2.20324e-08
2.16587e-08
2.10996e-08
2.07561e-08
2.02427e-08
1.99258e-08
1.94528e-08
1.91595e-08
1.87222e-08
  1.845e-08
1.80446e-08
1.77912e-08
1.74143e-08
1.71779e-08
1.68266e-08
1.66056e-08
1.62773e-08
1.60701e-08
1.57628e-08
1.55682e-08
1.52798e-08
1.50967e-08
1.48255e-08
1.46529e-08
1.43975e-08
1.42345e-08
1.39934e-08
1.38393e-08
1.36115e-08
1.34655e-08
1.32498e-08
1.31114e-08
1.29069e-08
1.27754e-08
1.25813e-08
1.24562e-08
1.22717e-08
1.21525e-08
1.19769e-08
1.18634e-08
 1.1696e-08
1.15876e-08
 1.1428e-08
1.13244e-08
 1.1172e-08
1.10729e-08
1.09272e-08
1.08323e-08
1.06928e-08
 1.0602e-08
1.04684e-08
1.03812e-08
1.02531e-08
1.01694e-08
1.00465e-08
9.96615e-09
9.84812e-09
9.76975e-09
