2.82099e-07
5.83948e-08
5.47202e-08
2.36648e-08
2.27059e-08
1.25916e-08
1.22511e-08
7.74063e-09
7.59749e-09
5.20766e-09
 5.1421e-09
3.72767e-09
3.69613e-09
2.79191e-09
 2.7766e-09
2.16442e-09
2.15755e-09
1.72429e-09
1.72183e-09
 1.4042e-09
1.40416e-09
1.16451e-09
1.16573e-09
9.80591e-10
9.82422e-10
8.36473e-10
8.38629e-10
7.21563e-10
7.23812e-10
6.28526e-10
6.30753e-10
5.52179e-10
5.54328e-10
4.88769e-10
4.90824e-10
4.35577e-10
4.37501e-10
3.90522e-10
3.92318e-10
3.52034e-10
3.53706e-10
3.18909e-10
3.20461e-10
  2.902e-10
 2.9164e-10
2.65162e-10
2.66496e-10
2.43197e-10
2.44434e-10
2.23827e-10
2.24974e-10
 2.0666e-10
2.07724e-10
1.91377e-10
1.92365e-10
1.77713e-10
1.78632e-10
1.65449e-10
1.66304e-10
1.54401e-10
1.55198e-10
1.44415e-10
1.45158e-10
1.35358e-10
1.36053e-10
1.27121e-10
1.27771e-10
1.19608e-10
1.20216e-10
1.12736e-10
1.13306e-10
1.06435e-10
 1.0697e-10
1.00644e-10
1.01147e-10
9.53094e-11
9.57824e-11
 9.0385e-11
9.08304e-11
8.58299e-11
8.62498e-11
8.16083e-11
8.20045e-11
7.76884e-11
7.80627e-11
7.40424e-11
7.43964e-11
7.06455e-11
7.09805e-11
6.74755e-11
6.77929e-11
6.45129e-11
6.48138e-11
6.17399e-11
6.20254e-11
5.91408e-11
 5.9412e-11
5.67014e-11
5.69593e-11
5.44094e-11
 5.4632e-11
 1.0786e-07
2.29821e-07
8.46814e-08
1.14182e-07
5.55384e-08
7.02614e-08
3.91169e-08
4.82844e-08
2.91647e-08
3.55291e-08
2.26767e-08
 2.7394e-08
1.81992e-08
2.18538e-08
1.49702e-08
1.78935e-08
1.25585e-08
1.49551e-08
1.07056e-08
 1.2709e-08
9.24858e-09
  1.095e-08
8.08034e-09
9.54449e-09
7.12806e-09
8.40204e-09
6.34062e-09
7.45982e-09
5.68146e-09
 6.6728e-09
5.12363e-09
6.00813e-09
4.64702e-09
5.44127e-09
 4.2363e-09
4.95361e-09
3.87966e-09
4.53079e-09
3.56783e-09
4.16164e-09
3.29346e-09
3.83727e-09
3.05069e-09
3.55061e-09
2.83475e-09
3.29594e-09
2.64175e-09
3.06858e-09
2.46851e-09
2.86471e-09
2.31236e-09
2.68114e-09
2.17109e-09
2.51523e-09
2.04283e-09
2.36473e-09
1.92601e-09
2.22777e-09
1.81927e-09
2.10274e-09
1.72147e-09
1.98828e-09
1.63163e-09
 1.8832e-09
1.54887e-09
 1.7865e-09
1.47248e-09
1.69728e-09
1.40179e-09
 1.6148e-09
1.33625e-09
1.53836e-09
1.27535e-09
1.46739e-09
1.21867e-09
1.40138e-09
1.16581e-09
1.33985e-09
1.11643e-09
1.28241e-09
1.07023e-09
 1.2287e-09
1.02693e-09
 1.1784e-09
9.86297e-10
1.13121e-09
9.48109e-10
1.08689e-09
9.12171e-10
 1.0452e-09
8.78306e-10
1.00594e-09
8.46354e-10
9.68911e-10
8.16173e-10
9.33952e-10
7.87631e-10
9.00908e-10
7.60609e-10
8.69629e-10
7.35976e-10
8.38826e-10
0.000686964
0.000313029
0.000269578
0.000191239
0.000172397
0.000137967
0.000127421
0.000107987
0.000101241
8.87392e-05
8.40513e-05
7.53268e-05
7.18791e-05
6.54423e-05
6.27998e-05
5.78539e-05
5.57639e-05
5.18442e-05
5.01497e-05
4.69665e-05
4.55649e-05
4.29282e-05
4.17496e-05
3.95298e-05
3.85248e-05
3.66301e-05
3.57631e-05
 3.4127e-05
3.33713e-05
3.19441e-05
3.12796e-05
3.00237e-05
2.94348e-05
2.83212e-05
2.77957e-05
2.68014e-05
2.63296e-05
2.54364e-05
2.50104e-05
2.42037e-05
2.38172e-05
2.30849e-05
2.27327e-05
 2.2065e-05
2.17426e-05
2.11314e-05
2.08352e-05
2.02736e-05
2.00006e-05
1.94826e-05
1.92302e-05
1.87511e-05
1.85169e-05
1.80725e-05
1.78547e-05
1.74413e-05
1.72382e-05
1.68526e-05
1.66628e-05
1.63024e-05
1.61246e-05
 1.5787e-05
1.56201e-05
1.53031e-05
1.51462e-05
 1.4848e-05
1.47002e-05
1.44192e-05
1.42796e-05
1.40144e-05
1.38825e-05
1.36317e-05
1.35069e-05
1.32694e-05
 1.3151e-05
1.29258e-05
1.28134e-05
1.25996e-05
1.24927e-05
1.22893e-05
1.21876e-05
 1.1994e-05
1.18971e-05
1.17126e-05
1.16201e-05
 1.1444e-05
1.13557e-05
1.11875e-05
 1.1103e-05
1.09422e-05
1.08613e-05
1.07074e-05
  1.063e-05
1.04825e-05
1.04082e-05
1.02668e-05
1.01956e-05
1.00599e-05
 9.9914e-06
9.86107e-06
9.79408e-06
0.000999882
          1
7.89667e-07
3.31509e-07
 2.8388e-07
1.97327e-07
 1.7666e-07
1.40621e-07
1.29016e-07
1.09325e-07
1.01874e-07
8.94725e-08
8.42763e-08
7.57495e-08
7.19151e-08
6.56922e-08
6.27441e-08
5.80019e-08
5.56638e-08
5.19295e-08
5.00292e-08
4.70121e-08
4.54367e-08
 4.2948e-08
4.16207e-08
3.95326e-08
3.83988e-08
3.66217e-08
3.56419e-08
3.41111e-08
3.32558e-08
3.19233e-08
3.11702e-08
2.99998e-08
2.93315e-08
2.82953e-08
2.76982e-08
2.67743e-08
2.62377e-08
2.54088e-08
2.49239e-08
 2.4176e-08
2.37356e-08
2.30575e-08
2.26557e-08
2.20379e-08
  2.167e-08
2.11048e-08
2.07666e-08
2.02476e-08
1.99356e-08
1.94574e-08
1.91686e-08
1.87266e-08
1.84586e-08
1.80487e-08
1.77993e-08
1.74182e-08
1.71855e-08
1.68303e-08
1.66127e-08
1.62808e-08
1.60769e-08
1.57661e-08
1.55746e-08
1.52829e-08
1.51028e-08
1.48285e-08
1.46587e-08
1.44003e-08
  1.424e-08
1.39961e-08
1.38445e-08
1.36141e-08
1.34705e-08
1.32523e-08
1.31161e-08
1.29093e-08
1.27799e-08
1.25835e-08
1.24605e-08
1.22738e-08
1.21567e-08
 1.1979e-08
1.18673e-08
 1.1698e-08
1.15914e-08
1.14299e-08
1.13281e-08
1.11738e-08
1.10764e-08
1.09289e-08
1.08357e-08
1.06945e-08
1.06052e-08
  1.047e-08
1.03843e-08
1.02547e-08
1.01724e-08
 1.0048e-08
9.96904e-09
9.84959e-09
9.77253e-09
