2.82096e-07
 5.8397e-08
5.47197e-08
2.36633e-08
 2.2707e-08
1.25909e-08
 1.2251e-08
7.73984e-09
7.59505e-09
 5.2238e-09
5.02217e-09
1.07859e-07
2.29819e-07
8.46822e-08
1.14181e-07
5.55374e-08
7.02628e-08
3.91159e-08
4.82854e-08
2.91676e-08
3.54907e-08
2.30685e-08
2.66734e-08
0.000686964
0.000313029
0.000269578
0.000191239
0.000172397
0.000137967
 0.00012742
0.000107988
0.000101233
8.88118e-05
8.33247e-05
0.000999882
          1
7.89664e-07
3.31513e-07
2.83882e-07
1.97326e-07
1.76661e-07
 1.4062e-07
1.29017e-07
1.09326e-07
 1.0186e-07
8.95825e-08
8.35235e-08
