1.52117e-07
4.04236e-08
3.39892e-08
1.73737e-08
1.52952e-08
9.62956e-09
8.71258e-09
 6.1016e-09
5.62017e-09
4.21147e-09
3.84935e-09
4.93082e-08
1.06995e-07
4.79913e-08
5.78707e-08
3.33053e-08
3.75856e-08
2.43065e-08
2.68415e-08
1.86001e-08
2.03265e-08
1.48734e-08
1.57354e-08
0.000686964
0.000313029
0.000269578
0.000191239
0.000172397
0.000137967
 0.00012742
0.000107988
0.000101233
8.88118e-05
8.33247e-05
0.000999941
          1
7.34412e-07
3.24716e-07
2.77541e-07
1.95431e-07
1.75204e-07
1.39946e-07
 1.2869e-07
1.09069e-07
1.01882e-07
8.94693e-08
8.36696e-08
