2.94189e-08
1.15614e-08
9.38952e-09
6.00097e-09
5.14512e-09
3.78541e-09
3.34662e-09
2.64039e-09
2.38159e-09
1.96056e-09
1.79371e-09
1.51983e-09
1.40539e-09
1.21606e-09
1.13387e-09
9.96979e-10
 9.3582e-10
8.33334e-10
7.86507e-10
 7.0777e-10
6.68093e-10
3.84105e-09
8.89876e-09
6.14334e-09
6.70669e-09
5.20842e-09
5.31227e-09
4.35399e-09
4.35771e-09
3.68863e-09
3.66676e-09
 3.1724e-09
3.14552e-09
 2.7653e-09
2.73966e-09
2.43827e-09
2.41563e-09
2.17104e-09
2.15166e-09
1.94935e-09
  1.933e-09
1.76274e-09
1.74282e-09
0.000686964
0.000313029
0.000269578
0.000191239
0.000172397
0.000137967
0.000127421
0.000107987
0.000101241
8.87392e-05
8.40513e-05
7.53268e-05
7.18791e-05
6.54423e-05
6.27998e-05
5.78539e-05
5.57639e-05
5.18442e-05
5.01494e-05
4.69724e-05
4.54453e-05
0.000999986
          1
6.90822e-07
3.14749e-07
2.70751e-07
1.92044e-07
1.72993e-07
1.38431e-07
 1.2778e-07
1.08287e-07
 1.0148e-07
8.89468e-08
8.42193e-08
7.54778e-08
7.20029e-08
6.55562e-08
 6.2894e-08
5.79423e-08
5.58375e-08
5.19143e-08
5.02081e-08
4.70291e-08
4.54927e-08
