2.94181e-08
1.15598e-08
9.39051e-09
6.00118e-09
5.14585e-09
3.78521e-09
3.34762e-09
2.64021e-09
2.38187e-09
1.96062e-09
1.79352e-09
1.51961e-09
1.40515e-09
1.21593e-09
1.13368e-09
9.96905e-10
9.35691e-10
8.33323e-10
7.86452e-10
7.07559e-10
6.70931e-10
6.08787e-10
5.79513e-10
5.29647e-10
5.05879e-10
4.65206e-10
4.45636e-10
4.12014e-10
3.95691e-10
3.67571e-10
3.53783e-10
3.30014e-10
3.18295e-10
2.97987e-10
 2.8794e-10
2.70472e-10
2.61771e-10
2.46614e-10
2.39052e-10
2.25825e-10
 2.1919e-10
2.07568e-10
2.01726e-10
1.91462e-10
1.86286e-10
1.77172e-10
1.72566e-10
1.64436e-10
1.60319e-10
1.53035e-10
1.49339e-10
1.42787e-10
1.39457e-10
1.33541e-10
1.30531e-10
 1.2517e-10
1.22439e-10
1.17567e-10
1.15082e-10
 1.1064e-10
1.08371e-10
 1.0431e-10
1.02234e-10
9.85109e-11
9.66063e-11
9.31845e-11
9.14329e-11
8.82806e-11
8.66659e-11
8.37555e-11
8.22638e-11
 7.9571e-11
7.81901e-11
7.56935e-11
7.44128e-11
7.20938e-11
7.09037e-11
6.87458e-11
 6.7638e-11
6.56265e-11
6.45935e-11
6.27155e-11
6.17508e-11
5.99945e-11
5.90922e-11
5.74474e-11
5.66022e-11
5.50596e-11
5.42668e-11
 5.2818e-11
5.20733e-11
5.07109e-11
5.00106e-11
4.87278e-11
4.80683e-11
 4.6859e-11
4.62374e-11
 4.5096e-11
4.45093e-11
 4.3431e-11
 4.2867e-11
3.84147e-09
8.89639e-09
6.14167e-09
6.70647e-09
5.20739e-09
5.31238e-09
 4.3534e-09
4.35777e-09
3.68796e-09
3.66659e-09
3.17181e-09
3.14514e-09
 2.7651e-09
2.73928e-09
2.43842e-09
2.41563e-09
2.17157e-09
2.15135e-09
1.94986e-09
1.93273e-09
1.76334e-09
1.74907e-09
 1.6048e-09
1.59288e-09
1.46863e-09
1.45868e-09
1.35062e-09
1.34231e-09
1.24753e-09
 1.2406e-09
1.15685e-09
1.15105e-09
1.07656e-09
1.07173e-09
1.00506e-09
1.00103e-09
9.41054e-10
9.37719e-10
8.83486e-10
8.80732e-10
8.31487e-10
8.29227e-10
7.84319e-10
7.82482e-10
7.41384e-10
7.39908e-10
7.02164e-10
7.00999e-10
6.66224e-10
6.65326e-10
6.33194e-10
6.32526e-10
6.02754e-10
6.02285e-10
5.74629e-10
5.74331e-10
5.48579e-10
 5.4843e-10
5.24398e-10
5.24377e-10
5.01903e-10
5.01993e-10
4.80934e-10
4.81121e-10
4.61351e-10
4.61621e-10
4.43029e-10
4.43372e-10
4.25859e-10
4.26264e-10
 4.0974e-10
  4.102e-10
3.94587e-10
3.95094e-10
 3.8032e-10
3.80867e-10
3.66869e-10
3.67451e-10
3.54171e-10
3.54782e-10
3.42167e-10
3.42803e-10
3.30807e-10
3.31464e-10
3.20043e-10
3.20718e-10
3.09832e-10
3.10523e-10
3.00137e-10
 3.0084e-10
2.90921e-10
2.91634e-10
2.82153e-10
2.82873e-10
2.73802e-10
2.74528e-10
2.65842e-10
2.66573e-10
2.58248e-10
2.58981e-10
2.51003e-10
 2.5166e-10
0.000686964
0.000313029
0.000269578
0.000191239
0.000172397
0.000137967
0.000127421
0.000107987
0.000101241
8.87392e-05
8.40513e-05
7.53268e-05
7.18791e-05
6.54423e-05
6.27998e-05
5.78539e-05
5.57639e-05
5.18442e-05
5.01497e-05
4.69665e-05
4.55649e-05
4.29282e-05
4.17496e-05
3.95298e-05
3.85248e-05
3.66301e-05
3.57631e-05
 3.4127e-05
3.33713e-05
3.19441e-05
3.12796e-05
3.00237e-05
2.94348e-05
2.83212e-05
2.77957e-05
2.68014e-05
2.63296e-05
2.54364e-05
2.50104e-05
2.42037e-05
2.38172e-05
2.30849e-05
2.27327e-05
 2.2065e-05
2.17426e-05
2.11314e-05
2.08352e-05
2.02736e-05
2.00006e-05
1.94826e-05
1.92302e-05
1.87511e-05
1.85169e-05
1.80725e-05
1.78547e-05
1.74413e-05
1.72382e-05
1.68526e-05
1.66628e-05
1.63024e-05
1.61246e-05
 1.5787e-05
1.56201e-05
1.53031e-05
1.51462e-05
 1.4848e-05
1.47002e-05
1.44192e-05
1.42796e-05
1.40144e-05
1.38825e-05
1.36317e-05
1.35069e-05
1.32694e-05
 1.3151e-05
1.29258e-05
1.28134e-05
1.25996e-05
1.24927e-05
1.22893e-05
1.21876e-05
 1.1994e-05
1.18971e-05
1.17126e-05
1.16201e-05
 1.1444e-05
1.13557e-05
1.11875e-05
 1.1103e-05
1.09422e-05
1.08613e-05
1.07074e-05
  1.063e-05
1.04825e-05
1.04082e-05
1.02668e-05
1.01956e-05
1.00599e-05
 9.9914e-06
9.86107e-06
9.79408e-06
0.000999986
          1
6.90822e-07
3.14749e-07
 2.7075e-07
1.92044e-07
1.72993e-07
1.38431e-07
 1.2778e-07
1.08287e-07
 1.0148e-07
8.89467e-08
8.42195e-08
7.54779e-08
7.20032e-08
6.55565e-08
6.28939e-08
5.79425e-08
5.58374e-08
5.19145e-08
5.02084e-08
4.70233e-08
4.56125e-08
4.29749e-08
4.17888e-08
3.95686e-08
3.85574e-08
3.66628e-08
3.57906e-08
3.41547e-08
3.33946e-08
3.19679e-08
3.12996e-08
3.00443e-08
2.94521e-08
 2.8339e-08
2.78107e-08
 2.6817e-08
2.63426e-08
2.54501e-08
2.50219e-08
2.42158e-08
2.38273e-08
2.30957e-08
2.27416e-08
2.20746e-08
2.17506e-08
  2.114e-08
2.08423e-08
2.02813e-08
2.00069e-08
1.94896e-08
1.92359e-08
1.87574e-08
1.85221e-08
1.80781e-08
1.78593e-08
1.74464e-08
1.72424e-08
1.68573e-08
1.66666e-08
1.63067e-08
1.61281e-08
1.57909e-08
1.56232e-08
1.53067e-08
 1.5149e-08
1.48513e-08
1.47028e-08
1.44222e-08
 1.4282e-08
1.40172e-08
1.38847e-08
1.36343e-08
1.35088e-08
1.32717e-08
1.31528e-08
 1.2928e-08
 1.2815e-08
1.26016e-08
1.24942e-08
1.22912e-08
 1.2189e-08
1.19958e-08
1.18984e-08
1.17142e-08
1.16212e-08
1.14455e-08
1.13567e-08
1.11889e-08
 1.1104e-08
1.09435e-08
1.08623e-08
1.07086e-08
1.06308e-08
1.04836e-08
 1.0409e-08
1.02679e-08
1.01963e-08
1.00608e-08
9.99205e-09
9.86195e-09
9.79468e-09
