3.37045e-09
1.50584e-09
1.28296e-09
8.94885e-10
7.98106e-10
6.28817e-10
5.74679e-10
4.79909e-10
4.45309e-10
3.85248e-10
3.57506e-10
6.38748e-11
1.55189e-10
1.34204e-10
1.55958e-10
1.41443e-10
1.51313e-10
1.40041e-10
1.45469e-10
1.36219e-10
1.39458e-10
1.32061e-10
1.33042e-10
0.000686964
0.000313029
0.000269578
0.000191239
0.000172397
0.000137967
 0.00012742
0.000107988
0.000101233
8.88118e-05
8.33247e-05
 0.00099999
          1
6.87018e-07
3.13061e-07
2.69602e-07
1.91258e-07
1.72413e-07
 1.3798e-07
1.27432e-07
1.07998e-07
1.01242e-07
8.88197e-08
8.33317e-08
