2.56845e-08
1.57582e-08
1.13517e-08
8.52697e-09
6.71836e-09
5.41608e-09
4.47879e-09
3.75934e-09
3.20731e-09
2.76518e-09
2.41186e-09
   2.12e-09
1.87992e-09
1.67698e-09
1.50632e-09
1.35948e-09
1.23373e-09
1.12427e-09
1.02811e-09
9.47746e-10
8.58061e-10
3.43933e-08
3.07249e-08
2.56875e-08
2.22044e-08
1.91869e-08
1.69057e-08
1.49455e-08
1.33891e-08
1.20334e-08
1.09217e-08
9.93873e-09
9.11413e-09
8.37499e-09
7.74429e-09
7.17233e-09
6.67778e-09
 6.2245e-09
5.82947e-09
5.45993e-09
5.15175e-09
4.79266e-09
4.52533e-09
0.000199909
0.000160018
0.000135961
 0.00011842
 0.00010524
 9.4752e-05
8.62749e-05
7.92034e-05
7.32507e-05
6.81329e-05
6.37081e-05
5.98222e-05
5.63976e-05
5.33421e-05
5.06098e-05
4.81425e-05
4.59085e-05
4.38789e-05
4.19969e-05
4.03756e-05
3.84542e-05
0.000999818
          1
 2.0395e-07
1.62333e-07
1.37467e-07
1.19464e-07
1.05989e-07
 9.5308e-08
 8.6692e-08
7.95264e-08
7.34992e-08
6.83301e-08
 6.3862e-08
5.99461e-08
5.64948e-08
5.34207e-08
5.06713e-08
 4.8192e-08
4.59468e-08
4.39089e-08
4.20204e-08
4.03904e-08
3.84656e-08
