2.55518e-08
1.57624e-08
1.13237e-08
8.53302e-09
6.70274e-09
5.42406e-09
4.46392e-09
 3.7746e-09
3.17985e-09
2.81082e-09
 2.3161e-09
3.41619e-08
3.05989e-08
2.56269e-08
2.21443e-08
 1.9156e-08
1.68721e-08
1.49203e-08
1.33802e-08
 1.1986e-08
 1.0984e-08
9.73983e-09
8.86255e-09
0.000199689
0.000160062
 0.00013587
0.000118475
0.000105152
9.48399e-05
 8.6138e-05
7.93951e-05
7.29193e-05
6.87295e-05
6.24942e-05
0.000999819
          1
2.03722e-07
1.62396e-07
1.37382e-07
1.19527e-07
1.05907e-07
9.53968e-08
8.65647e-08
7.97119e-08
7.31844e-08
6.89089e-08
6.26433e-08
