 5.5486e-07
5.92354e-08
9.32335e-08
2.38226e-08
3.54315e-08
1.26211e-08
1.79944e-08
7.73763e-09
1.06723e-08
5.19683e-09
6.97794e-09
3.71546e-09
4.87922e-09
2.78051e-09
3.58333e-09
2.15453e-09
2.73201e-09
 1.7158e-09
2.14529e-09
1.39701e-09
1.72519e-09
 1.1584e-09
1.41488e-09
9.75344e-10
1.17964e-09
8.31979e-10
9.97383e-10
7.17682e-10
8.53491e-10
6.25144e-10
7.38047e-10
5.49221e-10
6.44091e-10
 4.8618e-10
5.66683e-10
4.33291e-10
5.02181e-10
3.88489e-10
4.47912e-10
3.50225e-10
4.01837e-10
3.17292e-10
3.62408e-10
2.88748e-10
3.28417e-10
2.63854e-10
2.98919e-10
2.42015e-10
2.73163e-10
2.22754e-10
2.50549e-10
2.05684e-10
2.30591e-10
1.90486e-10
2.12893e-10
1.76898e-10
1.97129e-10
1.64702e-10
1.83029e-10
1.53714e-10
 1.7037e-10
1.43781e-10
1.58964e-10
1.34774e-10
1.48652e-10
 1.2658e-10
1.39299e-10
1.19106e-10
1.30791e-10
 1.1227e-10
1.23031e-10
1.06001e-10
1.15933e-10
 1.0024e-10
1.09426e-10
9.49321e-11
1.03445e-10
9.00322e-11
9.79365e-11
8.54996e-11
9.28518e-11
8.12985e-11
 8.8149e-11
7.73975e-11
 8.3791e-11
7.37689e-11
7.97452e-11
 7.0388e-11
7.59826e-11
6.72329e-11
7.24776e-11
6.42839e-11
6.92074e-11
6.15236e-11
6.61516e-11
5.89362e-11
 6.3292e-11
5.65078e-11
6.06122e-11
5.42255e-11
5.80977e-11
9.59601e-13
4.43799e-07
5.92281e-08
2.04166e-07
4.33228e-08
1.19573e-07
3.17572e-08
7.93365e-08
2.41869e-08
5.68467e-08
1.90627e-08
4.29194e-08
1.54458e-08
 3.3658e-08
1.27973e-08
2.71671e-08
1.07971e-08
2.24305e-08
9.24734e-09
1.88615e-08
8.02035e-09
1.61012e-08
7.03107e-09
1.39198e-08
 6.2208e-09
 1.2164e-08
 5.5481e-09
1.07286e-08
4.98298e-09
9.53919e-09
4.50323e-09
8.54195e-09
4.09218e-09
7.69708e-09
3.73707e-09
6.97469e-09
3.42801e-09
 6.3519e-09
3.15721e-09
5.81098e-09
2.91849e-09
5.33801e-09
2.70688e-09
4.92193e-09
2.51834e-09
4.55385e-09
2.34959e-09
4.22657e-09
2.19788e-09
3.93421e-09
2.06096e-09
 3.6719e-09
1.93692e-09
3.43562e-09
1.82418e-09
3.22198e-09
1.72136e-09
3.02815e-09
1.62733e-09
2.85173e-09
1.54108e-09
2.69065e-09
1.46176e-09
2.54318e-09
1.38864e-09
 2.4078e-09
1.32107e-09
2.28321e-09
 1.2585e-09
2.16828e-09
1.20044e-09
2.06202e-09
1.14645e-09
1.96357e-09
1.09615e-09
1.87218e-09
1.04921e-09
1.78717e-09
1.00534e-09
1.70796e-09
9.64257e-10
1.63403e-09
9.25734e-10
1.56492e-09
8.89558e-10
 1.5002e-09
8.55538e-10
1.43951e-09
8.23503e-10
1.38251e-09
7.93298e-10
1.32892e-09
7.64784e-10
1.27846e-09
7.37835e-10
1.23088e-09
7.12336e-10
1.18597e-09
6.88184e-10
1.14354e-09
6.65282e-10
 1.1034e-09
 0.00099999
0.000333323
0.000333323
 0.00019999
 0.00019999
0.000142847
0.000142847
0.000111101
0.000111101
9.08991e-05
9.08991e-05
7.69131e-05
7.69131e-05
6.66567e-05
6.66567e-05
5.88135e-05
5.88135e-05
5.26216e-05
5.26216e-05
 4.7609e-05
 4.7609e-05
4.34683e-05
4.34683e-05
  3.999e-05
  3.999e-05
 3.7027e-05
 3.7027e-05
3.44728e-05
3.44728e-05
3.22481e-05
3.22481e-05
 3.0293e-05
 3.0293e-05
2.85614e-05
2.85614e-05
 2.7017e-05
 2.7017e-05
 2.5631e-05
 2.5631e-05
2.43802e-05
2.43802e-05
2.32458e-05
2.32458e-05
2.22122e-05
2.22122e-05
2.12666e-05
2.12666e-05
2.03982e-05
2.03982e-05
1.95978e-05
1.95978e-05
1.88579e-05
1.88579e-05
1.81718e-05
1.81718e-05
1.75339e-05
1.75339e-05
1.69392e-05
1.69392e-05
1.63834e-05
1.63834e-05
 1.5863e-05
 1.5863e-05
1.53746e-05
1.53746e-05
1.49154e-05
1.49154e-05
1.44828e-05
1.44828e-05
1.40745e-05
1.40745e-05
1.36886e-05
1.36886e-05
1.33233e-05
1.33233e-05
 1.2977e-05
 1.2977e-05
1.26482e-05
1.26482e-05
1.23357e-05
1.23357e-05
1.20382e-05
1.20382e-05
1.17547e-05
1.17547e-05
1.14843e-05
1.14843e-05
 1.1226e-05
 1.1226e-05
 1.0979e-05
 1.0979e-05
1.07427e-05
1.07427e-05
1.05163e-05
1.05163e-05
1.02993e-05
1.02993e-05
 1.0091e-05
 1.0091e-05
9.89099e-06
9.89099e-06
 0.00099999
          1
1.22187e-06
3.55525e-07
3.59949e-07
2.07812e-07
2.06872e-07
 1.4653e-07
1.44979e-07
1.13128e-07
1.11678e-07
9.21303e-08
9.08875e-08
7.77137e-08
7.66663e-08
6.72038e-08
6.63198e-08
 5.9202e-08
5.84504e-08
5.29057e-08
5.22611e-08
4.78219e-08
4.72642e-08
4.36309e-08
4.31442e-08
4.01163e-08
3.96882e-08
3.71265e-08
3.67472e-08
 3.4552e-08
3.42138e-08
3.23117e-08
3.20084e-08
3.03446e-08
3.00711e-08
2.86035e-08
2.83557e-08
2.70516e-08
 2.6826e-08
2.56595e-08
2.54533e-08
2.44038e-08
2.42146e-08
2.32653e-08
2.30911e-08
2.22284e-08
2.20675e-08
2.12801e-08
 2.1131e-08
2.04093e-08
2.02709e-08
1.96071e-08
1.94781e-08
1.88656e-08
1.87452e-08
1.81781e-08
1.80654e-08
 1.7539e-08
1.74333e-08
1.69433e-08
 1.6844e-08
1.63868e-08
1.62933e-08
1.58656e-08
1.57775e-08
1.53766e-08
1.52934e-08
1.49168e-08
1.48381e-08
1.44838e-08
1.44092e-08
1.40751e-08
1.40043e-08
1.36889e-08
1.36217e-08
1.33233e-08
1.32593e-08
1.29767e-08
1.29158e-08
1.26477e-08
1.25896e-08
 1.2335e-08
1.22795e-08
1.20374e-08
1.19844e-08
1.17537e-08
 1.1703e-08
1.14832e-08
1.14346e-08
1.12248e-08
1.11782e-08
1.09777e-08
1.09331e-08
1.07413e-08
1.06985e-08
1.05149e-08
1.04737e-08
1.02978e-08
1.02582e-08
1.00895e-08
1.00514e-08
9.88942e-09
9.85274e-09
