2.54783e-08
1.57252e-08
1.12992e-08
8.51637e-09
6.69053e-09
 5.4149e-09
4.45678e-09
3.76893e-09
 3.1753e-09
  2.807e-09
2.31312e-09
3.40161e-08
3.04783e-08
2.55333e-08
2.20671e-08
1.90924e-08
1.68179e-08
1.48742e-08
1.33398e-08
 1.1951e-08
1.09524e-08
9.71287e-09
8.83838e-09
0.000199689
0.000160062
 0.00013587
0.000118475
0.000105152
9.48399e-05
 8.6138e-05
7.93951e-05
7.29193e-05
6.87295e-05
6.24942e-05
 0.00099982
          1
2.03709e-07
 1.6239e-07
1.37379e-07
1.19525e-07
1.05906e-07
9.53964e-08
8.65645e-08
 7.9712e-08
7.31844e-08
6.89092e-08
6.26436e-08
