2.55998e-08
1.57198e-08
1.13268e-08
8.51117e-09
6.70632e-09
5.40671e-09
4.47181e-09
3.75355e-09
  3.203e-09
2.76128e-09
2.40885e-09
2.11757e-09
1.87771e-09
1.67524e-09
1.50458e-09
1.35818e-09
1.23247e-09
1.12306e-09
 1.0278e-09
9.43967e-10
8.70016e-10
8.04317e-10
7.45859e-10
6.93421e-10
6.46346e-10
6.03851e-10
5.65428e-10
5.30501e-10
4.98737e-10
4.69666e-10
4.43108e-10
  4.187e-10
3.96248e-10
3.75536e-10
3.56413e-10
3.38683e-10
3.22267e-10
3.06974e-10
2.92769e-10
2.79494e-10
2.67123e-10
2.55527e-10
2.44685e-10
2.34497e-10
2.24946e-10
2.15946e-10
2.07489e-10
1.99501e-10
1.91977e-10
1.84855e-10
1.78132e-10
1.71755e-10
1.65725e-10
1.59993e-10
1.54563e-10
1.49393e-10
1.44486e-10
1.39806e-10
1.35358e-10
1.31109e-10
1.27064e-10
1.23195e-10
1.19506e-10
1.15972e-10
1.12599e-10
1.09363e-10
1.06271e-10
1.03301e-10
1.00459e-10
9.77266e-11
9.51091e-11
9.25893e-11
9.01732e-11
8.78448e-11
8.56099e-11
 8.3454e-11
8.13827e-11
7.93828e-11
7.74596e-11
 7.5601e-11
7.38122e-11
7.20819e-11
7.04152e-11
6.88018e-11
6.72464e-11
6.57395e-11
6.42858e-11
6.28764e-11
6.15157e-11
6.01954e-11
  5.892e-11
5.76816e-11
5.64845e-11
5.53213e-11
5.41962e-11
5.31024e-11
5.20437e-11
5.10138e-11
5.00163e-11
4.90474e-11
4.80636e-11
3.42338e-08
3.05898e-08
2.55902e-08
2.21237e-08
1.91207e-08
  1.685e-08
1.48972e-08
1.33481e-08
1.19963e-08
1.08907e-08
9.90951e-09
9.08961e-09
8.35175e-09
7.72368e-09
 7.1535e-09
6.66036e-09
6.20913e-09
5.81384e-09
5.44961e-09
5.12751e-09
 4.8285e-09
4.56213e-09
4.31324e-09
 4.0901e-09
3.88047e-09
 3.6914e-09
3.51295e-09
3.35122e-09
3.19788e-09
3.05832e-09
2.92547e-09
2.80409e-09
2.68815e-09
2.58185e-09
2.47999e-09
2.38631e-09
2.29627e-09
2.21324e-09
2.13322e-09
2.05924e-09
1.98776e-09
1.92154e-09
 1.8574e-09
1.79786e-09
1.74006e-09
1.68631e-09
1.63401e-09
1.58531e-09
1.53783e-09
1.49354e-09
1.45029e-09
1.40989e-09
1.37036e-09
 1.3334e-09
1.29717e-09
1.26325e-09
1.22995e-09
1.19874e-09
1.16806e-09
1.13928e-09
1.11094e-09
1.08434e-09
 1.0581e-09
1.03345e-09
1.00911e-09
9.86222e-10
9.63598e-10
9.42304e-10
9.21232e-10
9.01385e-10
8.81723e-10
8.63193e-10
8.44813e-10
8.27483e-10
8.10276e-10
7.94042e-10
7.77906e-10
7.62675e-10
7.47521e-10
7.33212e-10
 7.1896e-10
7.05497e-10
6.92076e-10
6.79392e-10
6.66736e-10
6.54772e-10
6.42823e-10
6.31523e-10
6.20228e-10
6.09544e-10
5.98855e-10
 5.8874e-10
5.78614e-10
5.69029e-10
5.59425e-10
5.50334e-10
5.41216e-10
5.32583e-10
5.23918e-10
 5.1573e-10
5.07124e-10
4.99317e-10
0.000199909
0.000160018
0.000135961
 0.00011842
 0.00010524
 9.4752e-05
8.62749e-05
7.92034e-05
7.32507e-05
6.81329e-05
6.37081e-05
5.98222e-05
5.63976e-05
5.33421e-05
5.06099e-05
 4.8142e-05
  4.591e-05
4.38738e-05
4.20152e-05
4.03059e-05
3.87337e-05
 3.7278e-05
3.59304e-05
3.46755e-05
3.35074e-05
3.24142e-05
3.13919e-05
 3.0431e-05
2.95286e-05
2.86772e-05
2.78748e-05
2.71152e-05
 2.6397e-05
 2.5715e-05
2.50683e-05
2.44527e-05
2.38673e-05
2.33087e-05
2.27764e-05
2.22672e-05
 2.1781e-05
 2.1315e-05
2.08691e-05
2.04409e-05
2.00306e-05
1.96359e-05
1.92569e-05
1.88919e-05
1.85409e-05
1.82023e-05
1.78762e-05
1.75613e-05
1.72576e-05
 1.6964e-05
1.66804e-05
1.64059e-05
1.61406e-05
1.58835e-05
1.56347e-05
1.53933e-05
1.51595e-05
1.49325e-05
1.47124e-05
1.44985e-05
1.42909e-05
 1.4089e-05
1.38929e-05
 1.3702e-05
1.35164e-05
1.33357e-05
1.31599e-05
1.29885e-05
1.28216e-05
1.26589e-05
1.25003e-05
1.23456e-05
1.21947e-05
1.20474e-05
1.19037e-05
1.17633e-05
1.16263e-05
1.14923e-05
1.13615e-05
1.12335e-05
1.11085e-05
1.09861e-05
1.08665e-05
1.07494e-05
1.06348e-05
1.05226e-05
1.04128e-05
1.03052e-05
1.01999e-05
1.00966e-05
9.99548e-06
9.89627e-06
9.79911e-06
9.70374e-06
9.61029e-06
9.51873e-06
9.42466e-06
0.000999819
          1
2.03919e-07
1.62333e-07
1.37459e-07
1.19466e-07
1.05986e-07
9.53089e-08
8.66916e-08
7.95264e-08
7.34995e-08
6.83306e-08
6.38624e-08
5.99466e-08
 5.6495e-08
5.34212e-08
5.06717e-08
 4.8192e-08
4.59484e-08
4.39045e-08
 4.2038e-08
4.03235e-08
3.87458e-08
3.72865e-08
3.59351e-08
3.46778e-08
3.35068e-08
 3.2412e-08
3.13876e-08
3.04256e-08
2.95217e-08
2.86696e-08
2.78661e-08
 2.7106e-08
 2.6387e-08
2.57047e-08
2.50575e-08
2.44417e-08
2.38559e-08
2.32972e-08
2.27646e-08
2.22555e-08
 2.1769e-08
2.13031e-08
 2.0857e-08
 2.0429e-08
2.00185e-08
 1.9624e-08
 1.9245e-08
1.88802e-08
1.85291e-08
1.81907e-08
1.78647e-08
1.75499e-08
1.72463e-08
1.69528e-08
1.66693e-08
 1.6395e-08
1.61298e-08
1.58728e-08
1.56241e-08
1.53829e-08
1.51491e-08
1.49223e-08
1.47023e-08
1.44885e-08
 1.4281e-08
1.40793e-08
1.38833e-08
1.36925e-08
1.35071e-08
1.33265e-08
1.31507e-08
1.29795e-08
1.28127e-08
1.26501e-08
1.24917e-08
1.23371e-08
1.21863e-08
1.20391e-08
1.18955e-08
1.17552e-08
1.16183e-08
1.14844e-08
1.13537e-08
1.12258e-08
1.11009e-08
1.09786e-08
1.08591e-08
 1.0742e-08
1.06276e-08
1.05155e-08
1.04057e-08
1.02982e-08
 1.0193e-08
1.00898e-08
9.98874e-09
9.88964e-09
9.79253e-09
9.69726e-09
9.60386e-09
9.51241e-09
9.41839e-09
