2.47694e-08
1.53647e-08
1.10621e-08
8.35456e-09
6.57178e-09
5.32564e-09
4.38728e-09
3.71366e-09
3.13087e-09
2.76965e-09
2.28405e-09
3.26148e-08
 2.9317e-08
2.46314e-08
2.13215e-08
1.84783e-08
1.62938e-08
 1.4428e-08
 1.2949e-08
1.16123e-08
1.06466e-08
 9.4516e-09
8.60415e-09
0.000199689
0.000160062
 0.00013587
0.000118475
0.000105152
9.48399e-05
 8.6138e-05
7.93951e-05
7.29193e-05
6.87295e-05
6.24942e-05
0.000999827
          1
2.03582e-07
1.62335e-07
1.37349e-07
1.19509e-07
1.05898e-07
9.53923e-08
8.65627e-08
7.97125e-08
7.31851e-08
6.89119e-08
6.26459e-08
