2.48931e-08
1.53572e-08
1.10885e-08
8.34795e-09
6.58622e-09
5.31707e-09
4.40223e-09
3.69818e-09
3.15817e-09
2.72468e-09
2.37791e-09
2.09146e-09
1.85542e-09
1.65595e-09
1.48828e-09
1.34351e-09
1.22009e-09
1.11164e-09
1.01819e-09
9.34915e-10
8.62363e-10
7.97078e-10
7.39609e-10
6.87517e-10
6.41211e-10
5.98985e-10
5.61133e-10
5.26434e-10
4.95107e-10
4.66241e-10
 4.4003e-10
4.15758e-10
3.93616e-10
3.73007e-10
3.54133e-10
3.36502e-10
3.20271e-10
3.05075e-10
2.91023e-10
2.77825e-10
2.65587e-10
2.54053e-10
2.43325e-10
 2.3319e-10
2.23735e-10
2.14782e-10
2.06407e-10
1.98458e-10
1.91006e-10
1.83918e-10
1.77257e-10
 1.7091e-10
1.64934e-10
1.59228e-10
1.53845e-10
1.48698e-10
1.43833e-10
1.39174e-10
1.34762e-10
1.30531e-10
1.26519e-10
1.22665e-10
1.19005e-10
1.15486e-10
1.12139e-10
1.08916e-10
1.05847e-10
1.02888e-10
1.00067e-10
9.73449e-11
9.47462e-11
9.22357e-11
8.98365e-11
8.75165e-11
 8.5297e-11
8.31488e-11
8.10915e-11
7.90985e-11
7.71881e-11
7.53357e-11
7.35585e-11
 7.1834e-11
 7.0178e-11
6.85698e-11
6.70242e-11
6.55221e-11
6.40773e-11
6.26723e-11
6.13198e-11
6.00036e-11
5.87357e-11
5.75011e-11
5.63109e-11
5.51513e-11
5.40326e-11
 5.2942e-11
5.18893e-11
5.08623e-11
4.98703e-11
4.89042e-11
4.79257e-11
3.28377e-08
2.94264e-08
2.46869e-08
2.13744e-08
1.85057e-08
1.63237e-08
1.44495e-08
1.29563e-08
1.16556e-08
1.05869e-08
9.64072e-09
8.84654e-09
8.13372e-09
7.52512e-09
6.97251e-09
6.49496e-09
6.05627e-09
5.67393e-09
5.31897e-09
5.00723e-09
4.71575e-09
4.45757e-09
4.21483e-09
3.99841e-09
3.79375e-09
3.61034e-09
3.43597e-09
3.27901e-09
3.12906e-09
2.99358e-09
2.86359e-09
2.74571e-09
2.63219e-09
2.52894e-09
2.42913e-09
2.33812e-09
2.24985e-09
2.16916e-09
2.09067e-09
2.01877e-09
1.94863e-09
1.88425e-09
1.82128e-09
1.76338e-09
1.70662e-09
1.65434e-09
1.60296e-09
1.55558e-09
1.50892e-09
1.46583e-09
 1.4233e-09
1.38399e-09
1.34511e-09
1.30913e-09
1.27349e-09
1.24047e-09
1.20771e-09
1.17733e-09
1.14713e-09
 1.1191e-09
 1.0912e-09
1.06529e-09
1.03945e-09
1.01544e-09
9.91466e-10
9.69172e-10
9.46878e-10
9.26136e-10
9.05366e-10
8.86032e-10
8.66647e-10
8.48594e-10
 8.3047e-10
8.13585e-10
7.96612e-10
7.80794e-10
7.64875e-10
7.50034e-10
7.35081e-10
7.21136e-10
 7.0707e-10
6.93949e-10
  6.807e-10
6.68338e-10
6.55842e-10
6.44181e-10
6.32381e-10
6.21367e-10
 6.1021e-10
5.99795e-10
5.89235e-10
5.79376e-10
 5.6937e-10
5.60027e-10
5.50535e-10
5.41672e-10
 5.3266e-10
5.24243e-10
5.15677e-10
5.07694e-10
 4.9919e-10
4.91574e-10
0.000199909
0.000160018
0.000135961
 0.00011842
 0.00010524
 9.4752e-05
8.62749e-05
7.92034e-05
7.32507e-05
6.81329e-05
6.37081e-05
5.98222e-05
5.63976e-05
5.33421e-05
5.06099e-05
 4.8142e-05
  4.591e-05
4.38738e-05
4.20152e-05
4.03059e-05
3.87337e-05
 3.7278e-05
3.59304e-05
3.46755e-05
3.35074e-05
3.24142e-05
3.13919e-05
 3.0431e-05
2.95286e-05
2.86772e-05
2.78748e-05
2.71152e-05
 2.6397e-05
 2.5715e-05
2.50683e-05
2.44527e-05
2.38673e-05
2.33087e-05
2.27764e-05
2.22672e-05
 2.1781e-05
 2.1315e-05
2.08691e-05
2.04409e-05
2.00306e-05
1.96359e-05
1.92569e-05
1.88919e-05
1.85409e-05
1.82023e-05
1.78762e-05
1.75613e-05
1.72576e-05
1.69639e-05
1.66804e-05
1.64059e-05
1.61406e-05
1.58835e-05
1.56347e-05
1.53933e-05
1.51595e-05
1.49325e-05
1.47124e-05
1.44985e-05
1.42909e-05
 1.4089e-05
1.38929e-05
 1.3702e-05
1.35164e-05
1.33357e-05
1.31599e-05
1.29885e-05
1.28216e-05
1.26589e-05
1.25003e-05
1.23456e-05
1.21947e-05
1.20474e-05
1.19037e-05
1.17633e-05
1.16263e-05
1.14923e-05
1.13615e-05
1.12335e-05
1.11085e-05
1.09861e-05
1.08665e-05
1.07494e-05
1.06348e-05
1.05226e-05
1.04128e-05
1.03052e-05
1.01999e-05
1.00966e-05
9.99548e-06
9.89627e-06
9.79911e-06
9.70374e-06
9.61029e-06
9.51873e-06
9.42466e-06
0.000999826
          1
2.03784e-07
1.62277e-07
 1.3743e-07
 1.1945e-07
1.05975e-07
9.53057e-08
8.66886e-08
 7.9527e-08
7.35005e-08
 6.8332e-08
6.38648e-08
5.99486e-08
5.64981e-08
5.34235e-08
5.06748e-08
4.81942e-08
4.59516e-08
4.39066e-08
4.20409e-08
4.03257e-08
3.87484e-08
3.72887e-08
3.59375e-08
3.46797e-08
3.35091e-08
3.24139e-08
3.13897e-08
3.04273e-08
2.95237e-08
2.86713e-08
2.78679e-08
2.71076e-08
2.63886e-08
2.57062e-08
 2.5059e-08
 2.4443e-08
2.38573e-08
2.32985e-08
2.27659e-08
2.22567e-08
2.17703e-08
2.13042e-08
2.08582e-08
2.04301e-08
2.00197e-08
 1.9625e-08
1.92461e-08
1.88811e-08
1.85301e-08
1.81916e-08
1.78656e-08
1.75508e-08
1.72472e-08
1.69536e-08
1.66702e-08
1.63958e-08
1.61306e-08
1.58735e-08
1.56248e-08
1.53836e-08
1.51499e-08
 1.4923e-08
 1.4703e-08
1.44892e-08
1.42817e-08
1.40799e-08
1.38839e-08
1.36931e-08
1.35077e-08
 1.3327e-08
1.31513e-08
  1.298e-08
1.28133e-08
1.26506e-08
1.24922e-08
1.23375e-08
1.21868e-08
1.20396e-08
 1.1896e-08
1.17557e-08
1.16188e-08
1.14849e-08
1.13541e-08
1.12262e-08
1.11013e-08
 1.0979e-08
1.08595e-08
1.07424e-08
 1.0628e-08
1.05158e-08
1.04061e-08
1.02986e-08
1.01934e-08
1.00902e-08
9.98912e-09
9.88999e-09
9.79289e-09
 9.6976e-09
9.60422e-09
9.51273e-09
9.41873e-09
