1.95183e-08
1.25971e-08
 9.2269e-09
 7.0839e-09
5.63408e-09
4.61407e-09
3.83112e-09
3.26806e-09
2.77184e-09
2.46601e-09
2.04695e-09
2.26415e-08
2.09228e-08
1.80137e-08
1.58169e-08
1.39043e-08
1.23765e-08
1.10714e-08
 1.0002e-08
9.04551e-09
8.32579e-09
7.45953e-09
6.81581e-09
0.000199689
0.000160062
 0.00013587
0.000118475
0.000105152
9.48399e-05
 8.6138e-05
7.93951e-05
7.29193e-05
6.87295e-05
6.24942e-05
0.000999877
          1
2.02628e-07
1.61886e-07
  1.371e-07
1.19363e-07
1.05811e-07
9.53429e-08
8.65337e-08
7.97026e-08
7.31784e-08
6.89218e-08
6.26549e-08
