1.95886e-08
1.25879e-08
9.24323e-09
7.07584e-09
5.64467e-09
4.60531e-09
3.84333e-09
3.25356e-09
2.79514e-09
2.42611e-09
2.12757e-09
1.88069e-09
1.67488e-09
1.50112e-09
1.35328e-09
 1.2262e-09
1.11627e-09
1.02051e-09
9.36638e-10
8.62546e-10
7.97023e-10
 7.3867e-10
6.86433e-10
6.39598e-10
5.97362e-10
5.59184e-10
 5.2451e-10
4.92999e-10
4.64197e-10
4.37875e-10
4.13703e-10
3.91477e-10
3.70983e-10
 3.5207e-10
3.34543e-10
  3.183e-10
3.03205e-10
2.89151e-10
2.76054e-10
2.63823e-10
 2.5238e-10
2.41666e-10
2.31619e-10
2.22179e-10
2.13307e-10
 2.0495e-10
1.97076e-10
1.89643e-10
1.82623e-10
1.75982e-10
1.69698e-10
 1.6374e-10
1.58093e-10
1.52728e-10
1.47634e-10
1.42787e-10
1.38177e-10
1.33782e-10
1.29596e-10
1.25599e-10
1.21787e-10
1.18142e-10
1.14661e-10
1.11328e-10
1.08141e-10
1.05085e-10
1.02159e-10
9.93499e-11
9.66578e-11
9.40705e-11
 9.1588e-11
8.91995e-11
8.69054e-11
8.46958e-11
8.25716e-11
8.05236e-11
7.85529e-11
7.66512e-11
7.48196e-11
7.30505e-11
7.13453e-11
6.96968e-11
6.81066e-11
6.65681e-11
6.50827e-11
6.36446e-11
6.22552e-11
6.09089e-11
5.96074e-11
5.83453e-11
5.71244e-11
5.59397e-11
5.47928e-11
5.36793e-11
5.26007e-11
5.15527e-11
 5.0537e-11
4.95497e-11
 4.8592e-11
4.76625e-11
4.67175e-11
2.27492e-08
2.09779e-08
1.80354e-08
1.58431e-08
 1.3911e-08
1.23923e-08
1.10775e-08
 1.0005e-08
9.06767e-09
8.28309e-09
7.58777e-09
6.99506e-09
6.46334e-09
6.00298e-09
5.58569e-09
5.22008e-09
4.88577e-09
4.58978e-09
4.31716e-09
4.07371e-09
3.84803e-09
3.64503e-09
3.45577e-09
3.28448e-09
3.12398e-09
2.97792e-09
2.84049e-09
2.71477e-09
2.59605e-09
2.48697e-09
2.38361e-09
2.28827e-09
2.19765e-09
2.11379e-09
2.03382e-09
1.95961e-09
1.88866e-09
1.82262e-09
1.75933e-09
1.70028e-09
1.64356e-09
1.59051e-09
1.53946e-09
1.49161e-09
1.44546e-09
1.40214e-09
1.36027e-09
1.32091e-09
1.28279e-09
 1.2469e-09
1.21209e-09
1.17926e-09
1.14738e-09
1.11727e-09
1.08798e-09
1.06029e-09
1.03332e-09
1.00778e-09
9.82876e-10
9.59273e-10
9.36227e-10
9.14363e-10
8.92989e-10
8.72692e-10
8.52828e-10
8.33949e-10
8.15451e-10
7.97857e-10
  7.806e-10
7.64173e-10
7.48046e-10
7.32684e-10
7.17587e-10
7.03196e-10
6.89041e-10
 6.7554e-10
6.62248e-10
6.49563e-10
6.37064e-10
6.25128e-10
6.13358e-10
6.02113e-10
5.91015e-10
5.80406e-10
5.69929e-10
5.59908e-10
5.50005e-10
5.40529e-10
5.31157e-10
5.22186e-10
5.13307e-10
5.04805e-10
4.96385e-10
4.88319e-10
4.80325e-10
4.72664e-10
4.65068e-10
4.57786e-10
 4.5056e-10
4.43646e-10
4.36458e-10
4.29863e-10
0.000199909
0.000160018
0.000135961
 0.00011842
 0.00010524
 9.4752e-05
8.62749e-05
7.92034e-05
7.32507e-05
6.81329e-05
6.37081e-05
5.98222e-05
5.63976e-05
5.33421e-05
5.06099e-05
 4.8142e-05
  4.591e-05
4.38738e-05
4.20152e-05
4.03059e-05
3.87337e-05
 3.7278e-05
3.59304e-05
3.46755e-05
3.35074e-05
3.24142e-05
3.13919e-05
 3.0431e-05
2.95286e-05
2.86772e-05
2.78748e-05
2.71152e-05
 2.6397e-05
 2.5715e-05
2.50683e-05
2.44527e-05
2.38673e-05
2.33087e-05
2.27764e-05
2.22672e-05
 2.1781e-05
 2.1315e-05
2.08691e-05
2.04409e-05
2.00306e-05
1.96359e-05
1.92569e-05
1.88919e-05
1.85409e-05
1.82023e-05
1.78762e-05
1.75613e-05
1.72576e-05
 1.6964e-05
1.66804e-05
1.64059e-05
1.61406e-05
1.58835e-05
1.56347e-05
1.53933e-05
1.51595e-05
1.49325e-05
1.47124e-05
1.44985e-05
1.42909e-05
 1.4089e-05
1.38929e-05
 1.3702e-05
1.35164e-05
1.33357e-05
1.31599e-05
1.29885e-05
1.28216e-05
1.26589e-05
1.25003e-05
1.23456e-05
1.21947e-05
1.20474e-05
1.19037e-05
1.17633e-05
1.16263e-05
1.14923e-05
1.13615e-05
1.12335e-05
1.11085e-05
1.09861e-05
1.08665e-05
1.07494e-05
1.06348e-05
1.05226e-05
1.04128e-05
1.03052e-05
1.01999e-05
1.00966e-05
9.99548e-06
9.89627e-06
9.79911e-06
9.70374e-06
9.61029e-06
9.51873e-06
9.42466e-06
0.000999876
          1
2.02843e-07
1.61832e-07
1.37189e-07
1.19306e-07
1.05895e-07
9.52552e-08
8.66653e-08
7.95148e-08
7.34995e-08
 6.8337e-08
6.38742e-08
5.99611e-08
5.65122e-08
 5.3439e-08
5.06909e-08
4.82109e-08
 4.5968e-08
4.39234e-08
4.20572e-08
4.03417e-08
3.87642e-08
 3.7304e-08
3.59525e-08
3.46942e-08
3.35233e-08
3.24276e-08
 3.1403e-08
3.04402e-08
2.95361e-08
2.86833e-08
2.78796e-08
2.71189e-08
2.63996e-08
2.57168e-08
2.50693e-08
 2.4453e-08
 2.3867e-08
2.33079e-08
 2.2775e-08
2.22655e-08
2.17788e-08
2.13125e-08
2.08663e-08
2.04379e-08
2.00273e-08
1.96324e-08
1.92533e-08
1.88881e-08
 1.8537e-08
1.81983e-08
1.78721e-08
1.75571e-08
1.72533e-08
1.69596e-08
 1.6676e-08
1.64015e-08
1.61361e-08
 1.5879e-08
1.56301e-08
1.53887e-08
1.51549e-08
1.49279e-08
1.47078e-08
1.44939e-08
1.42863e-08
1.40844e-08
1.38883e-08
1.36974e-08
1.35119e-08
1.33312e-08
1.31554e-08
 1.2984e-08
1.28172e-08
1.26545e-08
 1.2496e-08
1.23412e-08
1.21904e-08
1.20431e-08
1.18995e-08
1.17591e-08
1.16221e-08
1.14882e-08
1.13574e-08
1.12294e-08
1.11044e-08
1.09821e-08
1.08625e-08
1.07454e-08
1.06309e-08
1.05187e-08
1.04089e-08
1.03014e-08
1.01961e-08
1.00928e-08
9.99175e-09
9.89257e-09
9.79544e-09
 9.7001e-09
9.60668e-09
9.51516e-09
9.42112e-09
