9.47563e-10
7.47636e-10
6.25646e-10
 5.3815e-10
4.71326e-10
4.19738e-10
3.76388e-10
3.42856e-10
3.10883e-10
2.90101e-10
2.59697e-10
8.69819e-11
  1.015e-10
1.08269e-10
1.12142e-10
1.14101e-10
1.14926e-10
1.15074e-10
1.14539e-10
1.14015e-10
1.12382e-10
1.13239e-10
1.09624e-10
0.000199689
0.000160062
 0.00013587
0.000118475
0.000105152
9.48399e-05
 8.6138e-05
7.93951e-05
7.29193e-05
6.87295e-05
6.24942e-05
 0.00099999
          1
1.99705e-07
1.60076e-07
1.35882e-07
1.18485e-07
1.05162e-07
9.48481e-08
8.61452e-08
7.94018e-08
7.29252e-08
6.87351e-08
 6.2499e-08
