9.48633e-10
7.47395e-10
6.25999e-10
5.37731e-10
4.71803e-10
4.19314e-10
3.77051e-10
3.41926e-10
3.12491e-10
2.87396e-10
2.65487e-10
2.46678e-10
2.29915e-10
2.15119e-10
2.01917e-10
1.89991e-10
1.79253e-10
1.69523e-10
1.60663e-10
 1.5277e-10
 1.4538e-10
 1.3848e-10
1.32216e-10
 1.2641e-10
1.20985e-10
1.16048e-10
1.11286e-10
1.06979e-10
1.02866e-10
 9.9038e-11
9.54289e-11
9.20493e-11
 8.8847e-11
8.58416e-11
8.29827e-11
8.02922e-11
7.77353e-11
7.53146e-11
7.30083e-11
7.08216e-11
6.87385e-11
6.67531e-11
6.48595e-11
6.30535e-11
6.13266e-11
 5.9676e-11
5.80963e-11
5.65833e-11
5.51334e-11
5.37425e-11
5.24077e-11
5.11254e-11
4.98936e-11
4.87083e-11
4.75683e-11
4.64702e-11
4.54128e-11
 4.4393e-11
  4.341e-11
4.24611e-11
4.15454e-11
4.06605e-11
3.98058e-11
3.89791e-11
3.81799e-11
3.74062e-11
3.66576e-11
3.59322e-11
3.52299e-11
3.45487e-11
3.38887e-11
3.32481e-11
 3.2627e-11
3.20237e-11
3.14383e-11
3.08694e-11
 3.0317e-11
2.97797e-11
2.92577e-11
2.87498e-11
2.82559e-11
2.77751e-11
2.73073e-11
2.68516e-11
2.64081e-11
2.59758e-11
2.55548e-11
2.51442e-11
2.47442e-11
2.43538e-11
2.39733e-11
2.36019e-11
2.32397e-11
2.28858e-11
2.25407e-11
2.22034e-11
2.18742e-11
2.15524e-11
2.12382e-11
2.09315e-11
2.06175e-11
8.71222e-11
1.01403e-10
1.08321e-10
1.12114e-10
1.14084e-10
1.14712e-10
1.14892e-10
1.14693e-10
 1.1352e-10
1.12983e-10
1.11519e-10
1.10352e-10
1.08935e-10
1.07441e-10
1.05983e-10
1.04467e-10
1.02904e-10
1.01467e-10
9.99503e-11
9.84741e-11
9.70611e-11
9.56468e-11
9.42468e-11
9.26786e-11
9.14241e-11
9.00197e-11
8.87521e-11
8.74241e-11
8.61788e-11
8.49514e-11
8.37247e-11
8.25517e-11
8.13892e-11
8.02589e-11
7.91568e-11
7.80675e-11
 7.7011e-11
 7.5974e-11
7.49666e-11
7.39703e-11
7.30037e-11
7.20546e-11
7.11287e-11
7.02182e-11
6.93324e-11
6.84608e-11
6.76111e-11
 6.6776e-11
6.59614e-11
6.51607e-11
 6.4379e-11
6.36108e-11
6.28604e-11
 6.2123e-11
 6.1402e-11
6.06937e-11
6.00008e-11
5.93199e-11
5.86535e-11
5.79988e-11
5.73575e-11
5.67274e-11
5.61099e-11
5.55033e-11
5.49084e-11
5.43239e-11
5.37505e-11
 5.3187e-11
5.26341e-11
5.20906e-11
 5.1557e-11
5.10325e-11
5.05173e-11
5.00109e-11
4.95133e-11
4.90241e-11
4.85432e-11
4.80703e-11
4.76053e-11
4.71481e-11
4.66983e-11
4.62559e-11
4.58206e-11
4.53923e-11
4.49709e-11
4.45562e-11
4.41479e-11
4.37462e-11
4.33506e-11
4.29612e-11
4.25776e-11
4.22001e-11
4.18281e-11
4.14619e-11
 4.1101e-11
4.07456e-11
4.03952e-11
4.00502e-11
  3.971e-11
3.93756e-11
3.90308e-11
3.87046e-11
0.000199909
0.000160018
0.000135961
 0.00011842
 0.00010524
 9.4752e-05
8.62749e-05
7.92034e-05
7.32507e-05
6.81329e-05
6.37081e-05
5.98222e-05
5.63976e-05
5.33421e-05
5.06099e-05
 4.8142e-05
  4.591e-05
4.38738e-05
4.20152e-05
4.03059e-05
3.87337e-05
 3.7278e-05
3.59304e-05
3.46755e-05
3.35074e-05
3.24142e-05
3.13919e-05
 3.0431e-05
2.95286e-05
2.86772e-05
2.78748e-05
2.71152e-05
 2.6397e-05
 2.5715e-05
2.50683e-05
2.44527e-05
2.38673e-05
2.33087e-05
2.27764e-05
2.22672e-05
 2.1781e-05
 2.1315e-05
2.08691e-05
2.04409e-05
2.00306e-05
1.96359e-05
1.92569e-05
1.88919e-05
1.85409e-05
1.82023e-05
1.78762e-05
1.75613e-05
1.72576e-05
 1.6964e-05
1.66804e-05
1.64059e-05
1.61406e-05
1.58835e-05
1.56347e-05
1.53933e-05
1.51595e-05
1.49325e-05
1.47124e-05
1.44985e-05
1.42909e-05
 1.4089e-05
1.38929e-05
 1.3702e-05
1.35164e-05
1.33357e-05
1.31599e-05
1.29885e-05
1.28216e-05
1.26589e-05
1.25003e-05
1.23456e-05
1.21947e-05
1.20474e-05
1.19037e-05
1.17633e-05
1.16263e-05
1.14923e-05
1.13615e-05
1.12335e-05
1.11085e-05
1.09861e-05
1.08665e-05
1.07494e-05
1.06348e-05
1.05226e-05
1.04128e-05
1.03052e-05
1.01999e-05
1.00966e-05
9.99548e-06
9.89627e-06
9.79911e-06
9.70374e-06
9.61029e-06
9.51873e-06
9.42466e-06
 0.00099999
          1
1.99924e-07
1.60032e-07
1.35972e-07
1.18432e-07
1.05248e-07
9.47603e-08
8.62829e-08
7.92088e-08
7.32573e-08
6.81378e-08
6.37136e-08
5.98267e-08
5.64022e-08
5.33455e-08
5.06138e-08
4.81451e-08
4.59132e-08
4.38766e-08
4.20179e-08
4.03084e-08
 3.8736e-08
3.72801e-08
3.59324e-08
3.46774e-08
3.35092e-08
3.24159e-08
3.13936e-08
3.04326e-08
2.95301e-08
2.86787e-08
2.78761e-08
2.71165e-08
2.63981e-08
2.57162e-08
2.50694e-08
2.44537e-08
2.38683e-08
2.33097e-08
2.27772e-08
2.22681e-08
2.17818e-08
2.13158e-08
2.08698e-08
2.04417e-08
2.00312e-08
1.96365e-08
1.92575e-08
1.88925e-08
1.85414e-08
1.82028e-08
1.78767e-08
1.75618e-08
1.72581e-08
1.69644e-08
1.66809e-08
1.64064e-08
 1.6141e-08
1.58839e-08
1.56351e-08
1.53937e-08
1.51599e-08
1.49328e-08
1.47127e-08
1.44988e-08
1.42912e-08
1.40893e-08
1.38931e-08
1.37022e-08
1.35167e-08
1.33359e-08
1.31601e-08
1.29887e-08
1.28218e-08
1.26591e-08
1.25005e-08
1.23458e-08
1.21949e-08
1.20476e-08
1.19039e-08
1.17635e-08
1.16264e-08
1.14925e-08
1.13616e-08
1.12336e-08
1.11086e-08
1.09862e-08
1.08666e-08
1.07495e-08
1.06349e-08
1.05227e-08
1.04129e-08
1.03053e-08
   1.02e-08
1.00967e-08
9.99555e-09
9.89635e-09
9.79917e-09
 9.7038e-09
9.61034e-09
9.51879e-09
9.42471e-09
