9.48661e-10
7.47405e-10
6.26104e-10
5.37867e-10
4.71763e-10
4.19303e-10
3.77053e-10
3.41929e-10
3.12472e-10
2.87245e-10
2.65518e-10
2.46518e-10
 2.2984e-10
2.15025e-10
2.01833e-10
1.89973e-10
1.79282e-10
1.69611e-10
1.60688e-10
1.53023e-10
1.44022e-10
8.70877e-11
 1.0152e-10
1.08293e-10
1.12169e-10
1.14099e-10
1.14967e-10
1.15038e-10
1.14634e-10
1.13848e-10
1.12844e-10
1.11639e-10
1.10337e-10
1.08931e-10
1.07488e-10
1.05996e-10
1.04498e-10
1.02983e-10
1.01478e-10
9.99829e-11
9.84757e-11
9.70873e-11
9.52542e-11
0.000199909
0.000160018
0.000135961
 0.00011842
 0.00010524
 9.4752e-05
8.62749e-05
7.92034e-05
7.32507e-05
6.81329e-05
6.37081e-05
5.98222e-05
5.63976e-05
5.33421e-05
5.06098e-05
4.81425e-05
4.59085e-05
4.38789e-05
4.19969e-05
4.03756e-05
3.84542e-05
 0.00099999
          1
1.99926e-07
1.60032e-07
1.35973e-07
 1.1843e-07
 1.0525e-07
9.47602e-08
8.62822e-08
  7.921e-08
7.32566e-08
6.81383e-08
 6.3713e-08
5.98268e-08
5.64018e-08
 5.3346e-08
5.06133e-08
4.81458e-08
4.59115e-08
4.38817e-08
4.19995e-08
4.03781e-08
3.84566e-08
