5.73534e-09
4.59659e-09
3.79165e-09
3.19233e-09
2.72948e-09
2.36398e-09
2.06946e-09
1.82682e-09
1.62688e-09
1.45663e-09
1.31389e-09
1.18982e-09
1.08383e-09
9.90971e-10
9.09637e-10
8.38276e-10
7.74655e-10
7.18377e-10
6.67769e-10
6.22571e-10
5.81576e-10
 5.4479e-10
5.11094e-10
4.80711e-10
4.52698e-10
4.27335e-10
 4.0376e-10
3.82361e-10
3.62362e-10
3.44127e-10
3.27011e-10
 3.1134e-10
2.96597e-10
2.83016e-10
2.70228e-10
2.58385e-10
2.47216e-10
2.36833e-10
2.27014e-10
2.17865e-10
2.09188e-10
2.01077e-10
1.93381e-10
1.86155e-10
1.79291e-10
1.72834e-10
1.66684e-10
1.60887e-10
1.55358e-10
1.50134e-10
1.45146e-10
1.40422e-10
1.35905e-10
 1.3162e-10
1.27517e-10
1.23618e-10
 1.1988e-10
1.16322e-10
1.12907e-10
1.09652e-10
1.06524e-10
1.03538e-10
1.00665e-10
9.79193e-11
9.52755e-11
9.27448e-11
9.03061e-11
8.79687e-11
8.57144e-11
8.35512e-11
8.14631e-11
7.94573e-11
7.75194e-11
7.56561e-11
7.38546e-11
7.21205e-11
7.04428e-11
6.88264e-11
6.72613e-11
6.57522e-11
  6.429e-11
6.28789e-11
6.15107e-11
6.01893e-11
5.89073e-11
5.76682e-11
5.64652e-11
5.53017e-11
5.41715e-11
5.30775e-11
5.20143e-11
5.09845e-11
4.99831e-11
4.90125e-11
4.80682e-11
4.71525e-11
 4.6261e-11
 4.5396e-11
4.45529e-11
4.37418e-11
 4.2872e-11
9.41663e-09
8.64486e-09
7.91609e-09
 7.2565e-09
6.67584e-09
6.16018e-09
5.70353e-09
5.29864e-09
4.93531e-09
4.61298e-09
4.31996e-09
4.05857e-09
3.81886e-09
3.60367e-09
3.40494e-09
3.22536e-09
 3.0589e-09
2.90696e-09
2.76601e-09
2.63643e-09
2.51562e-09
2.40415e-09
2.29983e-09
2.20303e-09
2.11231e-09
2.02763e-09
1.94815e-09
1.87362e-09
1.80353e-09
1.73752e-09
1.67538e-09
1.61661e-09
 1.5612e-09
1.50862e-09
1.45898e-09
1.41174e-09
1.36705e-09
1.32443e-09
1.28405e-09
1.24544e-09
1.20881e-09
1.17371e-09
1.14037e-09
1.10836e-09
 1.0779e-09
1.04862e-09
1.02073e-09
9.93859e-10
9.68231e-10
9.43513e-10
9.19908e-10
 8.9711e-10
8.75313e-10
8.54235e-10
8.34062e-10
8.14531e-10
7.95819e-10
7.77682e-10
 7.6029e-10
7.43413e-10
7.27216e-10
7.11483e-10
 6.9637e-10
6.81677e-10
6.67551e-10
6.53805e-10
 6.4058e-10
6.27699e-10
6.15298e-10
6.03208e-10
5.91562e-10
5.80199e-10
5.69246e-10
5.58551e-10
5.48235e-10
5.38155e-10
5.28426e-10
5.18914e-10
5.09728e-10
5.00741e-10
4.92056e-10
4.83555e-10
4.75335e-10
4.67284e-10
4.59496e-10
4.51862e-10
4.44475e-10
4.37231e-10
4.30217e-10
4.23335e-10
4.16668e-10
4.10124e-10
4.03782e-10
3.97553e-10
3.91515e-10
3.85581e-10
3.79826e-10
3.74169e-10
3.68675e-10
3.63322e-10
3.57601e-10
3.52458e-10
     0.0001
8.99999e-05
8.19995e-05
 7.5399e-05
6.98385e-05
 6.5078e-05
6.09495e-05
5.73307e-05
5.41298e-05
5.12766e-05
4.87159e-05
 4.6404e-05
4.43056e-05
4.23921e-05
4.06395e-05
3.90281e-05
3.75413e-05
 3.6165e-05
3.48872e-05
3.36975e-05
3.25871e-05
3.15482e-05
 3.0574e-05
2.96587e-05
 2.8797e-05
2.79844e-05
2.72166e-05
2.64901e-05
2.58016e-05
2.51482e-05
2.45272e-05
2.39364e-05
2.33734e-05
2.28365e-05
2.23237e-05
2.18336e-05
2.13646e-05
2.09155e-05
2.04848e-05
2.00717e-05
1.96749e-05
1.92935e-05
1.89267e-05
1.85736e-05
1.82335e-05
1.79057e-05
1.75894e-05
1.72842e-05
1.69894e-05
1.67045e-05
 1.6429e-05
1.61625e-05
1.59045e-05
1.56546e-05
1.54125e-05
1.51777e-05
  1.495e-05
1.47291e-05
1.45146e-05
1.43062e-05
1.41038e-05
 1.3907e-05
1.37157e-05
1.35295e-05
1.33483e-05
 1.3172e-05
1.30002e-05
1.28328e-05
1.26698e-05
1.25108e-05
1.23557e-05
1.22045e-05
1.20569e-05
1.19128e-05
1.17722e-05
1.16348e-05
1.15006e-05
1.13695e-05
1.12413e-05
1.11159e-05
1.09934e-05
1.08735e-05
1.07562e-05
1.06414e-05
 1.0529e-05
 1.0419e-05
1.03113e-05
1.02057e-05
1.01023e-05
 1.0001e-05
9.90171e-06
9.80435e-06
9.70888e-06
9.61526e-06
9.52342e-06
9.43332e-06
9.34491e-06
9.25815e-06
9.17291e-06
9.09001e-06
9.00032e-06
0.000999896
          1
1.00492e-07
9.03785e-08
8.23011e-08
  7.564e-08
7.00367e-08
6.52401e-08
6.10866e-08
5.74449e-08
5.42276e-08
 5.1359e-08
4.87873e-08
4.64649e-08
4.43585e-08
 4.2438e-08
4.06792e-08
 3.9063e-08
3.75716e-08
3.61916e-08
3.49106e-08
3.37179e-08
3.26052e-08
3.15638e-08
 3.0588e-08
2.96707e-08
2.88078e-08
2.79934e-08
2.72248e-08
2.64969e-08
2.58078e-08
2.51533e-08
2.45318e-08
  2.394e-08
2.33766e-08
2.28389e-08
2.23259e-08
2.18352e-08
2.13659e-08
2.09162e-08
2.04854e-08
2.00718e-08
1.96749e-08
1.92932e-08
1.89262e-08
1.85729e-08
1.82327e-08
1.79045e-08
1.75882e-08
1.72828e-08
1.69879e-08
1.67028e-08
1.64273e-08
1.61607e-08
1.59026e-08
1.56526e-08
1.54105e-08
1.51756e-08
1.49479e-08
1.47269e-08
1.45124e-08
 1.4304e-08
1.41015e-08
1.39047e-08
1.37133e-08
1.35271e-08
 1.3346e-08
1.31695e-08
1.29978e-08
1.28304e-08
1.26673e-08
1.25083e-08
1.23533e-08
 1.2202e-08
1.20544e-08
1.19104e-08
1.17697e-08
1.16323e-08
1.14982e-08
 1.1367e-08
1.12388e-08
1.11135e-08
 1.0991e-08
1.08711e-08
1.07538e-08
 1.0639e-08
1.05267e-08
1.04166e-08
1.03089e-08
1.02034e-08
   1.01e-08
9.99868e-09
 9.8994e-09
9.80203e-09
9.70659e-09
9.61297e-09
9.52116e-09
9.43106e-09
9.34268e-09
9.25591e-09
 9.1707e-09
 9.0878e-09
8.99814e-09
