5.70609e-09
4.59313e-09
 3.7831e-09
 3.1896e-09
2.72513e-09
  2.362e-09
2.06639e-09
1.82559e-09
1.62448e-09
1.45578e-09
1.31217e-09
1.18921e-09
1.08265e-09
9.90402e-10
9.08653e-10
 8.3819e-10
7.73133e-10
7.19645e-10
6.64114e-10
6.28262e-10
5.69078e-10
9.33408e-09
8.60208e-09
7.88454e-09
7.22946e-09
6.65734e-09
6.13976e-09
5.69047e-09
5.28291e-09
4.92523e-09
4.60067e-09
 4.3112e-09
4.04884e-09
3.81114e-09
3.59591e-09
3.39792e-09
 3.2196e-09
3.05128e-09
2.90483e-09
 2.7539e-09
2.64597e-09
2.48001e-09
2.36551e-09
9.99876e-05
9.00011e-05
8.19951e-05
7.54003e-05
6.98355e-05
6.50795e-05
6.09469e-05
5.73326e-05
 5.4127e-05
5.12792e-05
4.87122e-05
4.64081e-05
4.42998e-05
4.23997e-05
 4.0628e-05
3.90454e-05
3.75129e-05
3.62133e-05
3.47995e-05
3.38643e-05
3.22524e-05
0.000999897
          1
1.00489e-07
9.03882e-08
8.22989e-08
7.56468e-08
7.00345e-08
6.52459e-08
 6.1084e-08
5.74492e-08
 5.4225e-08
5.13632e-08
4.87841e-08
4.64699e-08
4.43535e-08
 4.2446e-08
4.06688e-08
3.90803e-08
3.75445e-08
3.62395e-08
3.48245e-08
3.38834e-08
3.22702e-08
