4.11863e-09
4.55777e-09
3.41924e-09
3.18373e-09
2.54788e-09
2.37009e-09
1.95243e-09
1.84368e-09
1.53644e-09
1.48462e-09
1.23134e-09
4.85165e-09
6.73321e-09
6.50294e-09
6.21754e-09
5.88839e-09
5.48557e-09
  5.172e-09
4.82848e-09
4.52856e-09
4.28759e-09
 3.9597e-09
3.66924e-09
9.63273e-05
9.03672e-05
8.07018e-05
7.57883e-05
6.89482e-05
6.55232e-05
6.01577e-05
 5.7885e-05
5.32782e-05
5.20432e-05
4.76151e-05
0.000999941
          1
9.75967e-08
9.11924e-08
8.13027e-08
7.62587e-08
6.93233e-08
6.58287e-08
6.04155e-08
5.80974e-08
5.34656e-08
5.21975e-08
4.77462e-08
