2.56679e-09
2.16772e-09
1.86419e-09
1.62587e-09
1.43288e-09
1.27496e-09
1.14331e-09
1.03177e-09
9.36811e-10
8.54426e-10
7.83639e-10
7.20766e-10
6.66078e-10
6.17104e-10
5.73848e-10
5.34934e-10
 4.9987e-10
4.68533e-10
4.39724e-10
4.13947e-10
3.90052e-10
3.68558e-10
3.48504e-10
3.30356e-10
3.13383e-10
2.97906e-10
2.83374e-10
2.70097e-10
2.57553e-10
2.46039e-10
 2.3517e-10
  2.251e-10
2.15611e-10
2.06769e-10
 1.9842e-10
1.90612e-10
1.83229e-10
1.76304e-10
1.69733e-10
1.63563e-10
1.57694e-10
1.52166e-10
1.46904e-10
1.41933e-10
1.37194e-10
1.32708e-10
1.28424e-10
1.24361e-10
1.20476e-10
1.16784e-10
1.13249e-10
1.09884e-10
1.06659e-10
1.03583e-10
1.00631e-10
9.78126e-11
9.51041e-11
9.25144e-11
9.00231e-11
8.76381e-11
8.53413e-11
8.31398e-11
8.10176e-11
7.89813e-11
7.70163e-11
7.51288e-11
7.33059e-11
7.15531e-11
6.98587e-11
 6.8228e-11
6.66504e-11
6.51306e-11
6.36592e-11
6.22405e-11
6.08659e-11
5.95395e-11
5.82534e-11
5.70113e-11
5.58062e-11
5.46416e-11
5.35108e-11
5.24172e-11
5.13547e-11
5.03264e-11
4.93269e-11
4.83588e-11
4.74173e-11
4.65049e-11
4.56169e-11
4.47559e-11
4.39175e-11
4.31041e-11
4.23116e-11
4.15424e-11
4.07926e-11
4.00644e-11
3.93542e-11
3.86641e-11
3.79903e-11
3.73412e-11
3.66438e-11
2.25347e-09
2.20198e-09
2.12209e-09
2.03471e-09
1.94298e-09
1.85446e-09
1.76843e-09
1.68739e-09
1.61088e-09
1.53891e-09
1.47144e-09
1.40826e-09
1.34926e-09
 1.2938e-09
 1.2418e-09
1.19309e-09
1.14739e-09
1.10422e-09
1.06378e-09
1.02561e-09
9.89555e-10
9.55537e-10
9.23472e-10
8.92817e-10
8.64277e-10
8.36555e-10
 8.1096e-10
7.85879e-10
7.62777e-10
 7.4004e-10
 7.1907e-10
6.98424e-10
6.79303e-10
6.60484e-10
 6.4301e-10
6.25799e-10
 6.0977e-10
 5.9399e-10
5.79251e-10
5.64733e-10
5.51149e-10
5.37756e-10
5.25202e-10
 5.1282e-10
5.01189e-10
4.89714e-10
4.78916e-10
4.68257e-10
4.58212e-10
 4.4829e-10
4.38926e-10
4.29673e-10
4.20928e-10
4.12282e-10
  4.041e-10
3.96007e-10
 3.8834e-10
3.80752e-10
3.73554e-10
3.66428e-10
3.59662e-10
 3.5296e-10
 3.4659e-10
3.40277e-10
3.34272e-10
3.28318e-10
3.22649e-10
3.17025e-10
3.11667e-10
3.06349e-10
3.01278e-10
2.96244e-10
2.91439e-10
2.86667e-10
 2.8211e-10
2.77582e-10
2.73255e-10
2.68954e-10
2.64841e-10
2.60751e-10
2.56839e-10
2.52946e-10
 2.4922e-10
2.45511e-10
2.41959e-10
2.38423e-10
2.35035e-10
 2.3166e-10
2.28424e-10
2.25201e-10
2.22109e-10
2.19028e-10
2.16071e-10
2.13123e-10
2.10293e-10
2.07471e-10
2.04761e-10
2.02057e-10
1.99457e-10
1.96886e-10
1.94164e-10
1.91683e-10
     0.0001
8.99999e-05
8.19995e-05
 7.5399e-05
6.98385e-05
 6.5078e-05
6.09495e-05
5.73307e-05
5.41299e-05
5.12766e-05
4.87159e-05
 4.6404e-05
4.43056e-05
4.23921e-05
4.06395e-05
3.90281e-05
3.75413e-05
 3.6165e-05
3.48872e-05
3.36975e-05
3.25871e-05
3.15482e-05
 3.0574e-05
2.96587e-05
 2.8797e-05
2.79844e-05
2.72166e-05
2.64901e-05
2.58016e-05
2.51482e-05
2.45272e-05
2.39364e-05
2.33734e-05
2.28365e-05
2.23237e-05
2.18336e-05
2.13646e-05
2.09155e-05
2.04848e-05
2.00717e-05
1.96749e-05
1.92935e-05
1.89267e-05
1.85736e-05
1.82335e-05
1.79057e-05
1.75894e-05
1.72842e-05
1.69894e-05
1.67045e-05
 1.6429e-05
1.61625e-05
1.59045e-05
1.56546e-05
1.54125e-05
1.51777e-05
  1.495e-05
1.47291e-05
1.45146e-05
1.43062e-05
1.41038e-05
 1.3907e-05
1.37157e-05
1.35295e-05
1.33483e-05
 1.3172e-05
1.30002e-05
1.28328e-05
1.26698e-05
1.25108e-05
1.23557e-05
1.22045e-05
1.20569e-05
1.19128e-05
1.17722e-05
1.16348e-05
1.15006e-05
1.13695e-05
1.12413e-05
1.11159e-05
1.09934e-05
1.08735e-05
1.07562e-05
1.06414e-05
 1.0529e-05
 1.0419e-05
1.03113e-05
1.02057e-05
1.01023e-05
 1.0001e-05
9.90171e-06
9.80435e-06
9.70888e-06
9.61526e-06
9.52342e-06
9.43332e-06
9.34491e-06
9.25815e-06
9.17291e-06
9.09001e-06
9.00032e-06
0.000999967
          1
1.00179e-07
9.01472e-08
8.21266e-08
7.55056e-08
6.99306e-08
6.51597e-08
6.10194e-08
5.73945e-08
5.41844e-08
5.13273e-08
4.87594e-08
4.64448e-08
4.43412e-08
4.24253e-08
 4.0669e-08
3.90558e-08
3.75658e-08
3.61884e-08
3.49077e-08
3.37173e-08
3.26045e-08
3.15652e-08
3.05889e-08
2.96734e-08
2.88099e-08
2.79971e-08
2.72277e-08
2.65012e-08
2.58113e-08
2.51579e-08
2.45358e-08
2.39449e-08
2.33809e-08
 2.2844e-08
2.23304e-08
2.18403e-08
2.13706e-08
2.09214e-08
2.04901e-08
2.00769e-08
1.96796e-08
1.92982e-08
1.89309e-08
1.85778e-08
1.82373e-08
1.79094e-08
1.75928e-08
1.72876e-08
1.69924e-08
1.67075e-08
1.64317e-08
1.61652e-08
 1.5907e-08
1.56571e-08
1.54147e-08
  1.518e-08
1.49521e-08
1.47311e-08
1.45164e-08
1.43081e-08
1.41055e-08
1.39087e-08
1.37172e-08
 1.3531e-08
1.33497e-08
1.31734e-08
1.30014e-08
1.28341e-08
1.26709e-08
1.25119e-08
1.23567e-08
1.22055e-08
1.20578e-08
1.19138e-08
 1.1773e-08
1.16357e-08
1.15014e-08
1.13702e-08
 1.1242e-08
1.11167e-08
 1.0994e-08
1.08742e-08
1.07568e-08
 1.0642e-08
1.05296e-08
1.04196e-08
1.03117e-08
1.02062e-08
1.01028e-08
1.00015e-08
9.90207e-09
9.80473e-09
 9.7092e-09
 9.6156e-09
9.52371e-09
9.43363e-09
9.34516e-09
9.25843e-09
9.17313e-09
9.09025e-09
9.00051e-09
