2.38101e-09
2.19939e-09
 1.8062e-09
1.64815e-09
1.39755e-09
1.29523e-09
1.11476e-09
1.05252e-09
9.09302e-10
8.78774e-10
7.52287e-10
1.99886e-09
 2.1632e-09
2.07015e-09
2.00399e-09
1.92331e-09
1.82944e-09
1.75991e-09
1.66769e-09
1.60488e-09
1.52728e-09
1.45871e-09
1.37011e-09
9.63273e-05
9.03672e-05
8.07018e-05
7.57883e-05
6.89482e-05
6.55232e-05
6.01577e-05
 5.7885e-05
5.32782e-05
5.20432e-05
4.76151e-05
 0.00099997
          1
9.65744e-08
9.05477e-08
8.08469e-08
7.59118e-08
6.90515e-08
6.56136e-08
6.02356e-08
5.79538e-08
5.33392e-08
5.20967e-08
4.76621e-08
