 1.3355e-09
1.20179e-09
 1.0891e-09
9.90553e-10
9.07233e-10
8.32832e-10
7.68296e-10
7.10554e-10
6.59699e-10
6.13665e-10
5.72992e-10
5.35628e-10
5.02461e-10
4.71902e-10
4.44235e-10
4.18954e-10
 3.9583e-10
3.74442e-10
3.54914e-10
 3.3684e-10
3.20025e-10
3.04598e-10
2.90193e-10
2.76706e-10
 2.6438e-10
2.52538e-10
2.41831e-10
2.31434e-10
2.22063e-10
2.12881e-10
2.04609e-10
1.96504e-10
1.89136e-10
 1.8193e-10
 1.7539e-10
1.68897e-10
1.63106e-10
1.57214e-10
1.52066e-10
 1.4672e-10
1.42091e-10
1.37259e-10
1.33061e-10
1.28689e-10
1.24859e-10
1.20903e-10
1.17394e-10
1.13798e-10
1.10582e-10
1.07304e-10
1.04343e-10
1.01351e-10
9.86208e-11
9.58762e-11
9.33586e-11
9.08327e-11
8.85064e-11
 8.6177e-11
8.40227e-11
  8.187e-11
7.98713e-11
7.78778e-11
  7.602e-11
7.41703e-11
7.24407e-11
7.07211e-11
6.91084e-11
6.75067e-11
6.60007e-11
6.45063e-11
6.30979e-11
6.17014e-11
6.03824e-11
5.90753e-11
5.78383e-11
5.66131e-11
5.54516e-11
5.43016e-11
5.32095e-11
5.21286e-11
5.11005e-11
5.00833e-11
4.91144e-11
4.81559e-11
4.72417e-11
4.63375e-11
 4.5474e-11
4.46201e-11
4.38036e-11
4.29963e-11
4.22234e-11
4.14594e-11
4.07272e-11
4.00034e-11
3.93089e-11
3.86226e-11
3.79633e-11
3.73126e-11
3.66824e-11
3.60846e-11
 3.5378e-11
2.43021e-09
2.29504e-09
2.20077e-09
2.09267e-09
2.00465e-09
  1.913e-09
1.83429e-09
1.75464e-09
1.68486e-09
1.61512e-09
1.55315e-09
1.49194e-09
1.43692e-09
1.38264e-09
1.33386e-09
1.28541e-09
1.24194e-09
1.19867e-09
1.15959e-09
1.12091e-09
1.08562e-09
1.05088e-09
 1.0189e-09
9.87587e-10
9.58518e-10
9.30162e-10
9.03659e-10
8.77933e-10
8.53628e-10
8.30262e-10
8.07903e-10
7.86586e-10
7.66008e-10
7.46463e-10
7.27491e-10
7.09541e-10
6.91966e-10
 6.7548e-10
6.59137e-10
 6.4396e-10
6.28754e-10
 6.1472e-10
6.00555e-10
5.87561e-10
5.74332e-10
 5.6226e-10
5.49914e-10
5.38655e-10
5.27114e-10
5.16602e-10
5.05795e-10
4.95956e-10
4.85827e-10
  4.766e-10
4.67091e-10
4.58426e-10
4.49487e-10
4.41336e-10
4.32921e-10
4.25243e-10
4.17311e-10
 4.1007e-10
4.02582e-10
3.95743e-10
3.88668e-10
3.82201e-10
3.75507e-10
3.69385e-10
3.63045e-10
3.57242e-10
 3.5123e-10
3.45724e-10
3.40018e-10
3.34788e-10
3.29367e-10
3.24395e-10
3.19239e-10
3.14507e-10
3.09599e-10
3.05092e-10
3.00415e-10
2.96118e-10
2.91658e-10
2.87559e-10
2.83302e-10
2.79387e-10
2.75321e-10
2.71579e-10
2.67692e-10
2.64114e-10
2.60395e-10
 2.5697e-10
 2.5341e-10
 2.5013e-10
2.46718e-10
2.43575e-10
2.40304e-10
2.37292e-10
2.34136e-10
 2.3134e-10
2.27811e-10
2.25014e-10
      5e-05
   4.75e-05
4.52499e-05
4.32122e-05
 4.1357e-05
3.96599e-05
3.81008e-05
3.66631e-05
3.53328e-05
3.40979e-05
3.29483e-05
3.18752e-05
3.08712e-05
2.99296e-05
2.90447e-05
2.82114e-05
2.74253e-05
2.66824e-05
2.59793e-05
2.53127e-05
2.46798e-05
2.40782e-05
2.35055e-05
2.29597e-05
2.24389e-05
2.19414e-05
2.14656e-05
2.10103e-05
 2.0574e-05
2.01556e-05
 1.9754e-05
1.93682e-05
1.89972e-05
1.86404e-05
1.82967e-05
1.79656e-05
1.76463e-05
1.73382e-05
1.70407e-05
1.67533e-05
1.64755e-05
1.62068e-05
1.59468e-05
 1.5695e-05
1.54511e-05
1.52147e-05
1.49854e-05
1.47629e-05
 1.4547e-05
1.43373e-05
1.41336e-05
1.39357e-05
1.37432e-05
 1.3556e-05
1.33738e-05
1.31965e-05
1.30238e-05
1.28556e-05
1.26917e-05
1.25319e-05
1.23761e-05
1.22242e-05
1.20759e-05
1.19312e-05
1.17899e-05
 1.1652e-05
1.15172e-05
1.13855e-05
1.12569e-05
 1.1131e-05
 1.1008e-05
1.08877e-05
  1.077e-05
1.06548e-05
 1.0542e-05
1.04316e-05
1.03235e-05
1.02176e-05
1.01139e-05
1.00122e-05
9.91262e-06
9.81496e-06
9.71921e-06
9.62531e-06
9.53321e-06
9.44286e-06
 9.3542e-06
 9.2672e-06
 9.1818e-06
9.09796e-06
9.01564e-06
8.93479e-06
8.85539e-06
8.77738e-06
8.70073e-06
8.62542e-06
8.55138e-06
8.47871e-06
 8.4067e-06
8.33881e-06
8.25681e-06
0.000999941
          1
5.00548e-08
4.75482e-08
4.52947e-08
4.32512e-08
4.13935e-08
 3.9691e-08
3.81299e-08
3.66891e-08
3.53562e-08
3.41194e-08
3.29673e-08
3.18932e-08
3.08868e-08
2.99447e-08
2.90575e-08
2.82242e-08
 2.7436e-08
2.66933e-08
2.59882e-08
2.53219e-08
2.46873e-08
 2.4086e-08
2.35118e-08
2.29663e-08
2.24443e-08
 2.1947e-08
2.14703e-08
2.10151e-08
2.05779e-08
2.01597e-08
1.97573e-08
1.93717e-08
1.90001e-08
1.86433e-08
1.82991e-08
 1.7968e-08
1.76483e-08
1.73402e-08
1.70425e-08
 1.6755e-08
 1.6477e-08
1.62082e-08
1.59481e-08
1.56962e-08
1.54521e-08
1.52156e-08
1.49862e-08
1.47637e-08
1.45477e-08
1.43379e-08
1.41342e-08
1.39361e-08
1.37436e-08
1.35563e-08
1.33741e-08
1.31967e-08
1.30239e-08
1.28557e-08
1.26917e-08
1.25319e-08
1.23761e-08
1.22241e-08
1.20758e-08
1.19311e-08
1.17898e-08
1.16518e-08
 1.1517e-08
1.13853e-08
1.12566e-08
1.11308e-08
1.10077e-08
1.08874e-08
1.07696e-08
1.06544e-08
1.05416e-08
1.04312e-08
1.03231e-08
1.02172e-08
1.01134e-08
1.00118e-08
9.91214e-09
9.81448e-09
9.71871e-09
9.62481e-09
 9.5327e-09
9.44234e-09
9.35367e-09
9.26666e-09
9.18125e-09
9.09741e-09
9.01508e-09
8.93423e-09
8.85481e-09
 8.7768e-09
8.70015e-09
8.62484e-09
8.55079e-09
8.47811e-09
 8.4061e-09
 8.3382e-09
8.25621e-09
