7.66203e-10
1.20705e-09
9.72861e-10
9.97942e-10
8.56606e-10
8.39577e-10
7.39675e-10
7.16849e-10
6.40848e-10
6.19729e-10
5.59193e-10
 5.4151e-10
4.91587e-10
4.77584e-10
4.35146e-10
4.24703e-10
3.87545e-10
3.80536e-10
3.46948e-10
3.43392e-10
3.11905e-10
2.10904e-10
1.50066e-09
1.53118e-09
1.66317e-09
1.64101e-09
1.63377e-09
1.59712e-09
1.55553e-09
1.51511e-09
1.46503e-09
1.42446e-09
1.37463e-09
1.33492e-09
1.28898e-09
1.24991e-09
1.20986e-09
1.17026e-09
  1.138e-09
1.09561e-09
1.07396e-09
1.02462e-09
9.88401e-10
4.84798e-05
 4.7576e-05
4.47355e-05
4.32893e-05
4.10375e-05
3.97398e-05
3.78597e-05
3.67475e-05
3.51301e-05
3.41891e-05
3.27645e-05
3.19763e-05
3.06936e-05
3.00451e-05
2.88625e-05
2.83481e-05
2.72265e-05
2.68515e-05
 2.5747e-05
2.55335e-05
2.43864e-05
0.000999986
          1
4.90929e-08
4.79185e-08
4.49935e-08
4.34895e-08
4.12014e-08
3.98774e-08
3.79774e-08
3.68499e-08
  3.522e-08
3.42688e-08
3.28358e-08
3.20403e-08
3.07517e-08
3.00976e-08
2.89108e-08
 2.8392e-08
2.72672e-08
2.68888e-08
2.57817e-08
2.55655e-08
2.44155e-08
