1.31767e-09
1.21003e-09
1.08882e-09
9.97004e-10
9.08429e-10
8.37499e-10
7.69831e-10
7.14042e-10
 6.6119e-10
6.16884e-10
5.74015e-10
5.38435e-10
5.03244e-10
4.74442e-10
4.44812e-10
4.21123e-10
 3.9641e-10
3.76202e-10
3.55566e-10
3.38189e-10
3.20779e-10
3.05655e-10
2.90876e-10
2.77706e-10
2.64877e-10
2.53519e-10
2.42205e-10
 2.3235e-10
2.22377e-10
 2.1369e-10
2.04928e-10
1.97184e-10
1.89451e-10
1.82544e-10
 1.7565e-10
1.69488e-10
1.63305e-10
1.57784e-10
1.52221e-10
1.47252e-10
1.42231e-10
1.37739e-10
1.33199e-10
1.29114e-10
1.25005e-10
1.21272e-10
1.17546e-10
1.14126e-10
 1.1073e-10
1.07599e-10
1.04488e-10
1.01615e-10
 9.8762e-11
 9.6116e-11
9.34933e-11
 9.1052e-11
8.86347e-11
8.63779e-11
8.41451e-11
8.20543e-11
7.99881e-11
7.80474e-11
7.61313e-11
7.43269e-11
7.25465e-11
7.08661e-11
6.92089e-11
6.76414e-11
6.60961e-11
6.46318e-11
6.31885e-11
6.18184e-11
6.04685e-11
5.91847e-11
5.79201e-11
5.67157e-11
5.55293e-11
5.43978e-11
5.32833e-11
 5.2219e-11
5.11708e-11
5.01684e-11
4.91813e-11
4.82361e-11
4.73054e-11
4.64133e-11
4.55346e-11
4.46917e-11
4.38614e-11
 4.3064e-11
4.22786e-11
4.15236e-11
4.07798e-11
4.00642e-11
3.93592e-11
3.86804e-11
3.80113e-11
3.73675e-11
3.67283e-11
3.61366e-11
3.54229e-11
2.33175e-09
2.28479e-09
2.18541e-09
2.09426e-09
2.00423e-09
1.91768e-09
1.83872e-09
1.76027e-09
1.69087e-09
1.62119e-09
1.55978e-09
1.49803e-09
1.44375e-09
1.38846e-09
1.34046e-09
1.29122e-09
 1.2482e-09
1.20408e-09
 1.1657e-09
1.12608e-09
1.09122e-09
1.05592e-09
1.02422e-09
9.92171e-10
9.63724e-10
9.34385e-10
9.08581e-10
 8.8195e-10
8.58267e-10
 8.3401e-10
8.12372e-10
7.90032e-10
7.70309e-10
7.49673e-10
7.31592e-10
7.12558e-10
6.95866e-10
6.78328e-10
6.62846e-10
 6.4665e-10
6.32288e-10
6.17261e-10
 6.0393e-10
5.89961e-10
 5.7755e-10
 5.6455e-10
5.52966e-10
5.40847e-10
5.30019e-10
5.18697e-10
5.08562e-10
4.97962e-10
4.88462e-10
4.78525e-10
4.69604e-10
4.60274e-10
4.51885e-10
4.43112e-10
4.35212e-10
4.26951e-10
4.19502e-10
4.11713e-10
 4.0468e-10
3.97326e-10
3.90678e-10
3.83726e-10
3.77434e-10
3.70855e-10
3.64894e-10
 3.5866e-10
3.53006e-10
3.47093e-10
3.41725e-10
3.36111e-10
3.31009e-10
3.25673e-10
3.20819e-10
3.15742e-10
3.11122e-10
3.06287e-10
3.01883e-10
2.97275e-10
2.93075e-10
2.88679e-10
2.84669e-10
2.80472e-10
2.76641e-10
2.72631e-10
2.68969e-10
2.65134e-10
 2.6163e-10
 2.5796e-10
2.54604e-10
 2.5109e-10
2.47875e-10
2.44507e-10
2.41424e-10
2.38198e-10
 2.3522e-10
2.32226e-10
2.28832e-10
2.25896e-10
      5e-05
   4.75e-05
4.52499e-05
4.32122e-05
 4.1357e-05
3.96599e-05
3.81008e-05
3.66631e-05
3.53328e-05
3.40979e-05
3.29483e-05
3.18752e-05
3.08712e-05
2.99296e-05
2.90447e-05
2.82114e-05
2.74253e-05
2.66824e-05
2.59793e-05
2.53127e-05
2.46798e-05
2.40782e-05
2.35055e-05
2.29597e-05
2.24389e-05
2.19414e-05
2.14656e-05
2.10103e-05
 2.0574e-05
2.01556e-05
 1.9754e-05
1.93682e-05
1.89972e-05
1.86404e-05
1.82967e-05
1.79656e-05
1.76463e-05
1.73382e-05
1.70407e-05
1.67533e-05
1.64755e-05
1.62068e-05
1.59468e-05
 1.5695e-05
1.54511e-05
1.52147e-05
1.49854e-05
1.47629e-05
 1.4547e-05
1.43373e-05
1.41336e-05
1.39357e-05
1.37432e-05
 1.3556e-05
1.33738e-05
1.31965e-05
1.30238e-05
1.28556e-05
1.26917e-05
1.25319e-05
1.23761e-05
1.22242e-05
1.20759e-05
1.19312e-05
1.17899e-05
 1.1652e-05
1.15172e-05
1.13855e-05
1.12569e-05
 1.1131e-05
 1.1008e-05
1.08877e-05
  1.077e-05
1.06548e-05
 1.0542e-05
1.04316e-05
1.03235e-05
1.02176e-05
1.01139e-05
1.00122e-05
9.91262e-06
9.81496e-06
9.71921e-06
9.62531e-06
9.53321e-06
9.44286e-06
 9.3542e-06
 9.2672e-06
 9.1818e-06
9.09796e-06
9.01564e-06
8.93479e-06
8.85539e-06
8.77738e-06
8.70073e-06
8.62542e-06
8.55138e-06
8.47871e-06
 8.4067e-06
8.33881e-06
8.25681e-06
0.000999943
          1
5.00763e-08
4.75656e-08
4.53036e-08
4.32613e-08
4.13986e-08
3.96979e-08
3.81335e-08
3.66936e-08
3.53591e-08
3.41226e-08
3.29699e-08
3.18955e-08
3.08889e-08
2.99467e-08
2.90593e-08
2.82257e-08
2.74375e-08
2.66945e-08
2.59895e-08
 2.5323e-08
2.46884e-08
 2.4087e-08
2.35127e-08
2.29672e-08
2.24451e-08
2.19477e-08
 2.1471e-08
2.10157e-08
2.05786e-08
2.01602e-08
 1.9758e-08
1.93721e-08
1.90008e-08
1.86437e-08
1.82998e-08
1.79684e-08
1.76489e-08
1.73406e-08
1.70429e-08
1.67555e-08
1.64774e-08
1.62087e-08
1.59484e-08
1.56966e-08
1.54524e-08
 1.5216e-08
1.49865e-08
 1.4764e-08
1.45479e-08
1.43383e-08
1.41344e-08
1.39364e-08
1.37438e-08
1.35566e-08
1.33743e-08
1.31969e-08
1.30241e-08
1.28559e-08
1.26919e-08
1.25322e-08
1.23763e-08
1.22243e-08
 1.2076e-08
1.19313e-08
1.17899e-08
 1.1652e-08
1.15172e-08
1.13855e-08
1.12567e-08
1.11309e-08
1.10078e-08
1.08875e-08
1.07697e-08
1.06546e-08
1.05417e-08
1.04314e-08
1.03232e-08
1.02173e-08
1.01135e-08
1.00119e-08
9.91225e-09
9.81461e-09
9.71882e-09
9.62493e-09
 9.5328e-09
9.44246e-09
9.35377e-09
9.26678e-09
9.18134e-09
9.09752e-09
9.01517e-09
8.93434e-09
 8.8549e-09
8.77691e-09
8.70023e-09
8.62494e-09
8.55087e-09
8.47821e-09
8.40618e-09
8.33829e-09
8.25628e-09
