-4.33511e-10
 1.17389e-09
 7.25514e-10
 9.83352e-10
 7.49392e-10
 8.31305e-10
 6.80534e-10
 7.11074e-10
  6.0442e-10
 6.14661e-10
 5.35888e-10
-4.22091e-09
-2.31759e-10
 1.39057e-10
 7.10968e-10
 8.59472e-10
 1.00596e-09
 1.07386e-09
 1.10238e-09
 1.13207e-09
 1.11965e-09
 1.12799e-09
 1.09836e-09
  4.4275e-05
 4.77862e-05
 4.33129e-05
 4.35027e-05
 4.01539e-05
 3.99607e-05
 3.71927e-05
  3.6981e-05
 3.45695e-05
 3.44414e-05
  3.2256e-05
  0.00100007
           1
 4.58758e-08
 4.87077e-08
 4.39601e-08
 4.40232e-08
 4.05525e-08
 4.03115e-08
 3.74723e-08
 3.72393e-08
 3.47791e-08
 3.46422e-08
 3.24195e-08
