7.73115e-10
1.20293e-09
9.70388e-10
9.94138e-10
8.53672e-10
8.36376e-10
7.37022e-10
7.14187e-10
6.38556e-10
 6.1751e-10
5.57229e-10
5.39646e-10
4.89903e-10
4.76002e-10
  4.337e-10
4.23345e-10
  3.863e-10
3.79355e-10
3.45878e-10
3.42352e-10
3.10982e-10
 2.4757e-10
1.50786e-09
1.53311e-09
1.66055e-09
 1.6366e-09
1.62805e-09
1.59071e-09
1.54874e-09
1.50811e-09
1.45797e-09
1.41741e-09
1.36765e-09
1.32809e-09
1.28224e-09
1.24338e-09
1.20344e-09
1.16409e-09
1.13192e-09
 1.0898e-09
1.06821e-09
1.01916e-09
9.83134e-10
4.84798e-05
 4.7576e-05
4.47355e-05
4.32893e-05
4.10375e-05
3.97398e-05
3.78597e-05
3.67475e-05
3.51301e-05
3.41891e-05
3.27645e-05
3.19763e-05
3.06936e-05
3.00451e-05
2.88625e-05
2.83481e-05
2.72265e-05
2.68515e-05
 2.5747e-05
2.55335e-05
2.43864e-05
0.000999985
          1
4.90809e-08
4.79114e-08
4.49883e-08
4.34854e-08
4.11982e-08
3.98746e-08
3.79751e-08
3.68479e-08
3.52182e-08
3.42672e-08
3.28344e-08
3.20391e-08
3.07506e-08
3.00966e-08
2.89099e-08
2.83912e-08
2.72665e-08
2.68881e-08
2.57811e-08
2.55649e-08
2.44149e-08
