-4.00449e-10
 1.17405e-09
 7.28339e-10
 9.81472e-10
 7.48699e-10
 8.29202e-10
 6.79088e-10
 7.09126e-10
 6.02861e-10
 6.12946e-10
   5.344e-10
-4.07796e-09
-1.68798e-10
 1.81318e-10
 7.40009e-10
 8.79473e-10
  1.0216e-09
 1.08445e-09
 1.11131e-09
 1.13775e-09
 1.12482e-09
 1.13083e-09
 1.10014e-09
  4.4275e-05
 4.77862e-05
 4.33129e-05
 4.35027e-05
 4.01539e-05
 3.99607e-05
 3.71927e-05
  3.6981e-05
 3.45695e-05
 3.44414e-05
  3.2256e-05
  0.00100007
           1
 4.58468e-08
 4.86885e-08
  4.3947e-08
 4.40121e-08
 4.05443e-08
  4.0304e-08
 3.74665e-08
 3.72338e-08
 3.47747e-08
 3.46379e-08
  3.2416e-08
