5.28639e-10
8.33748e-10
 6.3067e-10
6.89315e-10
5.66883e-10
5.86809e-10
5.00013e-10
5.07854e-10
4.41744e-10
4.44675e-10
3.92607e-10
2.32111e-10
9.06386e-10
8.06226e-10
 8.9351e-10
8.47679e-10
 8.5648e-10
8.26549e-10
8.13987e-10
7.89778e-10
7.71584e-10
 7.4881e-10
7.17172e-10
 4.4275e-05
4.77862e-05
4.33129e-05
4.35027e-05
4.01539e-05
3.99607e-05
3.71927e-05
 3.6981e-05
3.45695e-05
3.44414e-05
 3.2256e-05
0.000999985
          1
4.45933e-08
 4.7942e-08
4.34317e-08
4.35943e-08
4.02283e-08
4.00246e-08
3.72465e-08
3.70293e-08
 3.4611e-08
3.44797e-08
3.22887e-08
