7.68251e-10
7.98243e-10
6.94539e-10
6.70933e-10
5.99919e-10
5.74881e-10
 5.2099e-10
4.99346e-10
4.56313e-10
4.38513e-10
4.02936e-10
3.88665e-10
3.58397e-10
3.47263e-10
3.20804e-10
3.12508e-10
2.88706e-10
2.83099e-10
2.60978e-10
2.58088e-10
 2.3672e-10
8.31297e-10
9.96108e-10
9.45696e-10
9.47353e-10
9.13672e-10
8.93746e-10
8.66432e-10
8.41277e-10
8.17684e-10
7.91781e-10
7.70798e-10
7.45847e-10
7.26745e-10
7.03594e-10
6.85674e-10
6.64991e-10
6.47352e-10
6.30038e-10
6.11256e-10
5.98963e-10
5.76448e-10
5.57956e-10
4.84798e-05
 4.7576e-05
4.47355e-05
4.32893e-05
4.10375e-05
3.97398e-05
3.78597e-05
3.67475e-05
3.51301e-05
3.41891e-05
3.27645e-05
3.19763e-05
3.06936e-05
3.00451e-05
2.88625e-05
2.83481e-05
2.72265e-05
2.68515e-05
 2.5747e-05
2.55335e-05
2.43864e-05
0.000999973
          1
4.85945e-08
 4.7641e-08
4.47891e-08
4.33328e-08
4.10751e-08
3.97726e-08
3.78888e-08
3.67736e-08
3.51537e-08
3.42105e-08
 3.2784e-08
3.19942e-08
3.07101e-08
3.00602e-08
2.88766e-08
 2.8361e-08
2.72387e-08
2.68626e-08
2.57577e-08
2.55431e-08
2.43954e-08
