-1.04338e-10
 4.59492e-11
 1.73547e-11
  4.5729e-11
 3.32964e-11
 4.45867e-11
 3.75149e-11
 4.32231e-11
 3.85877e-11
 4.18137e-11
 3.84976e-11
 4.04201e-11
 3.79038e-11
 3.90656e-11
  3.7076e-11
 3.77607e-11
 3.61394e-11
 3.65092e-11
 3.51582e-11
  3.5311e-11
 3.41669e-11
-6.63278e-10
-1.88771e-10
-1.56318e-10
-7.22594e-11
-5.51747e-11
-2.35407e-11
-1.25521e-11
 2.64461e-12
 1.04549e-11
 1.86264e-11
 2.45224e-11
 2.91421e-11
 3.37771e-11
    3.64e-11
 4.01518e-11
 4.15678e-11
 4.46732e-11
 4.53206e-11
 4.79369e-11
 4.80755e-11
  5.0312e-11
 5.16875e-11
 8.84925e-06
 9.91151e-06
 9.41818e-06
 9.71744e-06
 9.38113e-06
  9.5309e-06
 9.26369e-06
 9.35146e-06
 9.12391e-06
 9.17871e-06
 8.97735e-06
 9.01229e-06
 8.82977e-06
 8.85186e-06
 8.68371e-06
 8.69709e-06
 8.54037e-06
 8.54769e-06
 8.40035e-06
 8.40338e-06
 8.26392e-06
  0.00100006
           1
 9.06495e-09
 1.00325e-08
 9.50722e-09
 9.78899e-09
  9.4383e-09
 9.58129e-09
 9.30567e-09
  9.3901e-09
 9.15693e-09
  9.2099e-09
 9.00443e-09
 9.03833e-09
 8.85264e-09
 8.87412e-09
 8.70343e-09
 8.71648e-09
 8.55765e-09
 8.56482e-09
 8.41568e-09
  8.4187e-09
  8.2777e-09
