-1.18488e-13
 4.96681e-11
  3.8422e-11
 4.77735e-11
 4.24101e-11
 4.59446e-11
 4.25956e-11
 4.42297e-11
 4.17978e-11
 4.26235e-11
 4.06912e-11
 4.10849e-11
 3.95026e-11
 3.96214e-11
 3.82873e-11
 3.82547e-11
 3.70743e-11
 3.69551e-11
 3.58899e-11
 3.57213e-11
 3.47407e-11
 3.45481e-11
 3.36389e-11
 3.34257e-11
 3.25888e-11
 3.23529e-11
 3.15844e-11
 3.13323e-11
 3.06202e-11
 3.03629e-11
 2.96944e-11
 2.94402e-11
  2.8807e-11
 2.85599e-11
 2.79573e-11
 2.77186e-11
  2.7144e-11
 2.69136e-11
 2.63655e-11
 2.61426e-11
   2.562e-11
 2.54039e-11
 2.49055e-11
 2.46961e-11
 2.42199e-11
 2.40178e-11
 2.35617e-11
 2.33673e-11
 2.29298e-11
 2.27426e-11
 2.23231e-11
 2.21422e-11
 2.17407e-11
 2.15646e-11
 2.11812e-11
 2.10091e-11
  2.0643e-11
 2.04748e-11
 2.01248e-11
 1.99611e-11
 1.96253e-11
 1.94669e-11
 1.91438e-11
 1.89912e-11
 1.86793e-11
 1.85333e-11
 1.82309e-11
 1.80925e-11
 1.77974e-11
 1.76685e-11
  1.7378e-11
 1.72602e-11
 1.69724e-11
 1.68665e-11
 1.65807e-11
 1.64859e-11
 1.62028e-11
 1.61174e-11
 1.58384e-11
 1.57605e-11
 1.54867e-11
  1.5415e-11
 1.51466e-11
  1.5081e-11
 1.48173e-11
 1.47579e-11
 1.44985e-11
  1.4445e-11
 1.41903e-11
 1.41414e-11
 1.38923e-11
 1.38469e-11
 1.36039e-11
 1.35616e-11
 1.33236e-11
 1.32865e-11
 1.30501e-11
 1.30217e-11
 1.27825e-11
 1.27671e-11
 1.25212e-11
-1.72173e-10
 4.91944e-12
 8.66671e-12
 4.16412e-11
 4.33268e-11
 5.62986e-11
 5.71115e-11
 6.36187e-11
 6.39761e-11
 6.76217e-11
 6.77343e-11
  6.9868e-11
 6.98274e-11
 7.10946e-11
 7.09353e-11
  7.1673e-11
 7.14359e-11
 7.18195e-11
 7.15272e-11
 7.16692e-11
 7.13389e-11
 7.13069e-11
 7.09543e-11
 7.07942e-11
 7.04269e-11
 7.01751e-11
 6.97954e-11
 6.94787e-11
 6.90892e-11
 6.87255e-11
 6.83298e-11
 6.79312e-11
 6.75329e-11
  6.7108e-11
 6.67097e-11
 6.62655e-11
 6.58691e-11
 6.54108e-11
 6.50177e-11
 6.45497e-11
 6.41609e-11
 6.36866e-11
 6.33026e-11
 6.28251e-11
 6.24463e-11
 6.19676e-11
 6.15947e-11
 6.11163e-11
 6.07497e-11
  6.0273e-11
 5.99129e-11
 5.94391e-11
 5.90855e-11
 5.86157e-11
 5.82682e-11
 5.78039e-11
 5.74619e-11
  5.7004e-11
 5.66673e-11
 5.62164e-11
 5.58849e-11
 5.54414e-11
 5.51152e-11
 5.46789e-11
 5.43584e-11
 5.39291e-11
 5.36147e-11
 5.31923e-11
 5.28838e-11
 5.24686e-11
 5.21657e-11
 5.17582e-11
 5.14602e-11
 5.10609e-11
 5.07673e-11
 5.03766e-11
 5.00867e-11
 4.97053e-11
 4.94184e-11
 4.90468e-11
 4.87621e-11
 4.84011e-11
 4.81175e-11
 4.77682e-11
  4.7484e-11
 4.71484e-11
 4.68608e-11
 4.65421e-11
 4.62473e-11
 4.59496e-11
 4.56426e-11
 4.53713e-11
 4.50459e-11
 4.48075e-11
 4.44564e-11
 4.42586e-11
 4.38734e-11
 4.37253e-11
 4.32953e-11
 4.32086e-11
 4.27203e-11
 4.24385e-11
 9.84065e-06
 9.90159e-06
 9.74884e-06
 9.70752e-06
  9.5798e-06
 9.52097e-06
 9.40592e-06
  9.3415e-06
 9.23486e-06
 9.16873e-06
 9.06847e-06
 9.00227e-06
 8.90723e-06
 8.84178e-06
 8.75121e-06
 8.68696e-06
 8.60031e-06
  8.5375e-06
 8.45436e-06
 8.39312e-06
 8.31318e-06
 8.25357e-06
 8.17657e-06
 8.11862e-06
 8.04432e-06
 7.98802e-06
 7.91625e-06
 7.86159e-06
 7.79217e-06
 7.73912e-06
  7.6719e-06
 7.62042e-06
 7.55528e-06
 7.50533e-06
 7.44213e-06
 7.39368e-06
 7.33232e-06
 7.28532e-06
 7.22569e-06
  7.1801e-06
 7.12211e-06
  7.0779e-06
 7.02146e-06
 6.97858e-06
 6.92361e-06
 6.88202e-06
 6.82844e-06
 6.78811e-06
 6.73584e-06
 6.69674e-06
 6.64572e-06
 6.60782e-06
 6.55797e-06
 6.52124e-06
 6.47251e-06
 6.43691e-06
 6.38923e-06
 6.35475e-06
 6.30806e-06
 6.27468e-06
 6.22892e-06
 6.19661e-06
 6.15173e-06
 6.12048e-06
 6.07641e-06
 6.04622e-06
  6.0029e-06
 5.97376e-06
 5.93114e-06
 5.90303e-06
 5.86104e-06
 5.83399e-06
 5.79257e-06
 5.76656e-06
 5.72565e-06
 5.70071e-06
 5.66023e-06
 5.63638e-06
 5.59625e-06
 5.57353e-06
 5.53366e-06
 5.51211e-06
  5.4724e-06
 5.45209e-06
 5.41243e-06
 5.39343e-06
 5.35368e-06
  5.3361e-06
  5.2961e-06
 5.28008e-06
 5.23963e-06
 5.22535e-06
 5.18422e-06
  5.1719e-06
 5.12978e-06
 5.11975e-06
 5.07623e-06
  5.0689e-06
 5.02348e-06
 5.01942e-06
 4.97139e-06
  0.00100001
           1
 9.92781e-09
 9.94511e-09
 9.78347e-09
 9.73321e-09
 9.60178e-09
 9.53905e-09
 9.42197e-09
 9.35537e-09
 9.24746e-09
 9.17991e-09
  9.0788e-09
 9.01159e-09
 8.91594e-09
 8.84975e-09
 8.75871e-09
 8.69389e-09
 8.60688e-09
 8.54361e-09
 8.46019e-09
 8.39858e-09
 8.31841e-09
 8.25848e-09
 8.18129e-09
 8.12307e-09
 8.04863e-09
 7.99209e-09
 7.92019e-09
 7.86533e-09
  7.7958e-09
 7.74257e-09
 7.67525e-09
 7.62362e-09
 7.55839e-09
  7.5083e-09
 7.44503e-09
 7.39645e-09
 7.33503e-09
 7.28791e-09
 7.22823e-09
 7.18254e-09
  7.1245e-09
 7.08019e-09
 7.02371e-09
 6.98074e-09
 6.92573e-09
 6.88406e-09
 6.83045e-09
 6.79004e-09
 6.73775e-09
 6.69857e-09
 6.64754e-09
 6.60955e-09
  6.5597e-09
 6.52289e-09
 6.47415e-09
 6.43848e-09
  6.3908e-09
 6.35625e-09
 6.30956e-09
 6.27611e-09
 6.23035e-09
 6.19798e-09
  6.1531e-09
 6.12179e-09
 6.07772e-09
 6.04747e-09
 6.00416e-09
 5.97495e-09
 5.93235e-09
 5.90418e-09
 5.86221e-09
 5.83509e-09
 5.79369e-09
 5.76762e-09
 5.72673e-09
 5.70173e-09
 5.66126e-09
 5.63736e-09
 5.59725e-09
 5.57447e-09
 5.53462e-09
 5.51302e-09
 5.47333e-09
 5.45297e-09
 5.41332e-09
 5.39427e-09
 5.35454e-09
 5.33692e-09
 5.29694e-09
 5.28087e-09
 5.24044e-09
 5.22612e-09
 5.18499e-09
 5.17265e-09
 5.13053e-09
 5.12047e-09
 5.07695e-09
 5.06961e-09
 5.02418e-09
 5.02011e-09
 4.97206e-09
