-9.98689e-12
 4.98128e-11
 3.63982e-11
 4.78154e-11
 4.14987e-11
 4.60251e-11
 4.20422e-11
 4.43048e-11
 4.14401e-11
 4.26779e-11
 4.04381e-11
 4.11469e-11
 3.92968e-11
 3.96807e-11
 3.81192e-11
 3.82897e-11
 3.69437e-11
 3.69768e-11
  3.5787e-11
 3.57362e-11
 3.46624e-11
 3.45578e-11
 3.35789e-11
 3.34346e-11
  3.2539e-11
  3.2364e-11
 3.15412e-11
 3.13441e-11
 3.05838e-11
 3.03723e-11
 2.96658e-11
 2.94453e-11
  2.8786e-11
 2.85602e-11
 2.79432e-11
 2.77146e-11
 2.71352e-11
 2.69065e-11
 2.63602e-11
 2.61343e-11
 2.56161e-11
 2.53959e-11
 2.49017e-11
 2.46889e-11
 2.42161e-11
 2.40112e-11
 2.35582e-11
 2.33607e-11
 2.29269e-11
 2.27359e-11
  2.2321e-11
 2.21353e-11
 2.17389e-11
  2.1558e-11
 2.11795e-11
 2.10028e-11
 2.06415e-11
 2.04688e-11
 2.01234e-11
 1.99551e-11
 1.96242e-11
  1.9461e-11
 1.91429e-11
 1.89854e-11
 1.86787e-11
 1.85274e-11
 1.82309e-11
 1.80859e-11
 1.77989e-11
 1.76601e-11
 1.73819e-11
 1.72494e-11
 1.69791e-11
 1.68533e-11
 1.65896e-11
 1.64714e-11
 1.62125e-11
 1.61031e-11
 1.58475e-11
 1.57474e-11
 1.54946e-11
 1.54032e-11
 1.51537e-11
 1.50697e-11
 1.48246e-11
 1.47461e-11
 1.45067e-11
 1.44326e-11
  1.4199e-11
 1.41291e-11
 1.39004e-11
  1.3836e-11
 1.36099e-11
 1.35535e-11
 1.33268e-11
 1.32813e-11
 1.30507e-11
 1.30188e-11
 1.27816e-11
 1.27652e-11
 1.25198e-11
-2.26868e-10
-1.31519e-11
 -9.0216e-12
 3.10379e-11
 3.29158e-11
 4.88606e-11
 4.98589e-11
  5.7916e-11
 5.84673e-11
 6.30359e-11
 6.33176e-11
 6.60561e-11
 6.61755e-11
 6.78406e-11
  6.7844e-11
 6.88435e-11
 6.87589e-11
 6.93258e-11
 6.91747e-11
 6.94464e-11
 6.92472e-11
 6.93096e-11
 6.90758e-11
  6.8987e-11
 6.87271e-11
 6.85286e-11
 6.82481e-11
 6.79696e-11
 6.76729e-11
 6.73355e-11
 6.70267e-11
 6.66457e-11
  6.6328e-11
 6.59149e-11
 6.55908e-11
 6.51546e-11
 6.48258e-11
 6.43734e-11
 6.40417e-11
 6.35784e-11
  6.3245e-11
 6.27746e-11
  6.2441e-11
 6.19666e-11
 6.16339e-11
 6.11577e-11
 6.08268e-11
 6.03509e-11
 6.00223e-11
 5.95483e-11
 5.92224e-11
 5.87519e-11
 5.84288e-11
 5.79631e-11
 5.76427e-11
 5.71831e-11
 5.68653e-11
 5.64125e-11
 5.60974e-11
 5.56522e-11
 5.53395e-11
 5.49028e-11
 5.45924e-11
 5.41646e-11
 5.38563e-11
 5.34378e-11
 5.31316e-11
 5.27227e-11
 5.24183e-11
 5.20195e-11
 5.17166e-11
 5.13284e-11
 5.10264e-11
 5.06493e-11
 5.03477e-11
 4.99825e-11
 4.96802e-11
  4.9328e-11
 4.90238e-11
 4.86858e-11
 4.83783e-11
 4.80558e-11
 4.77436e-11
 4.74381e-11
 4.71194e-11
 4.68325e-11
 4.65055e-11
 4.62389e-11
 4.59018e-11
 4.56572e-11
 4.53078e-11
 4.50876e-11
 4.47231e-11
 4.45303e-11
 4.41468e-11
 4.39859e-11
 4.35777e-11
 4.34555e-11
 4.30142e-11
 4.29407e-11
 4.24537e-11
 4.21788e-11
 9.84064e-06
 9.90159e-06
 9.74884e-06
 9.70752e-06
  9.5798e-06
 9.52097e-06
 9.40592e-06
  9.3415e-06
 9.23486e-06
 9.16873e-06
 9.06847e-06
 9.00227e-06
 8.90723e-06
 8.84178e-06
 8.75121e-06
 8.68696e-06
 8.60031e-06
  8.5375e-06
 8.45436e-06
 8.39312e-06
 8.31318e-06
 8.25357e-06
 8.17657e-06
 8.11861e-06
 8.04432e-06
 7.98802e-06
 7.91625e-06
 7.86159e-06
 7.79217e-06
 7.73912e-06
  7.6719e-06
 7.62042e-06
 7.55528e-06
 7.50533e-06
 7.44213e-06
 7.39368e-06
 7.33232e-06
 7.28532e-06
 7.22569e-06
  7.1801e-06
 7.12211e-06
  7.0779e-06
 7.02146e-06
 6.97858e-06
 6.92361e-06
 6.88202e-06
 6.82844e-06
 6.78811e-06
 6.73584e-06
 6.69674e-06
 6.64572e-06
 6.60782e-06
 6.55797e-06
 6.52124e-06
 6.47251e-06
 6.43691e-06
 6.38923e-06
 6.35475e-06
 6.30806e-06
 6.27468e-06
 6.22892e-06
 6.19661e-06
 6.15173e-06
 6.12048e-06
 6.07641e-06
 6.04622e-06
  6.0029e-06
 5.97376e-06
 5.93114e-06
 5.90303e-06
 5.86104e-06
 5.83399e-06
 5.79257e-06
 5.76656e-06
 5.72565e-06
 5.70071e-06
 5.66023e-06
 5.63638e-06
 5.59625e-06
 5.57353e-06
 5.53366e-06
 5.51211e-06
  5.4724e-06
 5.45209e-06
 5.41243e-06
 5.39343e-06
 5.35368e-06
  5.3361e-06
  5.2961e-06
 5.28008e-06
 5.23963e-06
 5.22535e-06
 5.18422e-06
  5.1719e-06
 5.12978e-06
 5.11975e-06
 5.07623e-06
  5.0689e-06
 5.02348e-06
 5.01942e-06
 4.97139e-06
  0.00100001
           1
 9.94512e-09
 9.95383e-09
 9.79033e-09
 9.73836e-09
  9.6061e-09
 9.54266e-09
 9.42515e-09
 9.35811e-09
 9.24996e-09
 9.18211e-09
 9.08084e-09
 9.01342e-09
 8.91768e-09
 8.85131e-09
 8.76022e-09
 8.69524e-09
  8.6082e-09
  8.5448e-09
 8.46136e-09
 8.39964e-09
 8.31946e-09
 8.25944e-09
 8.18225e-09
 8.12394e-09
  8.0495e-09
 7.99288e-09
 7.92099e-09
 7.86605e-09
 7.79654e-09
 7.74323e-09
 7.67594e-09
 7.62424e-09
 7.55903e-09
 7.50888e-09
 7.44563e-09
 7.39699e-09
 7.33559e-09
 7.28842e-09
 7.22876e-09
 7.18301e-09
 7.12501e-09
 7.08063e-09
 7.02419e-09
 6.98116e-09
 6.92618e-09
 6.88446e-09
 6.83088e-09
 6.79042e-09
 6.73816e-09
 6.69893e-09
 6.64792e-09
 6.60989e-09
 6.56007e-09
 6.52321e-09
  6.4745e-09
 6.43879e-09
 6.39114e-09
 6.35654e-09
 6.30988e-09
 6.27639e-09
 6.23066e-09
 6.19825e-09
 6.15339e-09
 6.12205e-09
 6.07801e-09
 6.04772e-09
 6.00444e-09
  5.9752e-09
 5.93261e-09
 5.90442e-09
 5.86246e-09
 5.83532e-09
 5.79393e-09
 5.76785e-09
 5.72696e-09
 5.70195e-09
 5.66149e-09
 5.63757e-09
 5.59747e-09
 5.57468e-09
 5.53483e-09
 5.51322e-09
 5.47354e-09
 5.45316e-09
 5.41352e-09
 5.39446e-09
 5.35474e-09
 5.33709e-09
 5.29713e-09
 5.28104e-09
 5.24063e-09
 5.22628e-09
 5.18518e-09
 5.17281e-09
  5.1307e-09
 5.12063e-09
 5.07713e-09
 5.06977e-09
 5.02434e-09
 5.02027e-09
 4.97222e-09
