-1.04276e-10
  4.5958e-11
 1.73636e-11
 4.57308e-11
 3.32979e-11
 4.45866e-11
 3.75143e-11
 4.32218e-11
 3.85863e-11
 4.18119e-11
 3.84956e-11
 4.04175e-11
 3.79017e-11
 3.90634e-11
 3.70737e-11
 3.77586e-11
 3.61373e-11
 3.65067e-11
  3.5156e-11
 3.53087e-11
 3.41644e-11
-6.62952e-10
-1.88596e-10
-1.56191e-10
-7.21589e-11
-5.50969e-11
-2.34727e-11
-1.24973e-11
 2.69435e-12
  1.0496e-11
 1.86645e-11
 2.45544e-11
  2.9172e-11
 3.38023e-11
 3.64241e-11
 4.01723e-11
 4.15874e-11
 4.46899e-11
 4.53368e-11
 4.79505e-11
  4.8089e-11
 5.03231e-11
 5.16971e-11
 8.84925e-06
 9.91151e-06
 9.41818e-06
 9.71744e-06
 9.38113e-06
  9.5309e-06
 9.26369e-06
 9.35146e-06
 9.12391e-06
 9.17871e-06
 8.97735e-06
 9.01229e-06
 8.82977e-06
 8.85186e-06
 8.68371e-06
 8.69709e-06
 8.54037e-06
 8.54769e-06
 8.40035e-06
 8.40338e-06
 8.26392e-06
  0.00100006
           1
 9.06487e-09
 1.00325e-08
 9.50719e-09
 9.78897e-09
 9.43827e-09
 9.58127e-09
 9.30565e-09
 9.39008e-09
 9.15691e-09
 9.20988e-09
 9.00442e-09
 9.03832e-09
 8.85263e-09
 8.87411e-09
 8.70342e-09
 8.71647e-09
 8.55764e-09
 8.56482e-09
 8.41567e-09
 8.41869e-09
  8.2777e-09
