 4.94182e-07
 5.70576e-08
 8.45206e-08
 2.30778e-08
 3.25179e-08
 1.22763e-08
 1.66672e-08
 7.54918e-09
 9.95661e-09
 5.08226e-09
 6.54803e-09
-2.56205e-15
 3.87593e-07
 5.63531e-08
  1.7992e-07
 4.13663e-08
 1.06041e-07
 3.04028e-08
 7.06967e-08
 2.32028e-08
 5.08497e-08
 1.83174e-08
 3.85125e-08
  0.00099999
 0.000333323
 0.000333323
  0.00019999
  0.00019999
 0.000142847
 0.000142847
 0.000111101
 0.000111101
 9.08991e-05
 9.08991e-05
  0.00099999
           1
 1.19377e-06
 3.54447e-07
 3.57036e-07
 2.07465e-07
 2.06273e-07
  1.4638e-07
 1.44877e-07
 1.13051e-07
 1.11716e-07
 9.20867e-08
 9.09656e-08
