4.94182e-07
5.70576e-08
8.45206e-08
2.30778e-08
3.25179e-08
1.22763e-08
1.66672e-08
7.54918e-09
9.95661e-09
5.08225e-09
6.54803e-09
3.64075e-09
4.60082e-09
2.72901e-09
3.39273e-09
2.11748e-09
 2.5958e-09
1.68828e-09
2.04457e-09
1.37598e-09
1.64862e-09
4.58568e-15
3.87593e-07
5.63531e-08
 1.7992e-07
4.13663e-08
1.06041e-07
3.04028e-08
7.06967e-08
2.32028e-08
5.08497e-08
1.83174e-08
3.85125e-08
1.48626e-08
3.02821e-08
1.23286e-08
2.44981e-08
1.04123e-08
2.02672e-08
8.92576e-09
1.70725e-08
7.74763e-09
1.45971e-08
 0.00099999
0.000333323
0.000333323
 0.00019999
 0.00019999
0.000142847
0.000142847
0.000111101
0.000111101
9.08991e-05
9.08991e-05
7.69131e-05
7.69131e-05
6.66567e-05
6.66567e-05
5.88135e-05
5.88135e-05
5.26216e-05
5.26216e-05
 4.7609e-05
 4.7609e-05
 0.00099999
          1
1.19377e-06
3.54447e-07
3.57036e-07
2.07465e-07
2.06273e-07
 1.4638e-07
1.44877e-07
1.13051e-07
1.11716e-07
9.20867e-08
9.09656e-08
7.76871e-08
7.67529e-08
6.71869e-08
6.64038e-08
5.91908e-08
5.85281e-08
5.28981e-08
5.23316e-08
4.78167e-08
4.73277e-08
