 2.93302e-11
 4.62819e-11
 4.07522e-11
 4.39921e-11
 4.10117e-11
 4.21534e-11
 4.01251e-11
 4.05315e-11
 3.89688e-11
 3.90155e-11
 3.77418e-11
 3.76175e-11
 3.65236e-11
 3.63111e-11
 3.53366e-11
 3.50771e-11
 3.41937e-11
 3.39019e-11
 3.30965e-11
   3.279e-11
 3.20401e-11
 3.17387e-11
  3.1028e-11
 3.07389e-11
 3.00631e-11
 2.97843e-11
 2.91443e-11
 2.88719e-11
 2.82686e-11
 2.79998e-11
 2.74324e-11
 2.71668e-11
 2.66324e-11
 2.63715e-11
 2.58655e-11
 2.56124e-11
 2.51299e-11
 2.48869e-11
 2.44245e-11
 2.41921e-11
 2.37488e-11
 2.35255e-11
 2.31017e-11
 2.28852e-11
 2.24818e-11
 2.22701e-11
 2.18869e-11
 2.16793e-11
 2.13159e-11
 2.11114e-11
 2.07673e-11
 2.05653e-11
 2.02402e-11
 2.00399e-11
  1.9733e-11
 1.95344e-11
 1.92446e-11
 1.90484e-11
 1.87733e-11
 1.85817e-11
 1.83178e-11
 1.81333e-11
 1.78773e-11
 1.77025e-11
 1.74513e-11
  1.7288e-11
 1.70397e-11
 1.68884e-11
 1.66425e-11
 1.65024e-11
 1.62595e-11
 1.61287e-11
 1.58904e-11
 1.57668e-11
 1.55348e-11
 1.54163e-11
 1.51916e-11
  1.5077e-11
 1.48596e-11
 1.47492e-11
 1.45377e-11
 1.44332e-11
 1.42248e-11
 1.41288e-11
 1.39205e-11
 1.38351e-11
  1.3625e-11
 1.35512e-11
 1.33385e-11
 1.32761e-11
 1.30611e-11
 1.30089e-11
 1.27927e-11
 1.27495e-11
 1.25325e-11
 1.24981e-11
 1.22796e-11
 1.22551e-11
 1.20332e-11
 1.20202e-11
  1.1793e-11
-2.88865e-12
 5.90452e-11
 5.55954e-11
 6.71142e-11
 6.53133e-11
 6.96546e-11
 6.84245e-11
  7.0432e-11
 6.94692e-11
 7.04374e-11
 6.95981e-11
 7.00352e-11
 6.92756e-11
 6.94083e-11
 6.87046e-11
 6.86466e-11
 6.79875e-11
 6.78043e-11
 6.71763e-11
 6.69134e-11
 6.63093e-11
 6.59914e-11
 6.54112e-11
 6.50519e-11
 6.44958e-11
 6.41063e-11
 6.35726e-11
 6.31615e-11
 6.26478e-11
 6.22227e-11
 6.17264e-11
 6.12933e-11
  6.0812e-11
 6.03753e-11
 5.99075e-11
 5.94701e-11
 5.90151e-11
 5.85788e-11
 5.81362e-11
  5.7702e-11
 5.72718e-11
 5.68405e-11
 5.64223e-11
 5.59948e-11
  5.5588e-11
  5.5165e-11
 5.47692e-11
 5.43512e-11
 5.39661e-11
 5.35534e-11
 5.31788e-11
 5.27713e-11
 5.24071e-11
 5.20051e-11
 5.16506e-11
 5.12548e-11
 5.09092e-11
 5.05201e-11
 5.01823e-11
 4.98011e-11
 4.94699e-11
 4.90973e-11
 4.87719e-11
 4.84081e-11
 4.80879e-11
 4.77334e-11
  4.7418e-11
 4.70726e-11
 4.67619e-11
 4.64254e-11
 4.61191e-11
 4.57916e-11
 4.54894e-11
  4.5171e-11
 4.48724e-11
 4.45634e-11
 4.42677e-11
 4.39685e-11
  4.3675e-11
 4.33861e-11
 4.30939e-11
 4.28157e-11
 4.25243e-11
 4.22572e-11
 4.19657e-11
 4.17104e-11
 4.14177e-11
 4.11753e-11
 4.08795e-11
 4.06523e-11
 4.03504e-11
 4.01414e-11
 3.98295e-11
 3.96433e-11
 3.93157e-11
 3.91585e-11
 3.88079e-11
 3.86879e-11
 3.83045e-11
 3.82326e-11
 3.78036e-11
 3.75578e-11
 9.84065e-06
 9.90159e-06
 9.74884e-06
 9.70752e-06
  9.5798e-06
 9.52097e-06
 9.40592e-06
  9.3415e-06
 9.23486e-06
 9.16873e-06
 9.06847e-06
 9.00227e-06
 8.90723e-06
 8.84178e-06
 8.75121e-06
 8.68696e-06
 8.60031e-06
  8.5375e-06
 8.45436e-06
 8.39312e-06
 8.31318e-06
 8.25357e-06
 8.17657e-06
 8.11861e-06
 8.04432e-06
 7.98802e-06
 7.91625e-06
 7.86159e-06
 7.79217e-06
 7.73912e-06
  7.6719e-06
 7.62042e-06
 7.55528e-06
 7.50533e-06
 7.44213e-06
 7.39368e-06
 7.33232e-06
 7.28532e-06
 7.22569e-06
  7.1801e-06
 7.12211e-06
  7.0779e-06
 7.02146e-06
 6.97858e-06
 6.92361e-06
 6.88202e-06
 6.82844e-06
 6.78811e-06
 6.73584e-06
 6.69674e-06
 6.64572e-06
 6.60782e-06
 6.55797e-06
 6.52124e-06
 6.47251e-06
 6.43691e-06
 6.38923e-06
 6.35475e-06
 6.30806e-06
 6.27468e-06
 6.22892e-06
 6.19661e-06
 6.15173e-06
 6.12048e-06
 6.07641e-06
 6.04622e-06
  6.0029e-06
 5.97376e-06
 5.93114e-06
 5.90303e-06
 5.86104e-06
 5.83398e-06
 5.79257e-06
 5.76656e-06
 5.72565e-06
 5.70071e-06
 5.66023e-06
 5.63638e-06
 5.59625e-06
 5.57353e-06
 5.53366e-06
 5.51211e-06
  5.4724e-06
 5.45209e-06
 5.41243e-06
 5.39343e-06
 5.35368e-06
  5.3361e-06
  5.2961e-06
 5.28008e-06
 5.23963e-06
 5.22535e-06
 5.18422e-06
  5.1719e-06
 5.12978e-06
 5.11975e-06
 5.07623e-06
  5.0689e-06
 5.02348e-06
 5.01942e-06
 4.97139e-06
  0.00099999
           1
 9.86948e-09
 9.91604e-09
 9.75984e-09
 9.71598e-09
 9.58671e-09
 9.52689e-09
 9.41093e-09
 9.34603e-09
  9.2388e-09
 9.17237e-09
 9.07168e-09
 9.00531e-09
 8.90993e-09
 8.84438e-09
 8.75353e-09
 8.68921e-09
 8.60234e-09
 8.53948e-09
 8.45616e-09
 8.39489e-09
 8.31478e-09
 8.25517e-09
 8.17801e-09
 8.12006e-09
 8.04563e-09
 7.98934e-09
 7.91745e-09
 7.86279e-09
 7.79327e-09
 7.74022e-09
 7.67291e-09
 7.62144e-09
  7.5562e-09
 7.50628e-09
 7.44299e-09
 7.39456e-09
 7.33312e-09
 7.28614e-09
 7.22643e-09
 7.18087e-09
 7.12281e-09
 7.07862e-09
 7.02211e-09
 6.97925e-09
 6.92422e-09
 6.88265e-09
 6.82901e-09
 6.78871e-09
 6.73638e-09
  6.6973e-09
 6.64623e-09
 6.60834e-09
 6.55846e-09
 6.52173e-09
 6.47297e-09
 6.43738e-09
 6.38967e-09
 6.35519e-09
 6.30848e-09
 6.27509e-09
 6.22931e-09
 6.19701e-09
  6.1521e-09
 6.12086e-09
 6.07676e-09
 6.04658e-09
 6.00323e-09
  5.9741e-09
 5.93145e-09
 5.90336e-09
 5.86134e-09
  5.8343e-09
 5.79285e-09
 5.76686e-09
 5.72592e-09
   5.701e-09
 5.66048e-09
 5.63666e-09
 5.59649e-09
 5.57379e-09
 5.53389e-09
 5.51236e-09
 5.47262e-09
 5.45233e-09
 5.41263e-09
 5.39365e-09
 5.35388e-09
 5.33631e-09
 5.29629e-09
 5.28028e-09
 5.23982e-09
 5.22554e-09
 5.18439e-09
 5.17209e-09
 5.12995e-09
 5.11992e-09
 5.07639e-09
 5.06907e-09
 5.02364e-09
 5.01958e-09
 4.97154e-09
