2.04665e-11
 2.5383e-11
2.28458e-11
2.42818e-11
  2.274e-11
2.34077e-11
2.23052e-11
2.26296e-11
2.17823e-11
2.19107e-11
 2.1236e-11
1.56982e-11
2.47475e-11
2.22805e-11
 2.4267e-11
2.33018e-11
2.39786e-11
2.35743e-11
2.37425e-11
2.36089e-11
2.35249e-11
2.35393e-11
2.33935e-11
9.19175e-06
9.90808e-06
9.53242e-06
9.71401e-06
9.44976e-06
9.52747e-06
9.31283e-06
9.34802e-06
9.16224e-06
9.17526e-06
9.00883e-06
0.000999988
          1
9.19592e-09
9.90967e-09
9.53371e-09
9.71492e-09
 9.4505e-09
9.52809e-09
9.31333e-09
9.34848e-09
9.16261e-09
9.17562e-09
9.00912e-09
