     2.5e-07
 4.28577e-08
 4.84556e-08
 1.81328e-08
 2.02213e-08
 9.95398e-09
 1.09834e-08
 6.26675e-09
  6.8574e-09
 4.29693e-09
 4.66963e-09
 3.12402e-09
 3.37511e-09
 2.37047e-09
 2.54828e-09
 1.85827e-09
 1.98919e-09
 1.49467e-09
 1.59393e-09
 1.22749e-09
  1.3046e-09
 1.02554e-09
 1.08669e-09
 8.69243e-10
 9.18627e-10
 7.45881e-10
 7.86326e-10
  6.4683e-10
 6.80419e-10
 5.66132e-10
 5.94349e-10
 4.99552e-10
 5.23468e-10
 4.43979e-10
 4.64433e-10
 3.97112e-10
 4.14766e-10
 3.57249e-10
 3.72581e-10
 3.23057e-10
 3.36462e-10
 2.93518e-10
  3.0531e-10
 2.67822e-10
  2.7825e-10
  2.4534e-10
 2.54608e-10
 2.25553e-10
 2.33829e-10
 2.08053e-10
 2.15473e-10
   1.925e-10
  1.9918e-10
 1.78618e-10
 1.84653e-10
 1.66175e-10
 1.71646e-10
 1.54981e-10
 1.59957e-10
 1.44874e-10
 1.49413e-10
 1.35719e-10
 1.39871e-10
   1.274e-10
 1.31208e-10
 1.19819e-10
  1.2332e-10
 1.12891e-10
 1.16117e-10
 1.06544e-10
 1.09524e-10
 1.00714e-10
 1.03472e-10
 9.53477e-11
 9.79054e-11
 9.03967e-11
 9.27732e-11
 8.58196e-11
 8.80316e-11
 8.15797e-11
 8.36422e-11
 7.76449e-11
  7.9571e-11
 7.39866e-11
 7.57882e-11
 7.05796e-11
 7.22673e-11
 6.74014e-11
 6.89846e-11
 6.44322e-11
 6.59194e-11
  6.1654e-11
 6.30528e-11
 5.90509e-11
 6.03682e-11
 5.66084e-11
 5.78504e-11
 5.43137e-11
 5.54861e-11
 5.21552e-11
 5.32631e-11
-3.28608e-13
 1.66665e-07
 3.80943e-08
 8.31881e-08
 2.88168e-08
 5.15137e-08
 2.16498e-08
 3.56231e-08
  1.6807e-08
 2.63674e-08
  1.3452e-08
 2.04405e-08
 1.10401e-08
 1.63873e-08
 9.24718e-09
 1.34788e-08
  7.8757e-09
 1.13126e-08
 6.80101e-09
 9.65065e-09
 5.94183e-09
 8.34462e-09
 5.24305e-09
 7.29757e-09
 4.66625e-09
 6.44388e-09
   4.184e-09
 5.73771e-09
 3.77624e-09
 5.14623e-09
 3.42805e-09
 4.64538e-09
 3.12812e-09
 4.21716e-09
  2.8677e-09
 3.84787e-09
 2.63999e-09
 3.52698e-09
 2.43961e-09
 3.24618e-09
 2.26225e-09
 2.99895e-09
 2.10444e-09
 2.78003e-09
 1.96332e-09
 2.58516e-09
 1.83659e-09
 2.41087e-09
  1.7223e-09
 2.25432e-09
 1.61883e-09
 2.11311e-09
 1.52483e-09
 1.98528e-09
 1.43915e-09
 1.86915e-09
 1.36082e-09
  1.7633e-09
   1.289e-09
 1.66653e-09
 1.22296e-09
 1.57782e-09
  1.1621e-09
 1.49627e-09
 1.10587e-09
 1.42111e-09
  1.0538e-09
  1.3517e-09
 1.00549e-09
 1.28743e-09
 9.60564e-10
 1.22781e-09
 9.18716e-10
 1.17239e-09
 8.79661e-10
 1.12078e-09
 8.43152e-10
 1.07262e-09
 8.08967e-10
 1.02762e-09
 7.76907e-10
 9.85491e-10
 7.46797e-10
 9.45995e-10
 7.18479e-10
 9.08913e-10
 6.91809e-10
 8.74048e-10
 6.66659e-10
 8.41222e-10
 6.42913e-10
 8.10278e-10
 6.20467e-10
 7.81071e-10
 5.99225e-10
 7.53471e-10
 5.79101e-10
  7.2736e-10
 5.60016e-10
 7.02631e-10
 5.41898e-10
 6.79187e-10
  0.00099999
 0.000333323
 0.000333323
  0.00019999
  0.00019999
 0.000142847
 0.000142847
 0.000111101
 0.000111101
 9.08991e-05
 9.08991e-05
 7.69131e-05
 7.69131e-05
 6.66567e-05
 6.66567e-05
 5.88135e-05
 5.88135e-05
 5.26216e-05
 5.26216e-05
  4.7609e-05
  4.7609e-05
 4.34683e-05
 4.34683e-05
   3.999e-05
   3.999e-05
  3.7027e-05
  3.7027e-05
 3.44728e-05
 3.44728e-05
 3.22481e-05
 3.22481e-05
  3.0293e-05
  3.0293e-05
 2.85614e-05
 2.85614e-05
  2.7017e-05
  2.7017e-05
  2.5631e-05
  2.5631e-05
 2.43802e-05
 2.43802e-05
 2.32458e-05
 2.32458e-05
 2.22122e-05
 2.22122e-05
 2.12666e-05
 2.12666e-05
 2.03982e-05
 2.03982e-05
 1.95978e-05
 1.95978e-05
 1.88579e-05
 1.88579e-05
 1.81718e-05
 1.81718e-05
 1.75339e-05
 1.75339e-05
 1.69392e-05
 1.69392e-05
 1.63834e-05
 1.63834e-05
  1.5863e-05
  1.5863e-05
 1.53746e-05
 1.53746e-05
 1.49154e-05
 1.49154e-05
 1.44828e-05
 1.44828e-05
 1.40745e-05
 1.40745e-05
 1.36886e-05
 1.36886e-05
 1.33233e-05
 1.33233e-05
  1.2977e-05
  1.2977e-05
 1.26482e-05
 1.26482e-05
 1.23357e-05
 1.23357e-05
 1.20382e-05
 1.20382e-05
 1.17547e-05
 1.17547e-05
 1.14843e-05
 1.14843e-05
  1.1226e-05
  1.1226e-05
  1.0979e-05
  1.0979e-05
 1.07427e-05
 1.07427e-05
 1.05163e-05
 1.05163e-05
 1.02993e-05
 1.02993e-05
  1.0091e-05
  1.0091e-05
 9.89099e-06
 9.89099e-06
  0.00099999
           1
  1.0833e-06
 3.47596e-07
  3.4518e-07
 2.05233e-07
 2.03694e-07
   1.454e-07
 1.44346e-07
 1.12547e-07
 1.11781e-07
 9.17984e-08
 9.12185e-08
 7.75108e-08
 7.70556e-08
 6.70736e-08
 6.67066e-08
 5.91157e-08
 5.88133e-08
 5.28467e-08
 5.25935e-08
 4.77808e-08
 4.75656e-08
 4.36019e-08
 4.34167e-08
 4.00957e-08
 3.99346e-08
 3.71118e-08
 3.69703e-08
 3.45416e-08
 3.44163e-08
 3.23045e-08
 3.21929e-08
 3.03397e-08
 3.02396e-08
 2.86003e-08
   2.851e-08
 2.70496e-08
 2.69678e-08
 2.56585e-08
  2.5584e-08
 2.44036e-08
 2.43354e-08
 2.32657e-08
 2.32031e-08
 2.22292e-08
 2.21715e-08
 2.12812e-08
 2.12278e-08
 2.04107e-08
 2.03613e-08
 1.96087e-08
 1.95627e-08
 1.88673e-08
 1.88244e-08
 1.81799e-08
 1.81399e-08
 1.75409e-08
 1.75034e-08
 1.69452e-08
   1.691e-08
 1.63887e-08
 1.63556e-08
 1.58676e-08
 1.58364e-08
 1.53786e-08
 1.53491e-08
 1.49188e-08
  1.4891e-08
 1.44857e-08
 1.44593e-08
  1.4077e-08
 1.40521e-08
 1.36908e-08
 1.36671e-08
 1.33252e-08
 1.33026e-08
 1.29786e-08
 1.29571e-08
 1.26495e-08
 1.26291e-08
 1.23368e-08
 1.23172e-08
 1.20391e-08
 1.20204e-08
 1.17554e-08
 1.17376e-08
 1.14848e-08
 1.14677e-08
 1.12264e-08
   1.121e-08
 1.09793e-08
 1.09636e-08
 1.07429e-08
 1.07278e-08
 1.05164e-08
 1.05019e-08
 1.02993e-08
 1.02854e-08
 1.00909e-08
 1.00775e-08
 9.89081e-09
 9.87795e-09
