    2.5e-07
4.28571e-08
4.84563e-08
1.81319e-08
2.02207e-08
9.95375e-09
 1.0984e-08
6.26654e-09
6.85713e-09
4.29685e-09
4.66936e-09
1.62991e-15
1.66665e-07
3.80948e-08
8.31894e-08
2.88153e-08
5.15127e-08
2.16489e-08
3.56235e-08
1.68062e-08
2.63672e-08
1.34515e-08
2.04401e-08
 0.00099999
0.000333323
0.000333323
 0.00019999
 0.00019999
0.000142847
0.000142847
0.000111101
0.000111101
9.08991e-05
9.08991e-05
 0.00099999
          1
 1.0833e-06
  3.476e-07
3.45179e-07
2.05235e-07
2.03694e-07
1.45399e-07
1.44347e-07
1.12545e-07
1.11781e-07
9.17974e-08
9.12183e-08
