 4.42483e-08
  1.2632e-08
 1.21034e-08
 6.41881e-09
 6.21325e-09
 3.99796e-09
 3.89493e-09
 2.76509e-09
 2.70589e-09
 2.04062e-09
  2.0035e-09
-3.19862e-16
 1.17976e-08
 5.61334e-09
 8.20959e-09
 5.05058e-09
 6.25279e-09
  4.2924e-09
 5.00731e-09
 3.66066e-09
 4.14419e-09
 3.15825e-09
 3.51192e-09
  0.00099999
 0.000333323
 0.000333323
  0.00019999
  0.00019999
 0.000142847
 0.000142847
 0.000111101
 0.000111101
 9.08991e-05
 9.08991e-05
  0.00099999
           1
 1.00587e-06
  3.3542e-07
 3.34818e-07
 2.00941e-07
 2.00695e-07
 1.43387e-07
 1.43254e-07
 1.11446e-07
 1.11363e-07
 9.11362e-08
   9.108e-08
