 4.92774e-09
 1.61126e-09
  1.5966e-09
  9.4039e-10
 9.32437e-10
 6.54153e-10
 6.48924e-10
  4.9608e-10
 4.92237e-10
 3.96145e-10
 3.93201e-10
 3.27416e-10
 3.25044e-10
 2.77418e-10
 2.75446e-10
 2.39438e-10
 2.37747e-10
 2.09755e-10
 2.08265e-10
 1.85892e-10
 1.84706e-10
 1.66326e-10
 1.65295e-10
 1.50077e-10
 1.49118e-10
 1.36317e-10
 1.35399e-10
 1.24532e-10
 1.23779e-10
 1.14385e-10
 1.13746e-10
 1.05559e-10
 1.04999e-10
 9.78139e-11
 9.73163e-11
 9.09687e-11
 9.05235e-11
 8.48839e-11
 8.44818e-11
  7.9443e-11
 7.90767e-11
 7.45522e-11
 7.42194e-11
 7.01374e-11
 6.98317e-11
 6.61346e-11
  6.5854e-11
 6.24915e-11
 6.22327e-11
 5.91641e-11
  5.8925e-11
 5.61152e-11
 5.58936e-11
  5.3313e-11
 5.31072e-11
 5.07304e-11
 5.05388e-11
 4.83437e-11
 4.81651e-11
 4.61329e-11
  4.5966e-11
 4.40803e-11
 4.39241e-11
 4.21704e-11
 4.20239e-11
 4.03898e-11
 4.02523e-11
 3.87265e-11
 3.85972e-11
 3.71701e-11
 3.70483e-11
 3.57111e-11
 3.55963e-11
 3.43413e-11
 3.42329e-11
 3.30533e-11
 3.29509e-11
 3.18404e-11
 3.17435e-11
 3.06967e-11
 3.06049e-11
 2.96168e-11
 2.95297e-11
 2.85958e-11
 2.85132e-11
 2.76295e-11
  2.7551e-11
 2.67138e-11
 2.66392e-11
 2.58452e-11
 2.57741e-11
 2.50202e-11
 2.49526e-11
 2.42361e-11
 2.41716e-11
   2.349e-11
 2.34284e-11
 2.27793e-11
 2.27206e-11
  2.2102e-11
 2.20458e-11
-1.46725e-13
 1.87352e-10
 1.18952e-10
 1.75726e-10
 1.34419e-10
 1.65731e-10
 1.36236e-10
 1.56807e-10
  1.3377e-10
 1.48556e-10
 1.30143e-10
 1.41186e-10
 1.25937e-10
 1.34787e-10
 1.21403e-10
 1.28789e-10
 1.17097e-10
 1.23309e-10
 1.12998e-10
 1.18326e-10
  1.0903e-10
 1.13625e-10
 1.05242e-10
  1.0929e-10
 1.01687e-10
   1.052e-10
 9.83648e-11
 1.01314e-10
 9.51667e-11
 9.78101e-11
 9.21321e-11
 9.45516e-11
 8.92742e-11
 9.14812e-11
 8.65606e-11
 8.85851e-11
 8.39899e-11
 8.58514e-11
 8.15483e-11
 8.32693e-11
 7.92299e-11
 8.08231e-11
 7.70242e-11
 7.85069e-11
 7.49243e-11
 7.63063e-11
 7.29239e-11
 7.42163e-11
 7.10151e-11
 7.22268e-11
 6.91931e-11
 7.03317e-11
 6.74517e-11
 6.85241e-11
 6.57862e-11
 6.67983e-11
 6.41918e-11
 6.51488e-11
 6.26641e-11
 6.35709e-11
 6.11993e-11
 6.20598e-11
 5.97936e-11
 6.06116e-11
 5.84436e-11
 5.92224e-11
 5.71463e-11
 5.78888e-11
 5.58985e-11
 5.66075e-11
 5.46978e-11
 5.53756e-11
 5.35415e-11
 5.41903e-11
 5.24272e-11
  5.3049e-11
 5.13528e-11
 5.19493e-11
 5.03163e-11
 5.08892e-11
 4.93157e-11
 4.98665e-11
 4.83493e-11
 4.88793e-11
 4.74153e-11
 4.79259e-11
 4.65123e-11
 4.70045e-11
 4.56388e-11
 4.61137e-11
 4.47933e-11
 4.52519e-11
 4.39747e-11
 4.44179e-11
 4.31816e-11
 4.36102e-11
  4.2413e-11
 4.28278e-11
 4.16677e-11
 4.20694e-11
 4.09448e-11
 4.13341e-11
  0.00099999
 0.000333323
 0.000333323
  0.00019999
  0.00019999
 0.000142847
 0.000142847
 0.000111101
 0.000111101
 9.08991e-05
 9.08991e-05
 7.69131e-05
 7.69131e-05
 6.66567e-05
 6.66567e-05
 5.88135e-05
 5.88135e-05
 5.26216e-05
 5.26216e-05
  4.7609e-05
  4.7609e-05
 4.34683e-05
 4.34683e-05
   3.999e-05
   3.999e-05
  3.7027e-05
  3.7027e-05
 3.44728e-05
 3.44728e-05
 3.22481e-05
 3.22481e-05
  3.0293e-05
  3.0293e-05
 2.85614e-05
 2.85614e-05
  2.7017e-05
  2.7017e-05
  2.5631e-05
  2.5631e-05
 2.43802e-05
 2.43802e-05
 2.32458e-05
 2.32458e-05
 2.22122e-05
 2.22122e-05
 2.12666e-05
 2.12666e-05
 2.03982e-05
 2.03982e-05
 1.95978e-05
 1.95978e-05
 1.88579e-05
 1.88579e-05
 1.81718e-05
 1.81718e-05
 1.75339e-05
 1.75339e-05
 1.69392e-05
 1.69392e-05
 1.63834e-05
 1.63834e-05
  1.5863e-05
  1.5863e-05
 1.53746e-05
 1.53746e-05
 1.49154e-05
 1.49154e-05
 1.44828e-05
 1.44828e-05
 1.40745e-05
 1.40745e-05
 1.36886e-05
 1.36886e-05
 1.33233e-05
 1.33233e-05
  1.2977e-05
  1.2977e-05
 1.26482e-05
 1.26482e-05
 1.23357e-05
 1.23357e-05
 1.20382e-05
 1.20382e-05
 1.17547e-05
 1.17547e-05
 1.14843e-05
 1.14843e-05
  1.1226e-05
  1.1226e-05
  1.0979e-05
  1.0979e-05
 1.07427e-05
 1.07427e-05
 1.05163e-05
 1.05163e-05
 1.02993e-05
 1.02993e-05
  1.0091e-05
  1.0091e-05
 9.89099e-06
 9.89099e-06
  0.00099999
           1
 1.00006e-06
 3.33359e-07
 3.33353e-07
 2.00012e-07
 2.00008e-07
 1.42862e-07
 1.42859e-07
 1.11111e-07
 1.11112e-07
 9.09071e-08
 9.09069e-08
 7.69198e-08
 7.69194e-08
 6.66625e-08
 6.66619e-08
 5.88186e-08
 5.88177e-08
 5.26259e-08
 5.26251e-08
 4.76127e-08
  4.7612e-08
 4.34713e-08
 4.34708e-08
 3.99926e-08
 3.99921e-08
 3.70294e-08
  3.7029e-08
 3.44747e-08
 3.44745e-08
 3.22498e-08
 3.22497e-08
 3.02946e-08
 3.02946e-08
 2.85628e-08
 2.85628e-08
 2.70183e-08
 2.70183e-08
 2.56322e-08
 2.56321e-08
 2.43813e-08
 2.43813e-08
 2.32468e-08
 2.32467e-08
 2.22131e-08
 2.22131e-08
 2.12674e-08
 2.12674e-08
 2.03989e-08
 2.03989e-08
 1.95985e-08
 1.95985e-08
 1.88585e-08
 1.88585e-08
 1.81724e-08
 1.81724e-08
 1.75344e-08
 1.75344e-08
 1.69396e-08
 1.69396e-08
 1.63839e-08
 1.63839e-08
 1.58634e-08
 1.58634e-08
  1.5375e-08
  1.5375e-08
 1.49157e-08
 1.49157e-08
 1.44831e-08
 1.44831e-08
 1.40748e-08
 1.40748e-08
 1.36889e-08
 1.36889e-08
 1.33236e-08
 1.33236e-08
 1.29772e-08
 1.29772e-08
 1.26484e-08
 1.26484e-08
 1.23359e-08
 1.23359e-08
 1.20384e-08
 1.20384e-08
 1.17549e-08
 1.17549e-08
 1.14844e-08
 1.14844e-08
 1.12261e-08
 1.12261e-08
 1.09791e-08
 1.09791e-08
 1.07428e-08
 1.07428e-08
 1.05164e-08
 1.05164e-08
 1.02994e-08
 1.02994e-08
 1.00911e-08
 1.00911e-08
 9.89106e-09
 9.89106e-09
