5.29871e-07
6.07858e-08
8.97404e-08
2.43532e-08
 3.4285e-08
1.28673e-08
1.74793e-08
7.87217e-09
1.03975e-08
5.27839e-09
6.81431e-09
3.76893e-09
4.77401e-09
2.81746e-09
3.51173e-09
2.18111e-09
 2.6811e-09
 1.7356e-09
2.10781e-09
 1.4123e-09
1.69431e-09
 2.1168e-08
4.24473e-07
6.60704e-08
1.96097e-07
4.69148e-08
1.15172e-07
3.39974e-08
 7.6575e-08
2.57243e-08
5.49559e-08
2.01856e-08
4.15453e-08
1.63032e-08
 3.2615e-08
1.34738e-08
2.63489e-08
1.13449e-08
2.17718e-08
9.70009e-09
1.83198e-08
8.43476e-09
1.56107e-08
 0.00096668
0.000333102
 0.00032666
0.000199895
0.000197134
0.000142794
 0.00014126
0.000111068
0.000110091
9.08759e-05
   9.02e-05
7.68961e-05
7.64004e-05
6.66437e-05
6.62646e-05
5.88033e-05
 5.8504e-05
5.26133e-05
 5.2371e-05
4.76023e-05
4.73835e-05
0.000999988
          1
1.17834e-06
 3.5548e-07
 3.5231e-07
2.07661e-07
2.03843e-07
1.46399e-07
 1.4338e-07
1.13023e-07
1.10697e-07
9.20466e-08
9.02261e-08
7.76458e-08
7.61912e-08
6.71481e-08
6.59624e-08
5.91554e-08
 5.8172e-08
5.28664e-08
5.20382e-08
  4.779e-08
4.70636e-08
