5.24038e-07
6.05491e-08
8.89028e-08
2.42727e-08
3.40049e-08
1.28301e-08
1.73517e-08
7.85199e-09
1.03287e-08
5.26909e-09
6.74542e-09
2.08972e-08
4.19052e-07
6.56958e-08
1.93758e-07
4.66743e-08
1.13866e-07
3.38344e-08
7.57414e-08
2.56074e-08
5.43755e-08
2.02788e-08
4.09121e-08
 0.00096668
0.000333102
 0.00032666
0.000199895
0.000197134
0.000142794
 0.00014126
0.000111068
0.000110091
9.08771e-05
9.00803e-05
0.000999988
          1
1.17563e-06
3.55369e-07
3.52029e-07
2.07627e-07
2.03785e-07
1.46385e-07
 1.4337e-07
1.13017e-07
  1.107e-07
9.20621e-08
9.01033e-08
