5.24038e-07
 6.0549e-08
8.89028e-08
2.42727e-08
3.40049e-08
1.28301e-08
1.73517e-08
7.85199e-09
1.03288e-08
5.26618e-09
  6.773e-09
3.76097e-09
4.74726e-09
2.81197e-09
3.49342e-09
2.17717e-09
2.66802e-09
1.73268e-09
2.09814e-09
1.41007e-09
1.68698e-09
2.08972e-08
4.19052e-07
6.56957e-08
1.93758e-07
4.66744e-08
1.13866e-07
3.38344e-08
7.57415e-08
2.56073e-08
5.43773e-08
2.00978e-08
4.11201e-08
1.62348e-08
3.22893e-08
1.34191e-08
2.60914e-08
1.13001e-08
2.15631e-08
9.66277e-09
1.81472e-08
8.40264e-09
1.54661e-08
 0.00096668
0.000333102
 0.00032666
0.000199895
0.000197134
0.000142794
 0.00014126
0.000111068
0.000110091
9.08759e-05
   9.02e-05
7.68961e-05
7.64004e-05
6.66437e-05
6.62646e-05
5.88033e-05
 5.8504e-05
5.26133e-05
 5.2371e-05
4.76023e-05
4.73835e-05
0.000999988
          1
1.17563e-06
3.55369e-07
3.52029e-07
2.07627e-07
2.03785e-07
1.46385e-07
 1.4337e-07
1.13017e-07
1.10701e-07
9.20431e-08
9.02337e-08
7.76439e-08
7.61995e-08
 6.7147e-08
6.59705e-08
5.91548e-08
5.81795e-08
 5.2866e-08
 5.2045e-08
4.77898e-08
4.70697e-08
