4.72178e-07
5.83001e-08
8.14331e-08
2.35066e-08
3.15022e-08
1.24751e-08
1.62102e-08
7.65829e-09
9.71235e-09
5.14847e-09
6.40212e-09
3.68419e-09
4.50669e-09
2.75907e-09
3.32879e-09
  2.139e-09
2.55028e-09
1.70433e-09
2.01106e-09
1.38829e-09
1.62324e-09
1.15164e-09
1.33562e-09
9.69973e-10
1.11681e-09
8.27657e-10
 9.4674e-10
7.14135e-10
 8.1207e-10
6.22214e-10
7.03741e-10
5.46765e-10
6.15364e-10
4.84103e-10
5.42378e-10
4.31514e-10
4.81445e-10
3.86965e-10
4.30073e-10
3.48901e-10
3.86382e-10
3.16138e-10
3.48929e-10
2.87736e-10
3.16592e-10
 2.6296e-10
2.88488e-10
2.41223e-10
2.63916e-10
2.22049e-10
2.42313e-10
2.05053e-10
2.23223e-10
1.89919e-10
2.06276e-10
1.76387e-10
1.91164e-10
 1.6424e-10
1.77634e-10
1.53295e-10
1.65474e-10
  1.434e-10
1.54507e-10
1.34425e-10
1.44583e-10
1.26261e-10
1.35574e-10
1.18813e-10
1.27374e-10
   1.12e-10
1.19887e-10
1.05753e-10
1.13035e-10
 1.0001e-10
1.06748e-10
9.47197e-11
1.00966e-10
8.98353e-11
9.56369e-11
8.53165e-11
9.07149e-11
8.11281e-11
8.61597e-11
7.72387e-11
8.19361e-11
7.36206e-11
7.80128e-11
7.02493e-11
7.43622e-11
6.71029e-11
7.09597e-11
 6.4162e-11
6.77836e-11
6.14091e-11
6.48142e-11
5.88286e-11
6.20342e-11
5.64064e-11
5.94279e-11
  5.413e-11
5.69764e-11
 1.8496e-08
3.70973e-07
6.21819e-08
1.72977e-07
4.44106e-08
1.02257e-07
 3.2298e-08
 6.8323e-08
2.45022e-08
4.92251e-08
1.92667e-08
3.73318e-08
1.55871e-08
2.93858e-08
1.29005e-08
2.37948e-08
1.08753e-08
 1.9701e-08
9.30851e-09
1.66071e-08
8.06942e-09
1.42078e-08
7.07122e-09
1.23071e-08
6.25423e-09
1.07739e-08
5.57636e-09
9.51798e-09
5.00713e-09
8.47542e-09
4.52412e-09
7.59984e-09
4.11042e-09
 6.8569e-09
3.75312e-09
6.22073e-09
3.44224e-09
5.67155e-09
3.16991e-09
5.19396e-09
2.92989e-09
4.77587e-09
2.71717e-09
4.40766e-09
2.52768e-09
4.08159e-09
2.35809e-09
3.79137e-09
2.20566e-09
3.53187e-09
 2.0681e-09
3.29885e-09
 1.9435e-09
3.08875e-09
1.83026e-09
2.89865e-09
  1.727e-09
2.72603e-09
1.63257e-09
 2.5688e-09
1.54596e-09
2.42514e-09
1.46632e-09
2.29353e-09
1.39291e-09
2.17263e-09
1.32508e-09
 2.0613e-09
1.26226e-09
1.95853e-09
1.20398e-09
1.86346e-09
1.14979e-09
1.77533e-09
1.09931e-09
1.69348e-09
 1.0522e-09
 1.6173e-09
1.00817e-09
1.54628e-09
9.66943e-10
1.47996e-09
9.28287e-10
1.41793e-09
8.91987e-10
1.35982e-09
8.57851e-10
1.30531e-09
8.25709e-10
1.25409e-09
7.95404e-10
 1.2059e-09
7.66797e-10
1.16051e-09
 7.3976e-10
 1.1177e-09
 7.1418e-10
1.07728e-09
 6.8995e-10
1.03907e-09
6.67292e-10
1.00258e-09
 0.00096668
0.000333102
 0.00032666
0.000199895
0.000197134
0.000142794
 0.00014126
0.000111068
0.000110091
9.08759e-05
   9.02e-05
7.68961e-05
7.64004e-05
6.66437e-05
6.62646e-05
5.88033e-05
 5.8504e-05
5.26133e-05
 5.2371e-05
4.76022e-05
4.74021e-05
4.34625e-05
4.32944e-05
3.99851e-05
3.98419e-05
3.70228e-05
3.68994e-05
3.44691e-05
3.43616e-05
3.22448e-05
3.21504e-05
3.02902e-05
3.02065e-05
2.85589e-05
2.84842e-05
2.70147e-05
2.69478e-05
 2.5629e-05
2.55685e-05
2.43784e-05
2.43236e-05
2.32441e-05
2.31942e-05
2.22107e-05
 2.2165e-05
2.12652e-05
2.12232e-05
2.03969e-05
2.03582e-05
1.95966e-05
1.95609e-05
1.88568e-05
1.88236e-05
1.81708e-05
1.81399e-05
1.75329e-05
1.75041e-05
1.69382e-05
1.69114e-05
1.63826e-05
1.63574e-05
1.58622e-05
1.58386e-05
1.53739e-05
1.53517e-05
1.49147e-05
1.48938e-05
1.44821e-05
1.44624e-05
1.40739e-05
1.40552e-05
 1.3688e-05
1.36704e-05
1.33228e-05
 1.3306e-05
1.29765e-05
1.29606e-05
1.26477e-05
1.26326e-05
1.23352e-05
1.23208e-05
1.20377e-05
 1.2024e-05
1.17543e-05
1.17412e-05
1.14838e-05
1.14714e-05
1.12256e-05
1.12136e-05
1.09786e-05
1.09672e-05
1.07423e-05
1.07314e-05
 1.0516e-05
1.05055e-05
1.02989e-05
1.02889e-05
1.00907e-05
 1.0081e-05
9.89068e-06
9.88122e-06
0.000999988
          1
1.15163e-06
3.54317e-07
3.49527e-07
2.07304e-07
2.03267e-07
1.46251e-07
 1.4328e-07
1.12951e-07
1.10732e-07
9.20086e-08
9.02999e-08
7.76246e-08
7.62735e-08
 6.7136e-08
6.60422e-08
5.91484e-08
5.82458e-08
5.28624e-08
5.21052e-08
4.77862e-08
4.71421e-08
 4.3601e-08
4.30465e-08
4.00908e-08
3.96085e-08
3.71045e-08
3.66812e-08
3.45328e-08
3.41583e-08
3.22949e-08
3.19612e-08
3.03297e-08
3.00306e-08
2.85903e-08
2.83205e-08
2.70397e-08
2.67952e-08
2.56487e-08
2.54262e-08
 2.4394e-08
2.41906e-08
2.32565e-08
2.30697e-08
2.22203e-08
2.20483e-08
2.12726e-08
2.11137e-08
2.04025e-08
2.02552e-08
1.96008e-08
1.94639e-08
1.88597e-08
1.87321e-08
1.81726e-08
1.80535e-08
1.75339e-08
1.74224e-08
1.69385e-08
1.68339e-08
1.63823e-08
1.62839e-08
1.58614e-08
1.57688e-08
1.53727e-08
1.52853e-08
1.49131e-08
1.48306e-08
1.44803e-08
1.44021e-08
1.40718e-08
1.39978e-08
1.36858e-08
1.36155e-08
1.33203e-08
1.32535e-08
1.29739e-08
1.29104e-08
1.26451e-08
1.25845e-08
1.23325e-08
1.22747e-08
1.20349e-08
1.19798e-08
1.17514e-08
1.16987e-08
1.14809e-08
1.14305e-08
1.12226e-08
1.11743e-08
1.09757e-08
1.09294e-08
1.07394e-08
1.06949e-08
 1.0513e-08
1.04703e-08
 1.0296e-08
 1.0255e-08
1.00878e-08
1.00483e-08
9.88777e-09
9.84965e-09
