4.72177e-07
5.83007e-08
8.14327e-08
2.35065e-08
3.15017e-08
1.24761e-08
1.62098e-08
7.65896e-09
9.71225e-09
5.14918e-09
6.40236e-09
3.68463e-09
4.50707e-09
2.75938e-09
3.32887e-09
2.13938e-09
2.55037e-09
 1.7046e-09
2.01111e-09
1.38861e-09
1.62103e-09
1.84956e-08
3.70973e-07
6.21837e-08
1.72978e-07
4.44109e-08
1.02256e-07
3.22982e-08
6.83216e-08
2.45031e-08
4.92238e-08
1.92672e-08
 3.7331e-08
1.55879e-08
2.93856e-08
1.29011e-08
2.37949e-08
 1.0876e-08
1.97012e-08
9.30912e-09
1.66071e-08
8.09859e-09
1.41756e-08
 0.00096668
0.000333102
 0.00032666
0.000199895
0.000197134
0.000142794
 0.00014126
0.000111068
0.000110091
9.08759e-05
   9.02e-05
7.68961e-05
7.64004e-05
6.66437e-05
6.62646e-05
5.88033e-05
 5.8504e-05
5.26133e-05
 5.2371e-05
4.76023e-05
4.73835e-05
0.000999988
          1
1.15163e-06
3.54316e-07
3.49531e-07
2.07304e-07
2.03268e-07
1.46251e-07
1.43281e-07
1.12952e-07
1.10731e-07
9.20088e-08
9.02993e-08
7.76248e-08
7.62728e-08
 6.7136e-08
6.60418e-08
5.91485e-08
5.82455e-08
5.28625e-08
 5.2105e-08
4.77878e-08
4.71237e-08
