2.39628e-05
4.30802e-06
4.69385e-06
1.82168e-06
 1.9707e-06
9.99618e-07
 1.0748e-06
 6.2911e-07
6.72906e-07
4.31333e-07
4.57867e-07
7.97495e-07
1.60247e-05
4.02144e-06
8.04771e-06
2.98767e-06
5.00238e-06
2.23013e-06
3.46856e-06
1.72522e-06
2.57232e-06
1.38305e-06
1.98991e-06
  0.0096668
 0.00333102
  0.0032666
 0.00199895
 0.00197134
 0.00142794
  0.0014126
 0.00111068
 0.00110091
0.000908771
0.000900803
 0.00999982
          1
0.000104648
3.47242e-05
3.38172e-05
2.05059e-05
2.00774e-05
1.45293e-05
1.42753e-05
1.12473e-05
 1.1078e-05
9.17516e-06
9.04081e-06
