4.26687e-06
1.25967e-06
1.18193e-06
 6.4051e-07
6.10252e-07
3.99106e-07
3.83845e-07
 2.7611e-07
2.67263e-07
 2.0381e-07
1.98206e-07
1.57287e-07
 1.5351e-07
1.25406e-07
 1.2274e-07
 1.0252e-07
 1.0057e-07
8.54904e-08
8.40216e-08
7.24508e-08
7.12743e-08
5.68004e-08
1.14889e-06
 5.7349e-07
8.05186e-07
5.10592e-07
 6.1549e-07
4.32496e-07
4.94005e-07
3.68254e-07
4.09495e-07
3.17418e-07
3.47423e-07
2.76966e-07
3.00019e-07
2.44319e-07
2.62731e-07
2.17573e-07
2.32709e-07
1.95353e-07
2.08074e-07
 1.7671e-07
 1.8742e-07
  0.0096668
 0.00333102
  0.0032666
 0.00199895
 0.00197134
 0.00142794
  0.0014126
 0.00111068
 0.00110091
0.000908759
   0.000902
0.000768961
0.000764004
0.000666437
0.000662646
0.000588033
 0.00058504
0.000526133
 0.00052371
0.000476023
0.000473835
 0.00999989
          1
9.72365e-05
3.35167e-05
3.28127e-05
2.00834e-05
 1.9783e-05
1.43328e-05
1.41664e-05
1.11408e-05
1.10352e-05
9.11101e-06
9.03804e-06
7.70657e-06
7.65312e-06
6.67712e-06
6.63629e-06
5.89021e-06
5.85799e-06
5.26916e-06
 5.2431e-06
4.76656e-06
4.74316e-06
