4.76188e-07
1.60938e-07
1.56389e-07
9.39585e-08
9.18511e-08
6.53728e-08
 6.4129e-08
4.95764e-08
 4.8746e-08
 3.9587e-08
3.89322e-08
9.05874e-10
1.83944e-08
 1.2181e-08
1.73701e-08
1.35938e-08
 1.6414e-08
1.37034e-08
1.55479e-08
1.34407e-08
1.47652e-08
1.30529e-08
1.40434e-08
  0.0096668
 0.00333102
  0.0032666
 0.00199895
 0.00197134
 0.00142794
  0.0014126
 0.00111068
 0.00110091
0.000908771
0.000900803
  0.0099999
          1
9.66752e-05
3.33138e-05
3.26689e-05
1.99916e-05
1.97152e-05
1.42809e-05
1.41273e-05
1.11078e-05
1.10101e-05
9.08855e-06
9.00878e-06
