4.76188e-07
1.60938e-07
1.56389e-07
9.39585e-08
9.18511e-08
6.53728e-08
 6.4129e-08
4.95764e-08
 4.8746e-08
3.95864e-08
 3.8989e-08
3.27178e-08
3.22658e-08
2.77181e-08
2.73635e-08
2.39246e-08
2.36389e-08
2.09542e-08
2.07189e-08
1.85697e-08
1.83642e-08
9.05872e-10
1.83944e-08
 1.2181e-08
1.73701e-08
1.35938e-08
 1.6414e-08
1.37034e-08
1.55479e-08
1.34408e-08
1.47652e-08
1.30485e-08
1.40555e-08
1.26131e-08
1.34094e-08
1.21704e-08
1.28185e-08
1.17367e-08
 1.2276e-08
1.13191e-08
1.17758e-08
1.09222e-08
1.13098e-08
  0.0096668
 0.00333102
  0.0032666
 0.00199895
 0.00197134
 0.00142794
  0.0014126
 0.00111068
 0.00110091
0.000908759
   0.000902
0.000768961
0.000764004
0.000666437
0.000662646
0.000588033
 0.00058504
0.000526133
 0.00052371
0.000476023
0.000473835
  0.0099999
          1
9.66752e-05
3.33138e-05
3.26689e-05
1.99916e-05
1.97152e-05
1.42809e-05
1.41273e-05
1.11078e-05
1.10101e-05
9.08843e-06
9.02075e-06
7.69028e-06
7.64065e-06
6.66492e-06
6.62697e-06
5.88079e-06
5.85083e-06
5.26172e-06
5.23747e-06
4.76057e-06
4.73866e-06
