3.12421e-05
6.18197e-06
 5.9333e-06
2.48302e-06
2.43057e-06
1.31295e-06
1.29971e-06
8.03259e-07
8.00678e-07
5.38398e-07
5.39088e-07
3.84225e-07
3.85887e-07
2.87049e-07
2.88897e-07
2.22074e-07
2.23833e-07
1.76601e-07
1.78186e-07
  1.436e-07
1.44995e-07
1.18928e-07
1.20146e-07
1.00024e-07
1.01085e-07
8.52335e-08
8.61587e-08
7.34544e-08
 7.4263e-08
6.39276e-08
6.46366e-08
5.61177e-08
5.67419e-08
4.96388e-08
5.01905e-08
4.42071e-08
4.46967e-08
3.96101e-08
4.00463e-08
3.56865e-08
3.60765e-08
3.23117e-08
3.26618e-08
2.93888e-08
2.97041e-08
2.68411e-08
2.71259e-08
2.46074e-08
2.48656e-08
2.26385e-08
2.28733e-08
2.08945e-08
2.11085e-08
1.93425e-08
1.95382e-08
1.79556e-08
1.81349e-08
1.67113e-08
 1.6876e-08
1.55908e-08
1.57425e-08
1.45784e-08
1.47183e-08
1.36606e-08
  1.379e-08
1.28261e-08
 1.2946e-08
1.20651e-08
1.21764e-08
1.13693e-08
1.14728e-08
1.07316e-08
 1.0828e-08
1.01456e-08
1.02355e-08
9.60594e-09
   9.69e-09
9.10791e-09
9.18657e-09
8.64734e-09
8.72106e-09
8.22058e-09
8.28977e-09
7.82442e-09
7.88944e-09
7.45602e-09
 7.5172e-09
7.11286e-09
 7.1705e-09
6.79269e-09
6.84705e-09
6.49352e-09
6.54485e-09
6.21355e-09
6.26207e-09
5.95119e-09
 5.9971e-09
5.70499e-09
5.74848e-09
5.47371e-09
5.51249e-09
1.21881e-05
2.59066e-05
9.24441e-06
 1.2726e-05
6.01075e-06
7.77292e-06
4.21114e-06
5.31285e-06
3.12768e-06
3.89297e-06
 2.4246e-06
2.99145e-06
1.94114e-06
2.37979e-06
1.59346e-06
1.94393e-06
1.33441e-06
1.62138e-06
 1.1358e-06
 1.3754e-06
9.79904e-07
1.18316e-06
8.55107e-07
1.02982e-06
 7.5352e-07
9.05393e-07
6.69629e-07
8.02921e-07
5.99482e-07
7.17446e-07
5.40182e-07
6.45346e-07
4.89565e-07
5.83927e-07
4.45986e-07
5.31145e-07
4.08175e-07
4.85427e-07
 3.7514e-07
4.45547e-07
3.46095e-07
4.10536e-07
3.20413e-07
3.79621e-07
2.97583e-07
3.52176e-07
2.77191e-07
3.27692e-07
2.58897e-07
3.05752e-07
2.42417e-07
2.86011e-07
2.27515e-07
2.68178e-07
2.13991e-07
2.52012e-07
2.01679e-07
2.37308e-07
1.90435e-07
2.23893e-07
1.80138e-07
2.11617e-07
1.70681e-07
2.00354e-07
1.61974e-07
1.89993e-07
1.53939e-07
1.80439e-07
1.46507e-07
1.71608e-07
1.39618e-07
 1.6343e-07
 1.3322e-07
1.55839e-07
1.27266e-07
1.48781e-07
1.21716e-07
1.42205e-07
1.16532e-07
1.36068e-07
1.11684e-07
1.30332e-07
1.07142e-07
1.24961e-07
 1.0288e-07
1.19925e-07
9.88759e-08
1.15196e-07
9.51085e-08
 1.1075e-07
9.15593e-08
1.06563e-07
8.82115e-08
1.02616e-07
8.50498e-08
9.88902e-08
8.20606e-08
9.53696e-08
7.92312e-08
 9.2038e-08
 7.6665e-08
8.87479e-08
 0.00686964
 0.00313029
 0.00269578
 0.00191239
 0.00172397
 0.00137967
 0.00127421
 0.00107987
 0.00101241
0.000887392
0.000840513
0.000753268
0.000718791
0.000654423
0.000627998
0.000578539
0.000557639
0.000518442
0.000501497
0.000469665
0.000455649
0.000429282
0.000417496
0.000395298
0.000385248
0.000366301
0.000357631
 0.00034127
0.000333713
0.000319441
0.000312796
0.000300237
0.000294348
0.000283212
0.000277957
0.000268014
0.000263296
0.000254364
0.000250104
0.000242037
0.000238172
0.000230849
0.000227327
 0.00022065
0.000217426
0.000211314
0.000208352
0.000202736
0.000200006
0.000194826
0.000192302
0.000187511
0.000185169
0.000180725
0.000178547
0.000174413
0.000172382
0.000168526
0.000166628
0.000163024
0.000161246
 0.00015787
0.000156201
0.000153031
0.000151462
 0.00014848
0.000147002
0.000144192
0.000142796
0.000140144
0.000138825
0.000136317
0.000135069
0.000132694
 0.00013151
0.000129258
0.000128134
0.000125996
0.000124927
0.000122893
0.000121876
 0.00011994
0.000118971
0.000117126
0.000116201
 0.00011444
0.000113557
0.000111875
 0.00011103
0.000109422
0.000108613
0.000107074
  0.0001063
0.000104825
0.000104082
0.000102668
0.000101956
0.000100599
 9.9914e-05
9.86107e-05
9.79408e-05
 0.00998771
          1
8.02443e-05
3.32527e-05
2.85093e-05
1.97485e-05
 1.7681e-05
1.40596e-05
1.28951e-05
1.09252e-05
1.01759e-05
8.93894e-06
8.41538e-06
7.56672e-06
7.17985e-06
6.56144e-06
 6.2637e-06
5.79298e-06
5.55663e-06
 5.1863e-06
4.99406e-06
4.69507e-06
4.53561e-06
4.28914e-06
4.15471e-06
3.94802e-06
3.83313e-06
 3.6573e-06
3.55797e-06
3.40656e-06
3.31983e-06
3.18808e-06
3.11168e-06
2.99598e-06
2.92817e-06
2.82577e-06
2.76517e-06
2.67389e-06
2.61941e-06
2.53753e-06
2.48829e-06
2.41442e-06
2.36969e-06
2.30272e-06
2.26191e-06
2.20091e-06
2.16353e-06
2.10773e-06
2.07336e-06
2.02213e-06
1.99042e-06
1.94322e-06
1.91387e-06
1.87024e-06
  1.843e-06
1.80254e-06
1.77719e-06
1.73958e-06
1.71593e-06
1.68087e-06
1.65875e-06
  1.626e-06
1.60527e-06
 1.5746e-06
1.55513e-06
1.52635e-06
1.50803e-06
1.48097e-06
 1.4637e-06
1.43821e-06
 1.4219e-06
1.39785e-06
1.38243e-06
1.35969e-06
1.34509e-06
1.32357e-06
1.30971e-06
1.28931e-06
1.27615e-06
1.25678e-06
1.24426e-06
1.22585e-06
1.21393e-06
1.19641e-06
1.18505e-06
1.16835e-06
 1.1575e-06
1.14157e-06
1.13121e-06
  1.116e-06
1.10609e-06
1.09154e-06
1.08205e-06
1.06814e-06
1.05904e-06
1.04571e-06
1.03699e-06
1.02421e-06
1.01584e-06
1.00357e-06
 9.9553e-07
9.83753e-07
9.75911e-07
