3.09368e-05
6.14813e-06
5.88698e-06
2.47147e-06
2.41454e-06
1.30761e-06
1.29223e-06
8.00354e-07
7.96574e-07
5.36638e-07
 5.3659e-07
3.83077e-07
3.84252e-07
2.86259e-07
2.87768e-07
2.21507e-07
 2.2302e-07
1.76181e-07
1.77582e-07
1.43279e-07
1.44534e-07
1.18678e-07
1.19786e-07
9.98245e-08
1.00798e-07
8.50726e-08
8.59262e-08
7.33226e-08
7.40722e-08
6.38181e-08
6.44782e-08
5.60258e-08
5.66088e-08
 4.9561e-08
5.00777e-08
4.41406e-08
4.46002e-08
3.95528e-08
3.99631e-08
3.56368e-08
3.60043e-08
3.22683e-08
3.25987e-08
2.93507e-08
2.96487e-08
2.68074e-08
 2.7077e-08
2.45775e-08
2.48221e-08
2.26119e-08
2.28345e-08
2.08706e-08
2.10738e-08
1.93211e-08
 1.9507e-08
1.79363e-08
1.81068e-08
1.66938e-08
1.68506e-08
 1.5575e-08
1.57194e-08
1.45639e-08
1.46973e-08
1.36474e-08
1.37707e-08
 1.2814e-08
1.29283e-08
 1.2054e-08
1.21602e-08
1.13591e-08
1.14579e-08
1.07222e-08
1.08142e-08
1.01369e-08
1.02228e-08
9.59788e-09
9.67823e-09
9.10043e-09
9.17565e-09
8.64039e-09
8.71091e-09
8.21411e-09
8.28032e-09
7.81839e-09
7.88063e-09
7.45039e-09
7.50897e-09
7.10759e-09
7.16279e-09
6.78775e-09
6.83983e-09
6.48889e-09
6.53807e-09
 6.2092e-09
 6.2557e-09
 5.9471e-09
5.99111e-09
5.70114e-09
5.74284e-09
5.47008e-09
5.50719e-09
1.20467e-05
2.56118e-05
9.16706e-06
1.25944e-05
5.96531e-06
7.69788e-06
4.18138e-06
5.26422e-06
3.10669e-06
3.85884e-06
2.40901e-06
2.96616e-06
 1.9291e-06
2.36028e-06
1.58388e-06
1.92842e-06
 1.3266e-06
1.60875e-06
1.12931e-06
1.36492e-06
9.74432e-07
1.17432e-06
8.50427e-07
1.02226e-06
7.49471e-07
8.98856e-07
6.66092e-07
7.97211e-07
5.96366e-07
7.12415e-07
5.37415e-07
6.40881e-07
4.87092e-07
5.79936e-07
4.43762e-07
5.27556e-07
4.06164e-07
4.82183e-07
3.73313e-07
  4.426e-07
3.44429e-07
4.07848e-07
3.18886e-07
3.77157e-07
2.96179e-07
3.49911e-07
2.75896e-07
3.25602e-07
2.57698e-07
3.03818e-07
2.41304e-07
2.84215e-07
2.26479e-07
2.66507e-07
2.13025e-07
2.50453e-07
2.00775e-07
 2.3585e-07
1.89588e-07
2.22526e-07
1.79342e-07
2.10334e-07
1.69932e-07
1.99146e-07
1.61268e-07
1.88855e-07
1.53272e-07
1.79364e-07
1.45877e-07
1.70592e-07
1.39021e-07
1.62467e-07
1.32654e-07
1.54926e-07
1.26728e-07
1.47913e-07
1.21204e-07
 1.4138e-07
1.16045e-07
1.35283e-07
1.11219e-07
1.29583e-07
1.06698e-07
1.24246e-07
1.02456e-07
1.19242e-07
9.84706e-08
1.14543e-07
9.47205e-08
1.10124e-07
9.11875e-08
1.05963e-07
8.78549e-08
1.02041e-07
8.47075e-08
9.83385e-08
8.17317e-08
9.48396e-08
 7.8915e-08
9.15284e-08
 7.6359e-08
8.82593e-08
 0.00686964
 0.00313029
 0.00269578
 0.00191239
 0.00172397
 0.00137967
 0.00127421
 0.00107987
 0.00101241
0.000887392
0.000840513
0.000753268
0.000718791
0.000654423
0.000627998
0.000578539
0.000557639
0.000518442
0.000501497
0.000469665
0.000455649
0.000429282
0.000417496
0.000395298
0.000385248
0.000366301
0.000357631
 0.00034127
0.000333713
0.000319441
0.000312796
0.000300237
0.000294348
0.000283212
0.000277957
0.000268014
0.000263296
0.000254364
0.000250104
0.000242037
0.000238172
0.000230849
0.000227327
 0.00022065
0.000217426
0.000211314
0.000208352
0.000202736
0.000200006
0.000194826
0.000192302
0.000187511
0.000185169
0.000180725
0.000178547
0.000174413
0.000172382
0.000168526
0.000166628
0.000163024
0.000161246
 0.00015787
0.000156201
0.000153031
0.000151462
 0.00014848
0.000147002
0.000144192
0.000142796
0.000140144
0.000138825
0.000136317
0.000135069
0.000132694
 0.00013151
0.000129258
0.000128134
0.000125996
0.000124927
0.000122893
0.000121876
 0.00011994
0.000118971
0.000117126
0.000116201
 0.00011444
0.000113557
0.000111875
 0.00011103
0.000109422
0.000108613
0.000107074
  0.0001063
0.000104825
0.000104082
0.000102668
0.000101956
0.000100599
 9.9914e-05
9.86107e-05
9.79408e-05
 0.00998785
          1
8.01117e-05
3.32405e-05
2.84953e-05
1.97455e-05
1.76783e-05
1.40588e-05
1.28948e-05
1.09251e-05
1.01762e-05
8.93904e-06
8.41594e-06
7.56692e-06
7.18043e-06
6.56166e-06
6.26425e-06
 5.7932e-06
5.55714e-06
5.18652e-06
4.99452e-06
4.69528e-06
4.53603e-06
4.28933e-06
4.15508e-06
3.94819e-06
3.83347e-06
3.65746e-06
3.55828e-06
3.40671e-06
3.32011e-06
3.18822e-06
3.11194e-06
2.99611e-06
2.92841e-06
2.82589e-06
2.76539e-06
  2.674e-06
2.61961e-06
2.53763e-06
2.48847e-06
2.41452e-06
2.36986e-06
2.30281e-06
2.26207e-06
  2.201e-06
2.16368e-06
2.10781e-06
 2.0735e-06
2.02221e-06
1.99055e-06
1.94329e-06
1.91399e-06
1.87031e-06
1.84311e-06
1.80261e-06
 1.7773e-06
1.73965e-06
1.71603e-06
1.68093e-06
1.65885e-06
1.62606e-06
1.60536e-06
1.57465e-06
1.55522e-06
 1.5264e-06
1.50811e-06
1.48102e-06
1.46378e-06
1.43826e-06
1.42198e-06
 1.3979e-06
 1.3825e-06
1.35974e-06
1.34516e-06
1.32361e-06
1.30978e-06
1.28935e-06
1.27621e-06
1.25682e-06
1.24433e-06
1.22589e-06
1.21399e-06
1.19645e-06
 1.1851e-06
1.16839e-06
1.15756e-06
1.14161e-06
1.13127e-06
1.11603e-06
1.10614e-06
1.09158e-06
 1.0821e-06
1.06817e-06
1.05909e-06
1.04574e-06
1.03704e-06
1.02424e-06
1.01588e-06
 1.0036e-06
9.95574e-07
9.83782e-07
9.75954e-07
