3.09368e-05
6.14813e-06
5.88698e-06
2.47148e-06
2.41454e-06
1.30761e-06
1.29222e-06
8.00354e-07
7.96573e-07
5.36639e-07
 5.3659e-07
3.83078e-07
3.84251e-07
 2.8626e-07
2.87767e-07
2.21508e-07
 2.2302e-07
1.76181e-07
1.77575e-07
1.43373e-07
1.43356e-07
1.20467e-05
2.56119e-05
9.16706e-06
1.25944e-05
5.96531e-06
7.69788e-06
4.18138e-06
5.26422e-06
3.10669e-06
3.85883e-06
2.40901e-06
2.96616e-06
 1.9291e-06
2.36028e-06
1.58388e-06
1.92842e-06
 1.3266e-06
1.60875e-06
1.12934e-06
1.36447e-06
9.83445e-07
1.16019e-06
 0.00686964
 0.00313029
 0.00269578
 0.00191239
 0.00172397
 0.00137967
 0.00127421
 0.00107987
 0.00101241
0.000887392
0.000840513
0.000753268
0.000718791
0.000654423
0.000627998
0.000578539
0.000557639
0.000518442
0.000501494
0.000469724
0.000454453
 0.00998785
          1
8.01117e-05
3.32405e-05
2.84953e-05
1.97455e-05
1.76783e-05
1.40588e-05
1.28948e-05
1.09251e-05
1.01762e-05
8.93904e-06
8.41594e-06
7.56692e-06
7.18043e-06
6.56166e-06
6.26425e-06
 5.7932e-06
5.55714e-06
5.18652e-06
4.99446e-06
4.69629e-06
4.52433e-06
