 1.5208e-05
4.04109e-06
3.39797e-06
 1.7368e-06
1.52905e-06
9.62631e-07
8.70983e-07
6.09933e-07
5.61946e-07
4.20125e-07
3.92072e-07
3.06475e-07
2.88756e-07
2.33149e-07
2.21294e-07
1.83144e-07
1.74852e-07
1.47552e-07
1.41542e-07
1.21339e-07
1.16854e-07
1.01488e-07
9.80598e-08
 8.6103e-08
8.34279e-08
7.39432e-08
7.18187e-08
6.41696e-08
6.24565e-08
 5.6199e-08
 5.4799e-08
4.96154e-08
4.84576e-08
 4.4116e-08
4.31485e-08
3.94761e-08
  3.866e-08
3.55264e-08
3.48321e-08
3.21369e-08
3.15416e-08
2.92069e-08
2.86931e-08
2.66574e-08
2.62109e-08
2.44254e-08
2.40352e-08
2.24606e-08
2.21178e-08
2.07221e-08
2.04194e-08
1.91766e-08
 1.8908e-08
1.77967e-08
1.75574e-08
1.65596e-08
1.63455e-08
1.54463e-08
1.52541e-08
 1.4441e-08
1.42678e-08
1.35301e-08
1.33735e-08
1.27022e-08
1.25603e-08
1.19476e-08
1.18186e-08
1.12579e-08
1.11403e-08
 1.0626e-08
1.05184e-08
1.00455e-08
9.94687e-09
9.51098e-09
9.42042e-09
9.01782e-09
8.93446e-09
8.56184e-09
8.48494e-09
8.13941e-09
8.06833e-09
7.74732e-09
7.68149e-09
7.38275e-09
7.32168e-09
7.04319e-09
6.98644e-09
6.72642e-09
6.67358e-09
6.43043e-09
6.38117e-09
6.15347e-09
6.10747e-09
5.89393e-09
5.85093e-09
 5.6504e-09
5.61013e-09
5.42159e-09
5.38383e-09
5.20635e-09
5.16932e-09
4.92964e-06
1.06969e-05
4.79771e-06
5.78554e-06
3.32951e-06
3.75751e-06
2.42988e-06
 2.6834e-06
1.85928e-06
2.03319e-06
1.47528e-06
1.60468e-06
1.20372e-06
1.30501e-06
1.00394e-06
1.08601e-06
8.52227e-07
9.20419e-07
7.34008e-07
7.91763e-07
6.39891e-07
6.89555e-07
5.63601e-07
 6.0684e-07
5.00804e-07
5.38838e-07
4.48424e-07
4.82174e-07
4.04224e-07
4.34401e-07
3.66548e-07
3.93708e-07
3.34143e-07
3.58729e-07
3.06046e-07
3.28417e-07
2.81508e-07
3.01959e-07
 2.5994e-07
2.78713e-07
2.40869e-07
2.58167e-07
2.23915e-07
2.39909e-07
 2.0877e-07
2.23605e-07
1.95178e-07
2.08978e-07
 1.8293e-07
1.95802e-07
 1.7185e-07
1.83885e-07
 1.6179e-07
 1.7307e-07
1.52627e-07
1.63221e-07
1.44255e-07
1.54224e-07
1.36582e-07
1.45982e-07
1.29532e-07
 1.3841e-07
1.23037e-07
1.31437e-07
1.17039e-07
1.24999e-07
1.11488e-07
1.19041e-07
1.06339e-07
1.13517e-07
1.01554e-07
1.08384e-07
9.70983e-08
1.03605e-07
9.29416e-08
9.91481e-08
8.90572e-08
9.49841e-08
8.54214e-08
9.10873e-08
8.20129e-08
8.74349e-08
7.88128e-08
8.40064e-08
7.58041e-08
8.07836e-08
7.29714e-08
7.77499e-08
 7.0301e-08
7.48906e-08
6.77805e-08
7.21922e-08
6.53985e-08
6.96427e-08
6.31451e-08
6.72311e-08
6.10107e-08
6.49474e-08
5.89872e-08
6.27822e-08
5.71007e-08
6.06777e-08
 0.00686964
 0.00313029
 0.00269578
 0.00191239
 0.00172397
 0.00137967
 0.00127421
 0.00107987
 0.00101241
0.000887392
0.000840513
0.000753268
0.000718791
0.000654423
0.000627998
0.000578539
0.000557639
0.000518442
0.000501497
0.000469665
0.000455649
0.000429282
0.000417496
0.000395298
0.000385248
0.000366301
0.000357631
 0.00034127
0.000333713
0.000319441
0.000312796
0.000300237
0.000294348
0.000283212
0.000277957
0.000268014
0.000263296
0.000254364
0.000250104
0.000242037
0.000238172
0.000230849
0.000227327
 0.00022065
0.000217426
0.000211314
0.000208352
0.000202736
0.000200006
0.000194826
0.000192302
0.000187511
0.000185169
0.000180725
0.000178547
0.000174413
0.000172382
0.000168526
0.000166628
0.000163024
0.000161246
 0.00015787
0.000156201
0.000153031
0.000151462
 0.00014848
0.000147002
0.000144192
0.000142796
0.000140144
0.000138825
0.000136317
0.000135069
0.000132694
 0.00013151
0.000129258
0.000128134
0.000125996
0.000124927
0.000122893
0.000121876
 0.00011994
0.000118971
0.000117126
0.000116201
 0.00011444
0.000113557
0.000111875
 0.00011103
0.000109422
0.000108613
0.000107074
  0.0001063
0.000104825
0.000104082
0.000102668
0.000101956
0.000100599
 9.9914e-05
9.86107e-05
9.79408e-05
 0.00999497
          1
7.34229e-05
3.24611e-05
2.77455e-05
1.95364e-05
1.75145e-05
1.39895e-05
1.28645e-05
1.09028e-05
1.01855e-05
8.93518e-06
8.43766e-06
7.57088e-06
7.20539e-06
6.56897e-06
6.28903e-06
5.80183e-06
5.58049e-06
5.19549e-06
5.01607e-06
4.70413e-06
4.55573e-06
4.29785e-06
4.17305e-06
3.95627e-06
3.84985e-06
3.66507e-06
3.57324e-06
3.41385e-06
3.33381e-06
3.19491e-06
3.12451e-06
3.00239e-06
2.93999e-06
2.83177e-06
2.77608e-06
2.67953e-06
2.62951e-06
2.54283e-06
2.49767e-06
2.41941e-06
2.37843e-06
2.30742e-06
2.27006e-06
2.20535e-06
2.17116e-06
2.11194e-06
2.08052e-06
2.02611e-06
1.99715e-06
  1.947e-06
1.92021e-06
1.87383e-06
1.84898e-06
1.80596e-06
1.78285e-06
1.74284e-06
1.72129e-06
1.68399e-06
1.66384e-06
1.62898e-06
 1.6101e-06
1.57745e-06
1.55973e-06
1.52908e-06
1.51241e-06
1.48358e-06
1.46788e-06
1.44072e-06
 1.4259e-06
1.40027e-06
1.38625e-06
1.36202e-06
1.34875e-06
1.32581e-06
1.31322e-06
1.29147e-06
1.27952e-06
1.25886e-06
 1.2475e-06
1.22786e-06
1.21705e-06
1.19836e-06
1.18805e-06
1.17023e-06
1.16039e-06
1.14339e-06
  1.134e-06
1.11776e-06
1.10878e-06
1.09325e-06
1.08465e-06
1.06979e-06
1.06155e-06
1.04732e-06
1.03942e-06
1.02577e-06
1.01819e-06
1.00509e-06
9.97808e-07
 9.8523e-07
9.78114e-07
