3.37045e-07
1.50584e-07
1.28296e-07
8.94885e-08
7.98106e-08
6.28817e-08
5.74679e-08
4.79909e-08
4.45309e-08
3.85248e-08
3.57506e-08
6.38749e-09
1.55189e-08
1.34204e-08
1.55958e-08
1.41443e-08
1.51313e-08
1.40041e-08
1.45469e-08
1.36219e-08
1.39458e-08
1.32061e-08
1.33042e-08
 0.00686964
 0.00313029
 0.00269578
 0.00191239
 0.00172397
 0.00137967
  0.0012742
 0.00107988
 0.00101233
0.000888118
0.000833247
 0.00999989
          1
6.87017e-05
3.13061e-05
2.69602e-05
1.91258e-05
1.72413e-05
 1.3798e-05
1.27432e-05
1.07998e-05
1.01242e-05
8.88197e-06
8.33316e-06
