3.37045e-07
1.50584e-07
1.28296e-07
8.94885e-08
7.98106e-08
6.28817e-08
5.74679e-08
4.79905e-08
4.45347e-08
3.84901e-08
3.60964e-08
3.19161e-08
3.01632e-08
2.71074e-08
2.57706e-08
2.34449e-08
2.23933e-08
2.05679e-08
1.97206e-08
1.82525e-08
1.75562e-08
 1.6352e-08
1.57706e-08
1.47667e-08
1.42746e-08
 1.3426e-08
1.30047e-08
1.22792e-08
1.19147e-08
 1.1288e-08
1.09699e-08
 1.0424e-08
1.01443e-08
9.66487e-09
9.41726e-09
8.99338e-09
8.77287e-09
8.39577e-09
 8.1983e-09
7.86098e-09
7.68327e-09
   7.38e-09
7.21937e-09
6.94548e-09
6.79967e-09
6.55128e-09
6.41844e-09
6.19232e-09
6.07088e-09
5.86431e-09
5.75293e-09
 5.5636e-09
5.46115e-09
5.28711e-09
5.19261e-09
5.03217e-09
4.94478e-09
4.79649e-09
4.71549e-09
 4.5781e-09
4.50285e-09
4.37527e-09
4.30521e-09
4.18649e-09
4.12113e-09
4.01043e-09
3.94934e-09
3.84592e-09
3.78873e-09
3.69194e-09
3.63831e-09
3.54757e-09
3.49719e-09
3.41199e-09
 3.3646e-09
3.28447e-09
3.23983e-09
3.16436e-09
3.12226e-09
3.05109e-09
3.01131e-09
2.94411e-09
2.90649e-09
2.84295e-09
2.80734e-09
2.74718e-09
2.71343e-09
2.65642e-09
2.62439e-09
2.57031e-09
2.53988e-09
2.48851e-09
2.45958e-09
2.41075e-09
2.38322e-09
2.33675e-09
2.31052e-09
2.26626e-09
2.24125e-09
2.19906e-09
2.17482e-09
 6.3871e-09
 1.5519e-08
1.34207e-08
1.55958e-08
1.41445e-08
1.51316e-08
1.40041e-08
1.45471e-08
1.36219e-08
1.39477e-08
1.31632e-08
1.33678e-08
1.26876e-08
1.28181e-08
1.22192e-08
1.23018e-08
1.17683e-08
1.18188e-08
1.13388e-08
1.13671e-08
1.09321e-08
1.09448e-08
 1.0548e-08
1.05496e-08
1.01855e-08
1.01791e-08
9.84361e-09
9.83138e-09
9.52089e-09
9.50454e-09
9.21611e-09
9.19678e-09
8.92795e-09
8.90657e-09
 8.6553e-09
8.63246e-09
8.39698e-09
8.37323e-09
  8.152e-09
8.12768e-09
 7.9194e-09
7.89481e-09
7.69831e-09
7.67367e-09
7.48794e-09
7.46341e-09
7.28754e-09
7.26326e-09
7.09647e-09
7.07252e-09
6.91409e-09
6.89055e-09
6.73985e-09
6.71677e-09
6.57323e-09
6.55065e-09
6.41376e-09
 6.3917e-09
  6.261e-09
6.23948e-09
6.11454e-09
6.09357e-09
5.97402e-09
 5.9536e-09
5.83908e-09
5.81921e-09
5.70942e-09
5.69009e-09
5.58473e-09
5.56594e-09
5.46474e-09
5.44648e-09
 5.3492e-09
5.33147e-09
5.23787e-09
5.22065e-09
5.13054e-09
5.11381e-09
5.02699e-09
5.01074e-09
4.92704e-09
4.91126e-09
 4.8305e-09
4.81518e-09
4.73721e-09
4.72233e-09
4.64702e-09
4.63257e-09
4.55977e-09
4.54573e-09
4.47533e-09
4.46169e-09
4.39356e-09
4.38032e-09
4.31436e-09
4.30149e-09
4.23759e-09
4.22509e-09
4.16316e-09
4.15101e-09
4.09087e-09
4.07861e-09
 0.00686964
 0.00313029
 0.00269578
 0.00191239
 0.00172397
 0.00137967
 0.00127421
 0.00107987
 0.00101241
0.000887392
0.000840513
0.000753268
0.000718791
0.000654423
0.000627998
0.000578539
0.000557639
0.000518442
0.000501497
0.000469665
0.000455649
0.000429282
0.000417496
0.000395298
0.000385248
0.000366301
0.000357631
 0.00034127
0.000333713
0.000319441
0.000312796
0.000300237
0.000294348
0.000283212
0.000277957
0.000268014
0.000263296
0.000254364
0.000250104
0.000242037
0.000238172
0.000230849
0.000227327
 0.00022065
0.000217426
0.000211314
0.000208352
0.000202736
0.000200006
0.000194826
0.000192302
0.000187511
0.000185169
0.000180725
0.000178547
0.000174413
0.000172382
0.000168526
0.000166628
0.000163024
0.000161246
 0.00015787
0.000156201
0.000153031
0.000151462
 0.00014848
0.000147002
0.000144192
0.000142796
0.000140144
0.000138825
0.000136317
0.000135069
0.000132694
 0.00013151
0.000129258
0.000128134
0.000125996
0.000124927
0.000122893
0.000121876
 0.00011994
0.000118971
0.000117126
0.000116201
 0.00011444
0.000113557
0.000111875
 0.00011103
0.000109422
0.000108613
0.000107074
  0.0001063
0.000104825
0.000104082
0.000102668
0.000101956
0.000100599
 9.9914e-05
9.86107e-05
9.79408e-05
 0.00999989
          1
6.87017e-05
3.13061e-05
2.69602e-05
1.91258e-05
1.72413e-05
 1.3798e-05
1.27432e-05
1.07997e-05
 1.0125e-05
 8.8747e-06
8.40583e-06
7.53332e-06
7.18849e-06
6.54475e-06
6.28046e-06
5.78583e-06
5.57679e-06
5.18479e-06
5.01531e-06
4.69697e-06
4.55679e-06
 4.2931e-06
4.17522e-06
3.95322e-06
3.85271e-06
3.66323e-06
3.57651e-06
3.41289e-06
 3.3373e-06
3.19458e-06
3.12812e-06
3.00253e-06
2.94363e-06
2.83226e-06
 2.7797e-06
2.68026e-06
2.63307e-06
2.54375e-06
2.50115e-06
2.42047e-06
2.38182e-06
2.30859e-06
2.27335e-06
2.20659e-06
2.17434e-06
2.11322e-06
 2.0836e-06
2.02743e-06
2.00012e-06
1.94833e-06
1.92308e-06
1.87517e-06
1.85175e-06
 1.8073e-06
1.78552e-06
1.74417e-06
1.72387e-06
1.68531e-06
1.66633e-06
1.63028e-06
 1.6125e-06
1.57873e-06
1.56205e-06
1.53034e-06
1.51465e-06
1.48483e-06
1.47005e-06
1.44195e-06
1.42799e-06
1.40147e-06
1.38828e-06
 1.3632e-06
1.35071e-06
1.32696e-06
1.31512e-06
 1.2926e-06
1.28136e-06
1.25997e-06
1.24929e-06
1.22895e-06
1.21878e-06
1.19942e-06
1.18972e-06
1.17127e-06
1.16202e-06
1.14442e-06
1.13558e-06
1.11876e-06
1.11031e-06
1.09423e-06
1.08615e-06
1.07075e-06
1.06301e-06
1.04826e-06
1.04083e-06
1.02669e-06
1.01956e-06
1.00599e-06
9.99147e-07
9.86113e-07
9.79415e-07
