3.37045e-07
1.50584e-07
1.28296e-07
8.94885e-08
7.98106e-08
6.28817e-08
 5.7468e-08
4.79904e-08
4.45348e-08
3.84901e-08
3.60965e-08
3.19161e-08
3.01631e-08
2.71074e-08
2.57705e-08
2.34448e-08
2.23934e-08
2.05679e-08
1.97205e-08
1.82552e-08
1.75018e-08
6.38749e-09
1.55189e-08
1.34204e-08
1.55958e-08
1.41443e-08
1.51313e-08
1.40041e-08
1.45469e-08
1.36218e-08
1.39477e-08
1.31633e-08
1.33677e-08
1.26877e-08
 1.2818e-08
1.22193e-08
1.23018e-08
1.17683e-08
1.18187e-08
1.13389e-08
 1.1367e-08
1.09372e-08
1.09262e-08
 0.00686964
 0.00313029
 0.00269578
 0.00191239
 0.00172397
 0.00137967
 0.00127421
 0.00107987
 0.00101241
0.000887392
0.000840513
0.000753268
0.000718791
0.000654423
0.000627998
0.000578539
0.000557639
0.000518442
0.000501494
0.000469724
0.000454453
 0.00999989
          1
6.87017e-05
3.13061e-05
2.69602e-05
1.91258e-05
1.72413e-05
 1.3798e-05
1.27432e-05
1.07997e-05
 1.0125e-05
 8.8747e-06
8.40583e-06
7.53332e-06
7.18849e-06
6.54475e-06
6.28046e-06
5.78583e-06
5.57679e-06
5.18479e-06
5.01528e-06
4.69756e-06
4.54483e-06
