5.72437e-07
4.59271e-07
 3.7875e-07
3.18948e-07
2.72674e-07
2.36209e-07
 2.0669e-07
1.82577e-07
1.62448e-07
1.45598e-07
1.31195e-07
1.18936e-07
1.08238e-07
9.90474e-08
9.08402e-08
8.38187e-08
7.72915e-08
7.19587e-08
6.63927e-08
6.28165e-08
5.68927e-08
9.39024e-07
8.63064e-07
7.90243e-07
7.24773e-07
6.66723e-07
6.15261e-07
5.69745e-07
5.29195e-07
4.93105e-07
4.60697e-07
4.31633e-07
4.05336e-07
 3.8156e-07
3.59935e-07
3.40171e-07
3.22237e-07
3.05447e-07
2.90717e-07
2.75655e-07
2.64803e-07
2.48212e-07
 2.3673e-07
0.000999876
0.000900011
0.000819951
0.000754003
0.000698355
0.000650795
0.000609469
0.000573326
 0.00054127
0.000512792
0.000487122
0.000464081
0.000442998
0.000423997
 0.00040628
0.000390454
0.000375129
0.000362133
0.000347995
0.000338643
0.000322524
 0.00999051
          1
1.00403e-05
 9.0313e-06
8.22331e-06
7.55844e-06
6.99792e-06
6.51923e-06
6.10357e-06
5.74024e-06
5.41817e-06
5.13216e-06
4.87448e-06
4.64324e-06
4.43177e-06
4.24117e-06
4.06359e-06
3.90487e-06
3.75141e-06
3.62102e-06
3.47963e-06
 3.3856e-06
 3.2244e-06
