 5.5486e-05
5.92355e-06
9.32335e-06
2.38225e-06
3.54315e-06
1.26212e-06
1.79944e-06
7.73761e-07
1.06723e-06
5.19663e-07
6.97793e-07
3.71547e-07
4.87922e-07
2.78054e-07
3.58333e-07
2.15454e-07
2.73201e-07
1.71583e-07
2.14529e-07
1.39703e-07
1.72519e-07
1.15841e-07
1.41488e-07
9.75351e-08
1.17965e-07
8.31981e-08
9.97382e-08
7.17683e-08
8.53493e-08
6.25149e-08
7.38044e-08
5.49223e-08
6.44094e-08
4.86184e-08
 5.6668e-08
 4.3329e-08
5.02183e-08
3.88492e-08
4.47911e-08
3.50227e-08
4.01838e-08
3.17293e-08
3.62408e-08
2.88749e-08
3.28417e-08
2.63854e-08
2.98918e-08
2.42015e-08
2.73163e-08
2.22755e-08
2.50549e-08
2.05685e-08
2.30591e-08
1.90487e-08
2.12893e-08
1.76899e-08
1.97129e-08
1.64702e-08
1.83029e-08
1.53714e-08
 1.7037e-08
1.43782e-08
1.58964e-08
1.34774e-08
1.48652e-08
 1.2658e-08
1.39299e-08
1.19106e-08
1.30791e-08
 1.1227e-08
1.23031e-08
1.06001e-08
1.15933e-08
 1.0024e-08
1.09426e-08
9.49322e-09
1.03445e-08
9.00323e-09
9.79365e-09
8.54997e-09
9.28518e-09
8.12986e-09
 8.8149e-09
7.73976e-09
 8.3791e-09
 7.3769e-09
7.97452e-09
7.03881e-09
7.59826e-09
6.72329e-09
7.24776e-09
6.42839e-09
6.92074e-09
6.15236e-09
6.61516e-09
5.89363e-09
 6.3292e-09
5.65078e-09
6.06122e-09
5.42255e-09
5.80977e-09
7.10663e-12
4.43799e-05
5.92281e-06
2.04166e-05
4.33227e-06
1.19573e-05
3.17572e-06
7.93366e-06
2.41868e-06
5.68467e-06
1.90626e-06
4.29194e-06
1.54458e-06
 3.3658e-06
1.27972e-06
2.71671e-06
1.07971e-06
2.24305e-06
9.24731e-07
1.88615e-06
8.02036e-07
1.61012e-06
7.03106e-07
1.39198e-06
 6.2208e-07
 1.2164e-06
 5.5481e-07
1.07286e-06
4.98297e-07
9.53919e-07
4.50323e-07
8.54195e-07
4.09218e-07
7.69709e-07
3.73707e-07
6.97469e-07
3.42801e-07
 6.3519e-07
3.15721e-07
5.81098e-07
2.91849e-07
5.33801e-07
2.70688e-07
4.92193e-07
2.51835e-07
4.55385e-07
2.34959e-07
4.22657e-07
2.19788e-07
3.93421e-07
2.06096e-07
 3.6719e-07
1.93692e-07
3.43562e-07
1.82418e-07
3.22198e-07
1.72136e-07
3.02815e-07
1.62733e-07
2.85173e-07
1.54108e-07
2.69065e-07
1.46176e-07
2.54318e-07
1.38864e-07
 2.4078e-07
1.32107e-07
2.28321e-07
 1.2585e-07
2.16828e-07
1.20044e-07
2.06202e-07
1.14645e-07
1.96357e-07
1.09615e-07
1.87218e-07
1.04921e-07
1.78717e-07
1.00534e-07
1.70796e-07
9.64258e-08
1.63403e-07
9.25735e-08
1.56492e-07
8.89559e-08
 1.5002e-07
8.55539e-08
1.43951e-07
8.23504e-08
1.38251e-07
7.93299e-08
1.32892e-07
7.64785e-08
1.27846e-07
7.37836e-08
1.23088e-07
7.12337e-08
1.18597e-07
6.88184e-08
1.14354e-07
6.65282e-08
 1.1034e-07
  0.0099999
 0.00333323
 0.00333323
  0.0019999
  0.0019999
 0.00142847
 0.00142847
 0.00111101
 0.00111101
0.000908991
0.000908991
0.000769131
0.000769131
0.000666567
0.000666567
0.000588135
0.000588135
0.000526216
0.000526216
 0.00047609
 0.00047609
0.000434683
0.000434683
  0.0003999
  0.0003999
 0.00037027
 0.00037027
0.000344728
0.000344728
0.000322481
0.000322481
 0.00030293
 0.00030293
0.000285614
0.000285614
 0.00027017
 0.00027017
 0.00025631
 0.00025631
0.000243802
0.000243802
0.000232458
0.000232458
0.000222122
0.000222122
0.000212666
0.000212666
0.000203982
0.000203982
0.000195978
0.000195978
0.000188579
0.000188579
0.000181718
0.000181718
0.000175339
0.000175339
0.000169392
0.000169392
0.000163834
0.000163834
 0.00015863
 0.00015863
0.000153746
0.000153746
0.000149154
0.000149154
0.000144828
0.000144828
0.000140745
0.000140745
0.000136886
0.000136886
0.000133233
0.000133233
 0.00012977
 0.00012977
0.000126482
0.000126482
0.000123357
0.000123357
0.000120382
0.000120382
0.000117547
0.000117547
0.000114843
0.000114843
 0.00011226
 0.00011226
 0.00010979
 0.00010979
0.000107427
0.000107427
0.000105163
0.000105163
0.000102993
0.000102993
 0.00010091
 0.00010091
9.89099e-05
9.89099e-05
  0.0099999
          1
0.000122187
3.55526e-05
3.59949e-05
2.07812e-05
2.06872e-05
 1.4653e-05
1.44979e-05
1.13128e-05
1.11678e-05
9.21304e-06
9.08875e-06
7.77136e-06
7.66663e-06
6.72038e-06
6.63198e-06
5.92019e-06
5.84504e-06
5.29057e-06
5.22611e-06
4.78219e-06
4.72642e-06
4.36309e-06
4.31442e-06
4.01163e-06
3.96882e-06
3.71265e-06
3.67472e-06
 3.4552e-06
3.42138e-06
3.23117e-06
3.20084e-06
3.03446e-06
3.00711e-06
2.86035e-06
2.83557e-06
2.70516e-06
 2.6826e-06
2.56595e-06
2.54533e-06
2.44038e-06
2.42146e-06
2.32653e-06
2.30911e-06
2.22284e-06
2.20675e-06
2.12801e-06
 2.1131e-06
2.04093e-06
2.02709e-06
1.96071e-06
1.94781e-06
1.88656e-06
1.87452e-06
1.81781e-06
1.80654e-06
 1.7539e-06
1.74333e-06
1.69433e-06
 1.6844e-06
1.63868e-06
1.62933e-06
1.58656e-06
1.57775e-06
1.53766e-06
1.52934e-06
1.49168e-06
1.48381e-06
1.44838e-06
1.44092e-06
1.40751e-06
1.40043e-06
1.36889e-06
1.36217e-06
1.33233e-06
1.32593e-06
1.29767e-06
1.29158e-06
1.26477e-06
1.25896e-06
 1.2335e-06
1.22795e-06
1.20374e-06
1.19844e-06
1.17537e-06
 1.1703e-06
1.14832e-06
1.14346e-06
1.12248e-06
1.11782e-06
1.09777e-06
1.09331e-06
1.07413e-06
1.06985e-06
1.05149e-06
1.04737e-06
1.02978e-06
1.02582e-06
1.00895e-06
1.00514e-06
9.88942e-07
9.85274e-07
