5.71773e-07
4.58773e-07
3.78368e-07
3.18643e-07
2.72428e-07
2.36005e-07
2.06521e-07
1.82433e-07
1.62325e-07
1.45491e-07
1.31103e-07
1.18855e-07
1.08167e-07
 9.8984e-08
9.07841e-08
8.37681e-08
7.72463e-08
7.19176e-08
6.63559e-08
6.27824e-08
5.68628e-08
9.37193e-07
8.61443e-07
7.88815e-07
7.23506e-07
6.65592e-07
6.14246e-07
5.68827e-07
5.28362e-07
4.92344e-07
4.60002e-07
4.30991e-07
4.04746e-07
3.81012e-07
3.59428e-07
3.39697e-07
3.21796e-07
3.05033e-07
2.90328e-07
2.75291e-07
2.64457e-07
2.47894e-07
2.36429e-07
0.000999876
0.000900011
0.000819951
0.000754003
0.000698355
0.000650795
0.000609469
0.000573326
 0.00054127
0.000512792
0.000487122
0.000464081
0.000442998
0.000423997
 0.00040628
0.000390454
0.000375129
0.000362133
0.000347995
0.000338643
0.000322524
 0.00999053
          1
1.00403e-05
9.03127e-06
8.22329e-06
7.55843e-06
6.99791e-06
6.51923e-06
6.10357e-06
5.74024e-06
5.41818e-06
5.13217e-06
4.87449e-06
4.64325e-06
4.43178e-06
4.24118e-06
 4.0636e-06
3.90488e-06
3.75141e-06
3.62103e-06
3.47964e-06
3.38561e-06
3.22441e-06
