4.11945e-07
4.59716e-07
3.44324e-07
3.20949e-07
2.56606e-07
2.38778e-07
1.96567e-07
1.85641e-07
1.54623e-07
1.49415e-07
1.23871e-07
4.82375e-07
6.78691e-07
6.56885e-07
6.28563e-07
5.95618e-07
5.54923e-07
5.23263e-07
4.88503e-07
4.58121e-07
 4.3375e-07
4.00495e-07
3.71087e-07
0.000963273
0.000903672
0.000807018
0.000757883
0.000689482
0.000655232
0.000601577
 0.00057885
0.000532782
0.000520432
0.000476151
 0.00999508
          1
9.75922e-06
9.11788e-06
8.12858e-06
7.62402e-06
6.93047e-06
6.58097e-06
6.03972e-06
5.80789e-06
5.34482e-06
  5.218e-06
4.77297e-06
