5.65702e-07
4.53853e-07
3.74697e-07
3.15623e-07
2.70043e-07
2.33979e-07
2.04872e-07
1.80993e-07
1.61134e-07
1.44422e-07
1.30216e-07
 1.1803e-07
1.07495e-07
9.83208e-08
 9.0281e-08
8.31948e-08
7.69149e-08
7.13236e-08
6.63224e-08
6.18311e-08
5.77818e-08
5.41188e-08
5.07934e-08
4.77661e-08
4.50014e-08
4.24703e-08
4.01468e-08
3.80088e-08
3.60372e-08
3.42148e-08
3.25273e-08
3.09613e-08
2.95058e-08
2.81503e-08
 2.6886e-08
2.57048e-08
2.45997e-08
2.35641e-08
2.25926e-08
2.16797e-08
 2.0821e-08
2.00121e-08
1.92494e-08
1.85294e-08
1.78489e-08
1.72051e-08
1.65955e-08
1.60176e-08
1.54693e-08
1.49486e-08
1.44537e-08
1.39829e-08
1.35347e-08
1.31076e-08
1.27003e-08
1.23117e-08
1.19406e-08
 1.1586e-08
1.12469e-08
1.09224e-08
1.06118e-08
1.03141e-08
1.00288e-08
9.75513e-09
9.49246e-09
9.24023e-09
8.99789e-09
8.76493e-09
8.54088e-09
8.32527e-09
8.11771e-09
7.91779e-09
7.72515e-09
7.53942e-09
 7.3603e-09
7.18746e-09
7.02063e-09
6.85952e-09
6.70387e-09
6.55344e-09
6.40801e-09
6.26735e-09
6.13126e-09
5.99954e-09
5.87201e-09
5.74848e-09
 5.6288e-09
5.51281e-09
5.40036e-09
5.29131e-09
5.18551e-09
5.08285e-09
4.98319e-09
4.88643e-09
4.79245e-09
4.70115e-09
4.61243e-09
4.52619e-09
4.44228e-09
 4.3614e-09
4.27482e-09
9.20464e-07
 8.4605e-07
7.75125e-07
7.11329e-07
6.54642e-07
6.04433e-07
5.59902e-07
5.20293e-07
4.84933e-07
4.53246e-07
4.24739e-07
   3.99e-07
3.75672e-07
3.54462e-07
 3.3511e-07
3.17405e-07
3.01155e-07
2.86205e-07
2.72412e-07
2.59659e-07
2.47838e-07
 2.3686e-07
2.26642e-07
2.17115e-07
2.08214e-07
1.99885e-07
1.92079e-07
1.84749e-07
1.77859e-07
1.71371e-07
1.65255e-07
 1.5948e-07
1.54022e-07
1.48857e-07
1.43964e-07
1.39323e-07
1.34917e-07
 1.3073e-07
1.26746e-07
1.22953e-07
1.19338e-07
1.15889e-07
1.12597e-07
1.09452e-07
1.06445e-07
1.03567e-07
1.00811e-07
9.81709e-08
9.56388e-08
9.32092e-08
9.08765e-08
8.86354e-08
8.64809e-08
8.44087e-08
8.24143e-08
 8.0494e-08
7.86437e-08
7.68602e-08
7.51402e-08
7.34806e-08
7.18784e-08
7.03311e-08
6.88359e-08
6.73907e-08
 6.5993e-08
6.46409e-08
6.33321e-08
6.20649e-08
6.08375e-08
5.96482e-08
5.84953e-08
5.73773e-08
5.62929e-08
5.52406e-08
5.42191e-08
5.32273e-08
5.22638e-08
5.13278e-08
 5.0418e-08
4.95335e-08
4.86733e-08
4.78366e-08
4.70223e-08
4.62298e-08
4.54583e-08
4.47069e-08
 4.3975e-08
4.32618e-08
4.25668e-08
4.18893e-08
4.12287e-08
4.05844e-08
3.99559e-08
3.93426e-08
3.87441e-08
3.81598e-08
3.75893e-08
3.70323e-08
3.64877e-08
3.59606e-08
3.53937e-08
 3.4887e-08
      0.001
0.000899999
0.000819995
 0.00075399
0.000698385
 0.00065078
0.000609495
0.000573307
0.000541298
0.000512766
0.000487159
 0.00046404
0.000443056
0.000423921
0.000406395
0.000390281
0.000375413
 0.00036165
0.000348872
0.000336975
0.000325871
0.000315482
 0.00030574
0.000296587
 0.00028797
0.000279844
0.000272166
0.000264901
0.000258016
0.000251482
0.000245272
0.000239364
0.000233734
0.000228365
0.000223237
0.000218336
0.000213646
0.000209155
0.000204848
0.000200717
0.000196749
0.000192935
0.000189267
0.000185736
0.000182335
0.000179057
0.000175894
0.000172842
0.000169894
0.000167045
 0.00016429
0.000161625
0.000159045
0.000156546
0.000154125
0.000151777
  0.0001495
0.000147291
0.000145146
0.000143062
0.000141038
 0.00013907
0.000137157
0.000135295
0.000133483
 0.00013172
0.000130002
0.000128328
0.000126698
0.000125108
0.000123557
0.000122045
0.000120569
0.000119128
0.000117722
0.000116348
0.000115006
0.000113695
0.000112413
0.000111159
0.000109934
0.000108735
0.000107562
0.000106414
 0.00010529
 0.00010419
0.000103113
0.000102057
0.000101023
 0.00010001
9.90171e-05
9.80435e-05
9.70888e-05
9.61526e-05
9.52342e-05
9.43332e-05
9.34491e-05
9.25815e-05
9.17291e-05
9.09001e-05
9.00032e-05
  0.0099907
          1
1.00408e-05
9.03069e-06
8.22343e-06
7.55811e-06
6.99809e-06
6.51901e-06
 6.1038e-06
5.74005e-06
5.41847e-06
5.13194e-06
4.87489e-06
 4.6429e-06
 4.4324e-06
4.24049e-06
4.06478e-06
3.90325e-06
3.75425e-06
3.61635e-06
3.48834e-06
3.36917e-06
3.25797e-06
3.15393e-06
 3.0564e-06
2.96477e-06
2.87852e-06
2.79718e-06
2.72034e-06
2.64764e-06
2.57875e-06
2.51337e-06
2.45125e-06
2.39214e-06
2.33582e-06
2.28211e-06
2.23083e-06
2.18181e-06
2.13491e-06
2.08999e-06
2.04693e-06
2.00561e-06
1.96594e-06
 1.9278e-06
1.89113e-06
1.85583e-06
1.82182e-06
1.78905e-06
1.75743e-06
1.72692e-06
1.69745e-06
1.66897e-06
1.64143e-06
1.61479e-06
  1.589e-06
1.56403e-06
1.53983e-06
1.51636e-06
1.49361e-06
1.47152e-06
1.45009e-06
1.42926e-06
1.40903e-06
1.38937e-06
1.37024e-06
1.35164e-06
1.33354e-06
1.31591e-06
1.29875e-06
1.28202e-06
1.26573e-06
1.24984e-06
1.23434e-06
1.21923e-06
1.20448e-06
1.19009e-06
1.17603e-06
1.16231e-06
 1.1489e-06
 1.1358e-06
1.12299e-06
1.11047e-06
1.09822e-06
1.08624e-06
1.07452e-06
1.06305e-06
1.05183e-06
1.04083e-06
1.03007e-06
1.01952e-06
1.00919e-06
 9.9907e-07
9.89147e-07
 9.7942e-07
9.69882e-07
9.60528e-07
9.51353e-07
9.42352e-07
9.33519e-07
9.24851e-07
9.16335e-07
9.08053e-07
8.99092e-07
