4.00738e-07
4.16688e-07
3.17278e-07
2.93101e-07
2.36645e-07
2.19624e-07
1.82077e-07
  1.718e-07
1.43889e-07
1.38998e-07
 1.1577e-07
4.82016e-07
6.08664e-07
5.79623e-07
5.51525e-07
5.20766e-07
4.85208e-07
4.57543e-07
4.27392e-07
 4.0152e-07
3.80172e-07
3.52065e-07
 3.2659e-07
0.000963273
0.000903672
0.000807018
0.000757883
0.000689482
0.000655232
0.000601577
 0.00057885
0.000532782
0.000520432
0.000476151
 0.00999508
          1
9.72814e-06
9.09787e-06
8.11468e-06
7.61343e-06
6.92227e-06
6.57443e-06
6.03434e-06
 5.8035e-06
5.34106e-06
5.21486e-06
4.77042e-06
