5.07025e-07
4.10475e-07
3.40949e-07
2.88813e-07
2.48172e-07
2.15934e-07
1.89696e-07
1.68153e-07
1.50092e-07
1.34912e-07
1.21891e-07
 1.1077e-07
1.01035e-07
9.26495e-08
8.51394e-08
7.87015e-08
7.26984e-08
6.77896e-08
6.26458e-08
5.93448e-08
 5.3851e-08
7.63834e-07
7.08506e-07
6.53685e-07
6.03394e-07
5.58144e-07
5.17569e-07
4.81349e-07
4.48824e-07
4.19684e-07
3.93357e-07
3.69628e-07
3.48048e-07
3.28463e-07
3.10566e-07
 2.9417e-07
2.79217e-07
2.65209e-07
2.52837e-07
2.40223e-07
2.31025e-07
2.17093e-07
2.07311e-07
0.000999876
0.000900011
0.000819951
0.000754003
0.000698355
0.000650795
0.000609469
0.000573326
 0.00054127
0.000512792
0.000487122
0.000464081
0.000442998
0.000423997
 0.00040628
0.000390454
0.000375129
0.000362133
0.000347995
0.000338643
0.000322524
 0.00999226
          1
1.00355e-05
9.02823e-06
8.22139e-06
7.55729e-06
6.99731e-06
6.51899e-06
 6.1036e-06
5.74047e-06
5.41855e-06
5.13264e-06
4.87504e-06
4.64386e-06
4.43241e-06
4.24185e-06
4.06427e-06
3.90558e-06
 3.7521e-06
3.62174e-06
3.48031e-06
3.38633e-06
3.22508e-06
