2.56604e-07
 2.1671e-07
1.86356e-07
1.62529e-07
1.43278e-07
1.27496e-07
1.14297e-07
1.03175e-07
9.36443e-08
8.54612e-08
7.83118e-08
7.20948e-08
6.65665e-08
6.17306e-08
5.73379e-08
5.35246e-08
4.99188e-08
4.69448e-08
4.37781e-08
4.17415e-08
3.82921e-08
2.25361e-07
2.20207e-07
2.12247e-07
 2.0335e-07
1.94264e-07
1.85348e-07
1.76804e-07
1.68678e-07
1.61038e-07
1.53839e-07
1.47116e-07
1.40789e-07
1.34895e-07
1.29339e-07
1.24162e-07
1.19281e-07
1.14694e-07
 1.1045e-07
1.06225e-07
 1.0286e-07
9.81376e-08
9.44403e-08
0.000999876
0.000900011
0.000819951
0.000754003
0.000698355
0.000650795
0.000609469
0.000573326
 0.00054127
0.000512792
0.000487122
0.000464081
0.000442998
0.000423997
 0.00040628
0.000390454
0.000375129
0.000362133
0.000347995
0.000338643
0.000322524
 0.00999765
          1
1.00145e-05
9.01323e-06
8.21051e-06
7.54935e-06
6.99151e-06
 6.5148e-06
6.10062e-06
5.73843e-06
5.41723e-06
 5.1319e-06
4.87473e-06
4.64392e-06
4.43275e-06
4.24243e-06
4.06501e-06
 3.9065e-06
3.75307e-06
 3.6229e-06
3.48141e-06
3.38768e-06
3.22637e-06
