2.56666e-07
  2.167e-07
1.86375e-07
1.62521e-07
 1.4329e-07
1.27488e-07
1.14306e-07
1.03168e-07
9.36539e-08
8.54521e-08
7.83232e-08
7.20826e-08
6.65829e-08
6.17099e-08
5.73676e-08
5.34815e-08
4.99868e-08
4.68329e-08
 4.3975e-08
4.13768e-08
3.90073e-08
3.68397e-08
3.48516e-08
 3.3023e-08
3.13374e-08
2.97798e-08
2.83375e-08
2.69991e-08
2.57549e-08
2.45959e-08
2.35147e-08
2.25041e-08
2.15583e-08
2.06716e-08
1.98392e-08
1.90567e-08
1.83202e-08
 1.7626e-08
 1.6971e-08
1.63522e-08
1.57671e-08
1.52131e-08
1.46881e-08
  1.419e-08
1.37172e-08
1.32678e-08
1.28403e-08
1.24333e-08
1.20456e-08
1.16758e-08
 1.1323e-08
 1.0986e-08
 1.0664e-08
1.03561e-08
1.00614e-08
9.77915e-09
9.50874e-09
9.24946e-09
9.00072e-09
8.76194e-09
8.53261e-09
8.31222e-09
8.10031e-09
7.89645e-09
7.70024e-09
 7.5113e-09
7.32926e-09
 7.1538e-09
 6.9846e-09
6.82137e-09
6.66382e-09
 6.5117e-09
6.36475e-09
6.22275e-09
6.08547e-09
5.95271e-09
5.82426e-09
5.69995e-09
5.57959e-09
5.46302e-09
5.35009e-09
5.24063e-09
5.13451e-09
 5.0316e-09
4.93177e-09
4.83488e-09
4.74084e-09
4.64953e-09
4.56083e-09
4.47466e-09
4.39092e-09
4.30952e-09
4.23037e-09
4.15339e-09
4.07849e-09
4.00561e-09
3.93468e-09
3.86562e-09
3.79831e-09
3.73336e-09
3.66368e-09
2.25448e-07
2.20221e-07
2.12264e-07
 2.0336e-07
 1.9427e-07
1.85357e-07
1.76805e-07
1.68687e-07
1.61036e-07
1.53849e-07
 1.4711e-07
  1.408e-07
1.34888e-07
1.29349e-07
1.24157e-07
1.19284e-07
1.14708e-07
1.10404e-07
1.06355e-07
1.02537e-07
9.89368e-08
9.55357e-08
9.23204e-08
8.92766e-08
8.63928e-08
8.36571e-08
  8.106e-08
7.85914e-08
7.62431e-08
 7.4007e-08
 7.1876e-08
6.98432e-08
6.79026e-08
6.60484e-08
6.42755e-08
6.25788e-08
6.09541e-08
5.93971e-08
 5.7904e-08
5.64711e-08
5.50951e-08
 5.3773e-08
5.25019e-08
 5.1279e-08
5.01019e-08
4.89682e-08
4.78757e-08
4.68224e-08
4.58063e-08
4.48256e-08
4.38786e-08
4.29638e-08
4.20796e-08
4.12246e-08
4.03975e-08
3.95971e-08
3.88222e-08
3.80715e-08
3.73442e-08
3.66392e-08
3.59556e-08
3.52924e-08
3.46489e-08
3.40241e-08
3.34175e-08
3.28282e-08
3.22556e-08
 3.1699e-08
3.11578e-08
3.06314e-08
3.01193e-08
2.96209e-08
2.91358e-08
2.86633e-08
2.82032e-08
2.77549e-08
 2.7318e-08
2.68921e-08
2.64769e-08
2.60719e-08
2.56769e-08
2.52914e-08
2.49152e-08
 2.4548e-08
2.41894e-08
2.38392e-08
2.34972e-08
 2.3163e-08
2.28364e-08
2.25171e-08
 2.2205e-08
2.18999e-08
2.16014e-08
2.13095e-08
2.10238e-08
2.07443e-08
2.04707e-08
2.02029e-08
1.99405e-08
1.96859e-08
1.94116e-08
1.91655e-08
      0.001
0.000899999
0.000819995
 0.00075399
0.000698385
 0.00065078
0.000609495
0.000573307
0.000541298
0.000512766
0.000487159
 0.00046404
0.000443056
0.000423921
0.000406395
0.000390281
0.000375413
 0.00036165
0.000348872
0.000336975
0.000325871
0.000315482
 0.00030574
0.000296587
 0.00028797
0.000279844
0.000272166
0.000264901
0.000258016
0.000251482
0.000245272
0.000239364
0.000233734
0.000228365
0.000223237
0.000218336
0.000213646
0.000209155
0.000204848
0.000200717
0.000196749
0.000192935
0.000189267
0.000185736
0.000182335
0.000179057
0.000175894
0.000172842
0.000169894
0.000167045
 0.00016429
0.000161625
0.000159045
0.000156546
0.000154125
0.000151777
  0.0001495
0.000147291
0.000145146
0.000143062
0.000141038
 0.00013907
0.000137157
0.000135295
0.000133483
 0.00013172
0.000130002
0.000128328
0.000126698
0.000125108
0.000123557
0.000122045
0.000120569
0.000119128
0.000117722
0.000116348
0.000115006
0.000113695
0.000112413
0.000111159
0.000109934
0.000108735
0.000107562
0.000106414
 0.00010529
 0.00010419
0.000103113
0.000102057
0.000101023
 0.00010001
9.90171e-05
9.80435e-05
9.70888e-05
9.61526e-05
9.52342e-05
9.43332e-05
9.34491e-05
9.25815e-05
9.17291e-05
9.09001e-05
9.00032e-05
 0.00999765
          1
1.00157e-05
9.01309e-06
8.21094e-06
7.54921e-06
6.99181e-06
6.51465e-06
6.10089e-06
5.73824e-06
5.41751e-06
5.13164e-06
 4.8751e-06
4.64351e-06
4.43333e-06
4.24167e-06
4.06615e-06
3.90478e-06
 3.7559e-06
3.61809e-06
3.49015e-06
3.37104e-06
3.25987e-06
3.15586e-06
3.05834e-06
2.96672e-06
2.88047e-06
2.79912e-06
2.72228e-06
2.64957e-06
2.58066e-06
2.51527e-06
2.45313e-06
2.39399e-06
2.33766e-06
2.28393e-06
2.23262e-06
2.18358e-06
2.13665e-06
2.09171e-06
2.04863e-06
2.00729e-06
1.96759e-06
1.92943e-06
1.89273e-06
1.85741e-06
1.82338e-06
1.79058e-06
1.75895e-06
1.72841e-06
1.69892e-06
1.67042e-06
1.64286e-06
 1.6162e-06
1.59039e-06
 1.5654e-06
1.54118e-06
1.51769e-06
1.49492e-06
1.47282e-06
1.45136e-06
1.43052e-06
1.41027e-06
1.39059e-06
1.37145e-06
1.35283e-06
1.33471e-06
1.31707e-06
1.29989e-06
1.28315e-06
1.26684e-06
1.25094e-06
1.23543e-06
1.22031e-06
1.20555e-06
1.19114e-06
1.17707e-06
1.16333e-06
1.14991e-06
 1.1368e-06
1.12398e-06
1.11144e-06
1.09919e-06
 1.0872e-06
1.07547e-06
1.06399e-06
1.05275e-06
1.04175e-06
1.03097e-06
1.02042e-06
1.01008e-06
9.99944e-07
9.90013e-07
9.80277e-07
 9.7073e-07
9.61368e-07
9.52184e-07
9.43174e-07
9.34333e-07
9.25657e-07
9.17133e-07
9.08843e-07
8.99874e-07
