4.53506e-08
4.02588e-08
3.61988e-08
3.28617e-08
3.00613e-08
2.76736e-08
2.56117e-08
 2.3812e-08
2.22273e-08
2.08212e-08
1.95648e-08
 1.8436e-08
1.74161e-08
1.64906e-08
1.56468e-08
1.48747e-08
1.41658e-08
1.35127e-08
1.29093e-08
1.23502e-08
 1.1831e-08
1.13475e-08
1.08963e-08
1.04745e-08
1.00794e-08
9.70837e-09
9.35978e-09
 9.0314e-09
 8.7217e-09
8.42927e-09
8.15271e-09
7.89069e-09
7.64244e-09
7.40664e-09
7.18263e-09
6.96947e-09
6.76656e-09
  6.573e-09
6.38849e-09
6.21209e-09
6.04367e-09
5.88239e-09
5.72813e-09
5.58021e-09
5.43848e-09
5.30241e-09
5.17183e-09
 5.0463e-09
4.92568e-09
4.80959e-09
4.69789e-09
4.59027e-09
4.48658e-09
4.38659e-09
4.29015e-09
4.19704e-09
4.10715e-09
4.02029e-09
3.93634e-09
3.85515e-09
3.77661e-09
3.70059e-09
3.62699e-09
3.55569e-09
 3.4866e-09
3.41962e-09
3.35467e-09
3.29165e-09
 3.2305e-09
3.17113e-09
3.11348e-09
3.05747e-09
3.00304e-09
2.95013e-09
2.89869e-09
2.84865e-09
2.79996e-09
2.75257e-09
2.70645e-09
2.66153e-09
2.61777e-09
2.57514e-09
 2.5336e-09
 2.4931e-09
2.45362e-09
2.41511e-09
2.37754e-09
2.34089e-09
2.30511e-09
2.27019e-09
 2.2361e-09
 2.2028e-09
2.17027e-09
2.13849e-09
2.10744e-09
2.07709e-09
2.04742e-09
2.01841e-09
1.99001e-09
 1.9625e-09
1.93284e-09
7.97262e-09
8.50053e-09
8.85188e-09
9.08539e-09
9.23493e-09
9.32448e-09
9.36797e-09
9.37731e-09
9.35994e-09
9.32288e-09
9.26967e-09
9.20441e-09
9.12973e-09
9.04756e-09
8.95994e-09
8.86807e-09
8.77306e-09
8.67583e-09
8.57692e-09
8.47737e-09
8.37707e-09
8.27701e-09
8.17682e-09
8.07735e-09
7.97839e-09
7.88061e-09
7.78347e-09
7.68791e-09
7.59308e-09
7.49998e-09
7.40781e-09
7.31743e-09
7.22798e-09
7.14042e-09
7.05392e-09
6.96908e-09
6.88553e-09
6.80358e-09
6.72279e-09
6.64373e-09
6.56569e-09
6.48941e-09
 6.4141e-09
6.34049e-09
6.26784e-09
6.19681e-09
6.12674e-09
6.05819e-09
5.99061e-09
5.92446e-09
5.85926e-09
5.79541e-09
 5.7325e-09
5.67087e-09
5.61015e-09
5.55063e-09
5.49201e-09
5.43453e-09
5.37791e-09
5.32238e-09
5.26768e-09
5.21401e-09
5.16115e-09
5.10927e-09
5.05816e-09
5.00798e-09
4.95855e-09
4.91001e-09
4.86219e-09
4.81521e-09
4.76892e-09
4.72344e-09
4.67863e-09
4.63458e-09
4.59117e-09
4.54849e-09
4.50643e-09
4.46506e-09
4.42429e-09
4.38419e-09
4.34465e-09
4.30576e-09
4.26741e-09
4.22967e-09
4.19246e-09
4.15583e-09
 4.1197e-09
4.08414e-09
4.04906e-09
4.01452e-09
3.98045e-09
3.94688e-09
3.91378e-09
3.88116e-09
3.84898e-09
3.81727e-09
3.78597e-09
3.75514e-09
3.72468e-09
3.69491e-09
3.66273e-09
 3.6334e-09
      0.001
0.000899999
0.000819995
 0.00075399
0.000698385
 0.00065078
0.000609495
0.000573307
0.000541298
0.000512766
0.000487159
 0.00046404
0.000443056
0.000423921
0.000406395
0.000390281
0.000375413
 0.00036165
0.000348872
0.000336975
0.000325871
0.000315482
 0.00030574
0.000296587
 0.00028797
0.000279844
0.000272166
0.000264901
0.000258016
0.000251482
0.000245272
0.000239364
0.000233734
0.000228365
0.000223237
0.000218336
0.000213646
0.000209155
0.000204848
0.000200717
0.000196749
0.000192935
0.000189267
0.000185736
0.000182335
0.000179057
0.000175894
0.000172842
0.000169894
0.000167045
 0.00016429
0.000161625
0.000159045
0.000156546
0.000154125
0.000151777
  0.0001495
0.000147291
0.000145146
0.000143062
0.000141038
 0.00013907
0.000137157
0.000135295
0.000133483
 0.00013172
0.000130002
0.000128328
0.000126698
0.000125108
0.000123557
0.000122045
0.000120569
0.000119128
0.000117722
0.000116348
0.000115006
0.000113695
0.000112413
0.000111159
0.000109934
0.000108735
0.000107562
0.000106414
 0.00010529
 0.00010419
0.000103113
0.000102057
0.000101023
 0.00010001
9.90171e-05
9.80435e-05
9.70888e-05
9.61526e-05
9.52342e-05
9.43332e-05
9.34491e-05
9.25815e-05
9.17291e-05
9.09001e-05
9.00032e-05
 0.00999982
          1
1.00007e-05
9.00062e-06
8.20052e-06
7.54042e-06
6.98432e-06
6.50823e-06
6.09535e-06
5.73344e-06
5.41332e-06
5.12797e-06
4.87187e-06
4.64066e-06
4.43081e-06
4.23944e-06
4.06416e-06
3.90301e-06
3.75432e-06
3.61668e-06
3.48888e-06
3.36991e-06
3.25886e-06
3.15496e-06
3.05753e-06
  2.966e-06
2.87982e-06
2.79854e-06
2.72176e-06
2.64911e-06
2.58025e-06
2.51491e-06
2.45281e-06
2.39371e-06
2.33742e-06
2.28372e-06
2.23244e-06
2.18342e-06
2.13652e-06
 2.0916e-06
2.04854e-06
2.00722e-06
1.96754e-06
 1.9294e-06
1.89271e-06
 1.8574e-06
1.82339e-06
 1.7906e-06
1.75898e-06
1.72845e-06
1.69897e-06
1.67048e-06
1.64293e-06
1.61627e-06
1.59047e-06
1.56548e-06
1.54127e-06
1.51779e-06
1.49502e-06
1.47293e-06
1.45148e-06
1.43064e-06
 1.4104e-06
1.39072e-06
1.37158e-06
1.35296e-06
1.33485e-06
1.31721e-06
1.30003e-06
1.28329e-06
1.26699e-06
1.25109e-06
1.23558e-06
1.22045e-06
1.20569e-06
1.19129e-06
1.17722e-06
1.16348e-06
1.15006e-06
1.13695e-06
1.12413e-06
 1.1116e-06
1.09934e-06
1.08735e-06
1.07562e-06
1.06414e-06
1.05291e-06
 1.0419e-06
1.03113e-06
1.02057e-06
1.01023e-06
 1.0001e-06
 9.9017e-07
9.80433e-07
9.70887e-07
9.61524e-07
 9.5234e-07
 9.4333e-07
9.34489e-07
9.25812e-07
9.17288e-07
9.08998e-07
9.00028e-07
