4.53442e-08
4.02595e-08
3.61967e-08
3.28624e-08
3.00598e-08
2.76744e-08
2.56104e-08
 2.3813e-08
 2.2226e-08
2.08224e-08
1.95632e-08
1.84379e-08
1.74134e-08
1.64941e-08
1.56414e-08
1.48827e-08
1.41527e-08
1.35349e-08
1.28691e-08
1.24267e-08
1.16766e-08
7.97142e-09
8.50047e-09
8.85165e-09
9.08525e-09
 9.2351e-09
9.32412e-09
9.36781e-09
9.37694e-09
9.36011e-09
9.32248e-09
9.26982e-09
9.20401e-09
9.13004e-09
9.04691e-09
8.96086e-09
8.86655e-09
8.77536e-09
8.67192e-09
8.58335e-09
8.46676e-09
8.39326e-09
8.23765e-09
0.000999876
0.000900011
0.000819951
0.000754003
0.000698355
0.000650795
0.000609469
0.000573326
 0.00054127
0.000512792
0.000487122
0.000464081
0.000442998
0.000423997
 0.00040628
0.000390454
0.000375129
0.000362133
0.000347995
0.000338643
0.000322524
 0.00999982
          1
9.99946e-06
9.00074e-06
8.20008e-06
7.54055e-06
6.98402e-06
6.50838e-06
6.09508e-06
5.73362e-06
5.41303e-06
5.12823e-06
 4.8715e-06
4.64107e-06
4.43023e-06
 4.2402e-06
4.06301e-06
3.90474e-06
3.75148e-06
3.62151e-06
3.48012e-06
3.38659e-06
3.22538e-06
