-1.04374e-08
 4.59763e-09
   1.737e-09
 4.57564e-09
 3.33184e-09
 4.46134e-09
 3.75384e-09
 4.32488e-09
 3.86114e-09
 4.18387e-09
 3.85209e-09
 4.04439e-09
 3.79267e-09
 3.90888e-09
 3.70982e-09
 3.77833e-09
 3.61611e-09
 3.65308e-09
 3.51792e-09
  3.5332e-09
 3.41872e-09
-6.63543e-08
-1.88834e-08
-1.56369e-08
-7.22737e-09
-5.51833e-09
-2.35347e-09
-1.25425e-09
  2.6614e-10
 1.04741e-09
 1.86496e-09
 2.45475e-09
 2.91694e-09
 3.38059e-09
 3.64301e-09
 4.01831e-09
 4.15998e-09
 4.47063e-09
 4.53539e-09
  4.7971e-09
 4.81097e-09
 5.03469e-09
 5.17228e-09
 8.84926e-05
 9.91151e-05
 9.41818e-05
 9.71744e-05
 9.38113e-05
  9.5309e-05
 9.26369e-05
 9.35146e-05
 9.12391e-05
 9.17871e-05
 8.97735e-05
 9.01229e-05
 8.82977e-05
 8.85186e-05
 8.68371e-05
 8.69709e-05
 8.54037e-05
 8.54769e-05
 8.40035e-05
 8.40338e-05
 8.26392e-05
   0.0100065
           1
 9.07031e-07
 1.00384e-06
 9.51284e-07
 9.79478e-07
 9.44388e-07
 9.58695e-07
 9.31117e-07
 9.39565e-07
 9.16234e-07
 9.21534e-07
 9.00976e-07
 9.04367e-07
 8.85787e-07
 8.87937e-07
 8.70858e-07
 8.72164e-07
 8.56271e-07
 8.56989e-07
 8.42066e-07
 8.42368e-07
  8.2826e-07
