-2.34911e-10
 4.97008e-09
 3.79555e-09
 4.77969e-09
 4.21743e-09
 4.59848e-09
  4.2453e-09
 4.42694e-09
 4.17205e-09
 4.26469e-09
   4.065e-09
 4.11118e-09
 3.94631e-09
 3.96579e-09
  3.8248e-09
 3.82801e-09
 3.70441e-09
 3.69728e-09
 3.58698e-09
 3.57317e-09
 3.47339e-09
 3.45523e-09
 3.36403e-09
 3.34306e-09
 3.25902e-09
 3.23628e-09
 3.15833e-09
 3.13457e-09
 3.06188e-09
 3.03761e-09
  2.9695e-09
 2.94509e-09
 2.88106e-09
 2.85675e-09
 2.79635e-09
 2.77234e-09
 2.71521e-09
 2.69164e-09
 2.63746e-09
 2.61443e-09
 2.56293e-09
 2.54051e-09
 2.49146e-09
  2.4697e-09
 2.42289e-09
 2.40181e-09
 2.35708e-09
 2.33671e-09
 2.29388e-09
 2.27423e-09
 2.23315e-09
 2.21424e-09
 2.17479e-09
  2.1566e-09
 2.11866e-09
  2.1012e-09
 2.06465e-09
 2.04792e-09
 2.01267e-09
 1.99665e-09
 1.96262e-09
  1.9473e-09
 1.91439e-09
 1.89977e-09
  1.8679e-09
 1.85397e-09
 1.82307e-09
 1.80983e-09
 1.77982e-09
 1.76725e-09
 1.73808e-09
 1.72618e-09
 1.69777e-09
 1.68654e-09
 1.65882e-09
 1.64827e-09
 1.62118e-09
 1.61131e-09
 1.58479e-09
 1.57561e-09
 1.54959e-09
  1.5411e-09
 1.51552e-09
 1.50774e-09
 1.48254e-09
 1.47548e-09
 1.45059e-09
 1.44428e-09
 1.41963e-09
 1.41409e-09
 1.38961e-09
 1.38488e-09
 1.36049e-09
 1.35662e-09
 1.33223e-09
 1.32926e-09
 1.30479e-09
 1.30277e-09
 1.27814e-09
 1.27712e-09
 1.25225e-09
-1.84497e-08
 8.39028e-11
 4.67549e-10
 3.92497e-09
  4.0986e-09
 5.45978e-09
 5.54911e-09
 6.23038e-09
 6.27579e-09
 6.65675e-09
   6.676e-09
 6.90015e-09
 6.90257e-09
 7.03572e-09
 7.02673e-09
 7.10315e-09
 7.08616e-09
 7.12535e-09
 7.10262e-09
 7.11644e-09
 7.08953e-09
 7.08556e-09
 7.05561e-09
 7.03891e-09
 7.00674e-09
  6.9808e-09
 6.94702e-09
 6.91431e-09
 6.87941e-09
 6.84172e-09
 6.80606e-09
  6.7647e-09
 6.72856e-09
 6.68454e-09
 6.64814e-09
 6.60221e-09
 6.56573e-09
 6.51847e-09
 6.48205e-09
 6.43391e-09
 6.39765e-09
 6.34899e-09
 6.31298e-09
 6.26408e-09
 6.22839e-09
 6.17948e-09
 6.14415e-09
  6.0954e-09
 6.06048e-09
 6.01203e-09
 5.97755e-09
 5.92952e-09
  5.8955e-09
 5.84799e-09
 5.81443e-09
 5.76751e-09
 5.73442e-09
 5.68817e-09
 5.65553e-09
 5.61001e-09
 5.57782e-09
 5.53307e-09
 5.50131e-09
 5.45738e-09
 5.42603e-09
 5.38296e-09
   5.352e-09
 5.30982e-09
 5.27921e-09
 5.23798e-09
 5.20767e-09
 5.16742e-09
 5.13737e-09
 5.09816e-09
  5.0683e-09
 5.03018e-09
 5.00044e-09
 4.96349e-09
 4.93377e-09
 4.89808e-09
 4.86828e-09
 4.83394e-09
 4.80392e-09
 4.77107e-09
 4.74067e-09
 4.70948e-09
 4.67848e-09
 4.64916e-09
 4.61731e-09
 4.59013e-09
  4.5571e-09
 4.53241e-09
 4.49778e-09
 4.47605e-09
 4.43924e-09
  4.4211e-09
 4.38138e-09
 4.36767e-09
 4.32404e-09
  4.3159e-09
 4.26698e-09
 4.23898e-09
 9.84065e-05
 9.90159e-05
 9.74884e-05
 9.70752e-05
  9.5798e-05
 9.52097e-05
 9.40592e-05
  9.3415e-05
 9.23486e-05
 9.16873e-05
 9.06847e-05
 9.00227e-05
 8.90723e-05
 8.84178e-05
 8.75121e-05
 8.68696e-05
 8.60031e-05
  8.5375e-05
 8.45436e-05
 8.39312e-05
 8.31318e-05
 8.25357e-05
 8.17657e-05
 8.11861e-05
 8.04432e-05
 7.98802e-05
 7.91625e-05
 7.86159e-05
 7.79217e-05
 7.73912e-05
  7.6719e-05
 7.62042e-05
 7.55528e-05
 7.50533e-05
 7.44213e-05
 7.39368e-05
 7.33232e-05
 7.28532e-05
 7.22569e-05
  7.1801e-05
 7.12211e-05
  7.0779e-05
 7.02146e-05
 6.97858e-05
 6.92361e-05
 6.88202e-05
 6.82844e-05
 6.78811e-05
 6.73584e-05
 6.69674e-05
 6.64572e-05
 6.60782e-05
 6.55797e-05
 6.52124e-05
 6.47251e-05
 6.43691e-05
 6.38923e-05
 6.35475e-05
 6.30806e-05
 6.27468e-05
 6.22892e-05
 6.19661e-05
 6.15173e-05
 6.12048e-05
 6.07641e-05
 6.04622e-05
  6.0029e-05
 5.97376e-05
 5.93114e-05
 5.90303e-05
 5.86104e-05
 5.83399e-05
 5.79257e-05
 5.76656e-05
 5.72565e-05
 5.70071e-05
 5.66023e-05
 5.63638e-05
 5.59625e-05
 5.57353e-05
 5.53366e-05
 5.51211e-05
  5.4724e-05
 5.45209e-05
 5.41243e-05
 5.39343e-05
 5.35368e-05
  5.3361e-05
  5.2961e-05
 5.28008e-05
 5.23963e-05
 5.22535e-05
 5.18422e-05
  5.1719e-05
 5.12978e-05
 5.11975e-05
 5.07623e-05
  5.0689e-05
 5.02348e-05
 5.01942e-05
 4.97139e-05
   0.0100017
           1
 9.93178e-07
 9.94871e-07
 9.78612e-07
 9.73598e-07
 9.60405e-07
 9.54143e-07
 9.42404e-07
 9.35752e-07
  9.2494e-07
 9.18191e-07
 9.08063e-07
 9.01349e-07
  8.9177e-07
 8.85156e-07
 8.76041e-07
 8.69563e-07
 8.60852e-07
 8.54529e-07
 8.46178e-07
  8.4002e-07
 8.31996e-07
 8.26006e-07
  8.1828e-07
 8.12461e-07
  8.0501e-07
 7.99359e-07
 7.92163e-07
 7.86679e-07
 7.79721e-07
   7.744e-07
 7.67664e-07
 7.62502e-07
 7.55974e-07
 7.50967e-07
 7.44636e-07
  7.3978e-07
 7.33633e-07
 7.28923e-07
 7.22951e-07
 7.18383e-07
 7.12576e-07
 7.08146e-07
 7.02495e-07
 6.98199e-07
 6.92695e-07
 6.88529e-07
 6.83164e-07
 6.79125e-07
 6.73893e-07
 6.69977e-07
 6.64869e-07
 6.61073e-07
 6.56084e-07
 6.52405e-07
 6.47527e-07
 6.43962e-07
  6.3919e-07
 6.35737e-07
 6.31064e-07
 6.27722e-07
 6.23142e-07
 6.19907e-07
 6.15415e-07
 6.12287e-07
 6.07876e-07
 6.04854e-07
 6.00519e-07
 5.97601e-07
 5.93336e-07
 5.90522e-07
  5.8632e-07
 5.83612e-07
 5.79467e-07
 5.76864e-07
  5.7277e-07
 5.70273e-07
 5.66222e-07
 5.63836e-07
 5.59819e-07
 5.57546e-07
 5.53556e-07
 5.51399e-07
 5.47426e-07
 5.45392e-07
 5.41424e-07
 5.39522e-07
 5.35545e-07
 5.33785e-07
 5.29783e-07
 5.28179e-07
 5.24133e-07
 5.22703e-07
 5.18587e-07
 5.17355e-07
  5.1314e-07
 5.12136e-07
 5.07782e-07
 5.07048e-07
 5.02504e-07
 5.02097e-07
 4.97291e-07
