 -1.6195e-09
 4.64387e-09
 3.52781e-09
 4.59817e-09
 4.10972e-09
 4.47457e-09
 4.19113e-09
  4.3333e-09
 4.14231e-09
 4.18943e-09
 4.04852e-09
-1.96227e-08
-2.65011e-09
-3.04138e-10
 2.30218e-09
 3.52263e-09
 4.31365e-09
  5.0897e-09
 5.34912e-09
 5.89443e-09
 5.94396e-09
 6.35087e-09
 6.58546e-09
 9.19175e-05
 9.90808e-05
 9.53242e-05
 9.71401e-05
 9.44976e-05
 9.52747e-05
 9.31283e-05
 9.34802e-05
 9.16224e-05
 9.17526e-05
 9.00883e-05
   0.0100019
           1
 9.26516e-07
 9.95641e-07
 9.56565e-07
  9.7434e-07
 9.47207e-07
 9.54871e-07
 9.32976e-07
 9.36471e-07
 9.17595e-07
 9.18904e-07
 9.02049e-07
