-2.55165e-10
  4.9704e-09
 3.79113e-09
 4.77968e-09
 4.21527e-09
 4.59834e-09
 4.24391e-09
 4.42676e-09
 4.17101e-09
 4.26449e-09
 4.06418e-09
 4.11095e-09
 3.94563e-09
 3.96556e-09
 3.82421e-09
 3.82776e-09
 3.70387e-09
 3.69705e-09
 3.58649e-09
 3.57294e-09
 3.47295e-09
   3.455e-09
 3.36362e-09
 3.34284e-09
 3.25864e-09
 3.23608e-09
 3.15798e-09
 3.13438e-09
 3.06155e-09
 3.03741e-09
  2.9692e-09
  2.9449e-09
 2.88077e-09
 2.85657e-09
 2.79608e-09
 2.77217e-09
 2.71495e-09
 2.69148e-09
 2.63721e-09
 2.61427e-09
 2.56269e-09
 2.54036e-09
 2.49123e-09
 2.46955e-09
 2.42267e-09
 2.40168e-09
 2.35686e-09
 2.33658e-09
 2.29366e-09
 2.27411e-09
 2.23295e-09
 2.21412e-09
 2.17459e-09
 2.15649e-09
 2.11847e-09
 2.10109e-09
 2.06448e-09
 2.04781e-09
 2.01251e-09
 1.99654e-09
 1.96246e-09
 1.94719e-09
 1.91423e-09
 1.89967e-09
 1.86775e-09
 1.85387e-09
 1.82293e-09
 1.80973e-09
 1.77968e-09
 1.76716e-09
 1.73794e-09
 1.72609e-09
 1.69763e-09
 1.68646e-09
 1.65869e-09
 1.64819e-09
 1.62106e-09
 1.61123e-09
 1.58468e-09
 1.57552e-09
 1.54948e-09
 1.54101e-09
 1.51542e-09
 1.50765e-09
 1.48244e-09
 1.47539e-09
  1.4505e-09
 1.44419e-09
 1.41954e-09
 1.41401e-09
 1.38952e-09
 1.38481e-09
  1.3604e-09
 1.35655e-09
 1.33214e-09
 1.32919e-09
 1.30471e-09
  1.3027e-09
 1.27806e-09
 1.27704e-09
 1.25217e-09
-1.85591e-08
 4.83107e-11
 4.32156e-10
 3.90363e-09
 4.07761e-09
 5.44448e-09
 5.53417e-09
 6.21841e-09
 6.26417e-09
 6.64688e-09
 6.66649e-09
 6.89175e-09
  6.8945e-09
  7.0284e-09
 7.01971e-09
 7.09666e-09
 7.07994e-09
 7.11951e-09
 7.09703e-09
 7.11112e-09
 7.08446e-09
 7.08068e-09
 7.05096e-09
  7.0344e-09
 7.00244e-09
  6.9766e-09
 6.94304e-09
 6.91039e-09
 6.87569e-09
 6.83804e-09
 6.80257e-09
 6.76124e-09
 6.72528e-09
 6.68127e-09
 6.64504e-09
 6.59911e-09
  6.5628e-09
 6.51552e-09
 6.47926e-09
  6.4311e-09
 6.39499e-09
 6.34631e-09
 6.31045e-09
 6.26152e-09
 6.22597e-09
 6.17702e-09
 6.14183e-09
 6.09304e-09
 6.05826e-09
 6.00977e-09
 5.97541e-09
 5.92735e-09
 5.89344e-09
 5.84589e-09
 5.81244e-09
 5.76549e-09
  5.7325e-09
 5.68622e-09
 5.65368e-09
 5.60812e-09
 5.57603e-09
 5.53125e-09
 5.49958e-09
 5.45561e-09
 5.42436e-09
 5.38125e-09
 5.35037e-09
 5.30816e-09
 5.27763e-09
 5.23637e-09
 5.20614e-09
 5.16586e-09
 5.13588e-09
 5.09664e-09
 5.06685e-09
 5.02871e-09
 4.99903e-09
 4.96206e-09
  4.9324e-09
 4.89668e-09
 4.86694e-09
 4.83258e-09
 4.80262e-09
 4.76975e-09
  4.7394e-09
 4.70819e-09
 4.67725e-09
  4.6479e-09
 4.61611e-09
  4.5889e-09
 4.55593e-09
 4.53122e-09
 4.49663e-09
 4.47488e-09
 4.43812e-09
 4.41997e-09
 4.38028e-09
 4.36656e-09
 4.32296e-09
 4.31481e-09
 4.26592e-09
 4.23794e-09
 9.84065e-05
 9.90159e-05
 9.74884e-05
 9.70752e-05
  9.5798e-05
 9.52097e-05
 9.40592e-05
  9.3415e-05
 9.23486e-05
 9.16873e-05
 9.06847e-05
 9.00227e-05
 8.90723e-05
 8.84178e-05
 8.75121e-05
 8.68696e-05
 8.60031e-05
  8.5375e-05
 8.45436e-05
 8.39312e-05
 8.31318e-05
 8.25357e-05
 8.17657e-05
 8.11861e-05
 8.04432e-05
 7.98802e-05
 7.91625e-05
 7.86159e-05
 7.79217e-05
 7.73912e-05
  7.6719e-05
 7.62042e-05
 7.55528e-05
 7.50533e-05
 7.44213e-05
 7.39368e-05
 7.33232e-05
 7.28532e-05
 7.22569e-05
  7.1801e-05
 7.12211e-05
  7.0779e-05
 7.02146e-05
 6.97858e-05
 6.92361e-05
 6.88202e-05
 6.82844e-05
 6.78811e-05
 6.73584e-05
 6.69674e-05
 6.64572e-05
 6.60782e-05
 6.55797e-05
 6.52124e-05
 6.47251e-05
 6.43691e-05
 6.38923e-05
 6.35475e-05
 6.30806e-05
 6.27468e-05
 6.22892e-05
 6.19661e-05
 6.15173e-05
 6.12048e-05
 6.07641e-05
 6.04622e-05
  6.0029e-05
 5.97376e-05
 5.93114e-05
 5.90303e-05
 5.86104e-05
 5.83399e-05
 5.79257e-05
 5.76656e-05
 5.72565e-05
 5.70071e-05
 5.66023e-05
 5.63638e-05
 5.59625e-05
 5.57353e-05
 5.53366e-05
 5.51211e-05
  5.4724e-05
 5.45209e-05
 5.41243e-05
 5.39343e-05
 5.35368e-05
  5.3361e-05
  5.2961e-05
 5.28008e-05
 5.23963e-05
 5.22535e-05
 5.18422e-05
  5.1719e-05
 5.12978e-05
 5.11975e-05
 5.07623e-05
  5.0689e-05
 5.02348e-05
 5.01942e-05
 4.97139e-05
   0.0100018
           1
 9.93212e-07
  9.9489e-07
 9.78626e-07
 9.73609e-07
 9.60415e-07
 9.54151e-07
 9.42411e-07
 9.35758e-07
 9.24945e-07
 9.18196e-07
 9.08068e-07
 9.01353e-07
 8.91774e-07
  8.8516e-07
 8.76045e-07
 8.69566e-07
 8.60855e-07
 8.54532e-07
 8.46181e-07
 8.40023e-07
 8.31998e-07
 8.26009e-07
 8.18283e-07
 8.12463e-07
 8.05012e-07
 7.99362e-07
 7.92165e-07
 7.86681e-07
 7.79723e-07
 7.74402e-07
 7.67666e-07
 7.62504e-07
 7.55976e-07
 7.50969e-07
 7.44638e-07
 7.39782e-07
 7.33635e-07
 7.28925e-07
 7.22953e-07
 7.18385e-07
 7.12578e-07
 7.08148e-07
 7.02496e-07
   6.982e-07
 6.92696e-07
 6.88531e-07
 6.83166e-07
 6.79127e-07
 6.73894e-07
 6.69978e-07
  6.6487e-07
 6.61075e-07
 6.56085e-07
 6.52406e-07
 6.47528e-07
 6.43964e-07
 6.39191e-07
 6.35739e-07
 6.31066e-07
 6.27723e-07
 6.23143e-07
 6.19909e-07
 6.15416e-07
 6.12288e-07
 6.07877e-07
 6.04855e-07
  6.0052e-07
 5.97602e-07
 5.93337e-07
 5.90523e-07
 5.86321e-07
 5.83613e-07
 5.79468e-07
 5.76865e-07
 5.72771e-07
 5.70274e-07
 5.66223e-07
 5.63837e-07
  5.5982e-07
 5.57546e-07
 5.53557e-07
   5.514e-07
 5.47426e-07
 5.45393e-07
 5.41425e-07
 5.39523e-07
 5.35546e-07
 5.33786e-07
 5.29784e-07
  5.2818e-07
 5.24134e-07
 5.22703e-07
 5.18588e-07
 5.17355e-07
 5.13141e-07
 5.12137e-07
 5.07783e-07
 5.07049e-07
 5.02504e-07
 5.02098e-07
 4.97292e-07
