-1.80833e-10
 4.96956e-09
 3.80269e-09
 4.77704e-09
 4.21802e-09
 4.59519e-09
 4.24383e-09
 4.42347e-09
 4.16972e-09
 4.26121e-09
 4.06231e-09
 4.10772e-09
 3.94347e-09
 3.96241e-09
 3.82191e-09
 3.82472e-09
 3.70153e-09
 3.69411e-09
 3.58415e-09
 3.57011e-09
 3.47062e-09
 3.45229e-09
 3.36134e-09
 3.34023e-09
 3.25641e-09
 3.23356e-09
 3.15581e-09
 3.13195e-09
 3.05944e-09
 3.03508e-09
 2.96716e-09
 2.94266e-09
 2.87879e-09
 2.85441e-09
 2.79416e-09
  2.7701e-09
  2.7131e-09
 2.68948e-09
 2.63542e-09
 2.61236e-09
 2.56096e-09
 2.53852e-09
 2.48955e-09
 2.46778e-09
 2.42104e-09
 2.39997e-09
 2.35529e-09
 2.33493e-09
 2.29215e-09
 2.27251e-09
 2.23148e-09
 2.21258e-09
 2.17317e-09
 2.15501e-09
  2.1171e-09
 2.09966e-09
 2.06314e-09
 2.04643e-09
 2.01121e-09
 1.99521e-09
  1.9612e-09
 1.94591e-09
 1.91302e-09
 1.89843e-09
 1.86657e-09
 1.85267e-09
 1.82178e-09
 1.80857e-09
 1.77857e-09
 1.76604e-09
 1.73686e-09
   1.725e-09
 1.69659e-09
  1.6854e-09
 1.65768e-09
 1.64717e-09
 1.62008e-09
 1.61024e-09
 1.58372e-09
 1.57456e-09
 1.54855e-09
 1.54008e-09
 1.51452e-09
 1.50675e-09
 1.48156e-09
 1.47452e-09
 1.44964e-09
 1.44335e-09
  1.4187e-09
 1.41319e-09
 1.38871e-09
 1.38401e-09
 1.35961e-09
 1.35577e-09
 1.33138e-09
 1.32843e-09
 1.30396e-09
 1.30196e-09
 1.27734e-09
 1.27633e-09
 1.25147e-09
-1.81393e-08
  2.0068e-10
  5.6772e-10
 3.98773e-09
 4.15374e-09
  5.4994e-09
 5.58429e-09
 6.25721e-09
 6.29972e-09
 6.67552e-09
 6.69278e-09
 6.91346e-09
 6.91442e-09
 7.04511e-09
 7.03501e-09
 7.10963e-09
 7.09178e-09
 7.12959e-09
 7.10618e-09
 7.11893e-09
 7.09148e-09
 7.08666e-09
 7.05627e-09
 7.03889e-09
 7.00637e-09
 6.97987e-09
 6.94581e-09
 6.91265e-09
 6.87751e-09
 6.83944e-09
 6.80358e-09
 6.76192e-09
 6.72561e-09
 6.68133e-09
  6.6448e-09
 6.59865e-09
 6.56206e-09
 6.51462e-09
  6.4781e-09
 6.42981e-09
 6.39348e-09
 6.34469e-09
 6.30863e-09
 6.25962e-09
 6.22388e-09
 6.17487e-09
 6.13951e-09
 6.09068e-09
 6.05574e-09
 6.00722e-09
 5.97273e-09
 5.92464e-09
 5.89061e-09
 5.84305e-09
 5.80949e-09
 5.76253e-09
 5.72944e-09
 5.68316e-09
 5.65053e-09
 5.60498e-09
  5.5728e-09
 5.52802e-09
 5.49629e-09
 5.45233e-09
 5.42101e-09
 5.37792e-09
 5.34699e-09
 5.30479e-09
 5.27421e-09
 5.23296e-09
 5.20269e-09
 5.16242e-09
 5.13241e-09
 5.09319e-09
 5.06336e-09
 5.02524e-09
 4.99553e-09
 4.95858e-09
  4.9289e-09
  4.8932e-09
 4.86344e-09
  4.8291e-09
 4.79912e-09
 4.76627e-09
  4.7359e-09
 4.70471e-09
 4.67376e-09
 4.64443e-09
 4.61263e-09
 4.58544e-09
 4.55246e-09
 4.52777e-09
 4.49318e-09
 4.47145e-09
 4.43469e-09
 4.41655e-09
 4.37687e-09
 4.36316e-09
 4.31957e-09
 4.31143e-09
 4.26255e-09
 4.23458e-09
 9.84065e-05
 9.90159e-05
 9.74884e-05
 9.70752e-05
  9.5798e-05
 9.52097e-05
 9.40592e-05
  9.3415e-05
 9.23486e-05
 9.16873e-05
 9.06847e-05
 9.00227e-05
 8.90723e-05
 8.84178e-05
 8.75121e-05
 8.68696e-05
 8.60031e-05
  8.5375e-05
 8.45436e-05
 8.39312e-05
 8.31318e-05
 8.25357e-05
 8.17657e-05
 8.11861e-05
 8.04432e-05
 7.98802e-05
 7.91625e-05
 7.86159e-05
 7.79217e-05
 7.73912e-05
  7.6719e-05
 7.62042e-05
 7.55528e-05
 7.50533e-05
 7.44213e-05
 7.39368e-05
 7.33232e-05
 7.28532e-05
 7.22569e-05
  7.1801e-05
 7.12211e-05
  7.0779e-05
 7.02146e-05
 6.97858e-05
 6.92361e-05
 6.88202e-05
 6.82844e-05
 6.78811e-05
 6.73584e-05
 6.69674e-05
 6.64572e-05
 6.60782e-05
 6.55797e-05
 6.52124e-05
 6.47251e-05
 6.43691e-05
 6.38923e-05
 6.35475e-05
 6.30806e-05
 6.27468e-05
 6.22892e-05
 6.19661e-05
 6.15173e-05
 6.12048e-05
 6.07641e-05
 6.04622e-05
  6.0029e-05
 5.97376e-05
 5.93114e-05
 5.90303e-05
 5.86104e-05
 5.83399e-05
 5.79257e-05
 5.76656e-05
 5.72565e-05
 5.70071e-05
 5.66023e-05
 5.63638e-05
 5.59625e-05
 5.57353e-05
 5.53366e-05
 5.51211e-05
  5.4724e-05
 5.45209e-05
 5.41243e-05
 5.39343e-05
 5.35368e-05
  5.3361e-05
  5.2961e-05
 5.28008e-05
 5.23963e-05
 5.22535e-05
 5.18422e-05
  5.1719e-05
 5.12978e-05
 5.11975e-05
 5.07623e-05
  5.0689e-05
 5.02348e-05
 5.01942e-05
 4.97139e-05
   0.0100017
           1
 9.93081e-07
 9.94819e-07
  9.7857e-07
 9.73565e-07
 9.60377e-07
 9.54119e-07
 9.42383e-07
 9.35733e-07
 9.24922e-07
 9.18175e-07
 9.08048e-07
 9.01335e-07
 8.91757e-07
 8.85144e-07
  8.7603e-07
 8.69552e-07
 8.60842e-07
 8.54519e-07
 8.46169e-07
 8.40011e-07
 8.31987e-07
 8.25998e-07
 8.18272e-07
 8.12453e-07
 8.05002e-07
 7.99352e-07
 7.92156e-07
 7.86673e-07
 7.79714e-07
 7.74393e-07
 7.67657e-07
 7.62496e-07
 7.55968e-07
 7.50962e-07
  7.4463e-07
 7.39774e-07
 7.33628e-07
 7.28918e-07
 7.22946e-07
 7.18379e-07
 7.12571e-07
 7.08142e-07
  7.0249e-07
 6.98194e-07
  6.9269e-07
 6.88525e-07
  6.8316e-07
 6.79121e-07
 6.73888e-07
 6.69973e-07
 6.64865e-07
 6.61069e-07
  6.5608e-07
 6.52401e-07
 6.47523e-07
 6.43959e-07
 6.39186e-07
 6.35734e-07
 6.31061e-07
 6.27718e-07
 6.23138e-07
 6.19904e-07
 6.15412e-07
 6.12284e-07
 6.07873e-07
  6.0485e-07
 6.00515e-07
 5.97598e-07
 5.93332e-07
 5.90519e-07
 5.86317e-07
 5.83609e-07
 5.79464e-07
 5.76861e-07
 5.72767e-07
 5.70271e-07
 5.66219e-07
 5.63833e-07
 5.59817e-07
 5.57543e-07
 5.53553e-07
 5.51396e-07
 5.47423e-07
  5.4539e-07
 5.41421e-07
  5.3952e-07
 5.35542e-07
 5.33783e-07
 5.29781e-07
 5.28177e-07
  5.2413e-07
   5.227e-07
 5.18585e-07
 5.17352e-07
 5.13138e-07
 5.12133e-07
  5.0778e-07
 5.07046e-07
 5.02501e-07
 5.02095e-07
 4.97289e-07
