  1.3987e-10
 4.96412e-09
 3.83244e-09
 4.75251e-09
 4.20791e-09
 4.56524e-09
 4.22175e-09
 4.39191e-09
 4.14319e-09
 4.22949e-09
 4.03415e-09
  4.0765e-09
 3.91495e-09
   3.932e-09
 3.79363e-09
 3.79525e-09
 3.67381e-09
 3.66566e-09
 3.55716e-09
  3.5427e-09
 3.44446e-09
  3.4259e-09
 3.33605e-09
 3.31485e-09
   3.232e-09
 3.20916e-09
 3.13227e-09
  3.1085e-09
 3.03675e-09
 3.01253e-09
  2.9453e-09
 2.92096e-09
 2.85773e-09
 2.83354e-09
 2.77387e-09
 2.75001e-09
 2.69355e-09
 2.67015e-09
 2.61658e-09
 2.59374e-09
  2.5428e-09
 2.52058e-09
 2.47205e-09
 2.45049e-09
 2.40416e-09
  2.3833e-09
   2.339e-09
 2.31886e-09
 2.27643e-09
   2.257e-09
 2.21631e-09
 2.19761e-09
 2.15852e-09
 2.14054e-09
 2.10294e-09
 2.08569e-09
 2.04947e-09
 2.03292e-09
 1.99799e-09
 1.98215e-09
 1.94842e-09
 1.93328e-09
 1.90065e-09
  1.8862e-09
 1.85461e-09
 1.84084e-09
  1.8102e-09
 1.79711e-09
 1.76736e-09
 1.75493e-09
   1.726e-09
 1.71425e-09
 1.68606e-09
 1.67497e-09
 1.64748e-09
 1.63706e-09
 1.61019e-09
 1.60043e-09
 1.57413e-09
 1.56505e-09
 1.53924e-09
 1.53085e-09
 1.50548e-09
 1.49779e-09
 1.47279e-09
 1.46582e-09
 1.44112e-09
 1.43489e-09
 1.41043e-09
 1.40497e-09
 1.38067e-09
 1.37602e-09
  1.3518e-09
   1.348e-09
 1.32378e-09
 1.32088e-09
 1.29658e-09
 1.29461e-09
 1.27016e-09
 1.26917e-09
  1.2445e-09
-1.62761e-08
 9.30793e-10
 1.15969e-09
 4.36246e-09
 4.46564e-09
 5.72181e-09
 5.77069e-09
 6.39587e-09
 6.41515e-09
 6.76183e-09
 6.76299e-09
 6.96442e-09
 6.95369e-09
 7.07097e-09
 7.05209e-09
 7.11698e-09
 7.09237e-09
 7.12296e-09
 7.09425e-09
  7.1015e-09
 7.06986e-09
 7.06081e-09
 7.02706e-09
 7.00638e-09
 6.97115e-09
 6.94206e-09
 6.90581e-09
  6.8706e-09
 6.83369e-09
 6.79401e-09
 6.75672e-09
 6.71378e-09
 6.67632e-09
 6.63104e-09
 6.59357e-09
 6.54665e-09
 6.50932e-09
 6.46127e-09
 6.42418e-09
 6.37544e-09
 6.33866e-09
 6.28954e-09
 6.25315e-09
 6.20391e-09
 6.16794e-09
 6.11879e-09
 6.08328e-09
 6.03437e-09
 5.99935e-09
 5.95082e-09
  5.9163e-09
 5.86826e-09
 5.83425e-09
 5.78677e-09
 5.75328e-09
 5.70644e-09
 5.67346e-09
 5.62732e-09
 5.59484e-09
 5.54945e-09
 5.51745e-09
 5.47285e-09
 5.44132e-09
 5.39756e-09
 5.36646e-09
 5.32358e-09
 5.29289e-09
 5.25091e-09
 5.22059e-09
 5.17957e-09
 5.14957e-09
 5.10954e-09
 5.07981e-09
 5.04082e-09
  5.0113e-09
  4.9734e-09
 4.94402e-09
 4.90728e-09
 4.87794e-09
 4.84245e-09
 4.81304e-09
  4.7789e-09
 4.74929e-09
 4.71662e-09
 4.68666e-09
 4.65563e-09
 4.62509e-09
 4.59591e-09
 4.56454e-09
 4.53748e-09
 4.50494e-09
 4.48036e-09
 4.44624e-09
  4.4246e-09
 4.38832e-09
 4.37025e-09
 4.33107e-09
 4.31742e-09
 4.27433e-09
 4.26623e-09
 4.21788e-09
  4.1902e-09
 9.84065e-05
 9.90159e-05
 9.74884e-05
 9.70752e-05
  9.5798e-05
 9.52097e-05
 9.40592e-05
  9.3415e-05
 9.23486e-05
 9.16873e-05
 9.06847e-05
 9.00227e-05
 8.90723e-05
 8.84178e-05
 8.75121e-05
 8.68696e-05
 8.60031e-05
  8.5375e-05
 8.45436e-05
 8.39312e-05
 8.31318e-05
 8.25357e-05
 8.17657e-05
 8.11861e-05
 8.04432e-05
 7.98802e-05
 7.91625e-05
 7.86159e-05
 7.79217e-05
 7.73912e-05
  7.6719e-05
 7.62042e-05
 7.55528e-05
 7.50533e-05
 7.44213e-05
 7.39368e-05
 7.33232e-05
 7.28532e-05
 7.22569e-05
  7.1801e-05
 7.12211e-05
  7.0779e-05
 7.02146e-05
 6.97858e-05
 6.92361e-05
 6.88202e-05
 6.82844e-05
 6.78811e-05
 6.73584e-05
 6.69674e-05
 6.64572e-05
 6.60782e-05
 6.55797e-05
 6.52124e-05
 6.47251e-05
 6.43691e-05
 6.38923e-05
 6.35475e-05
 6.30806e-05
 6.27468e-05
 6.22892e-05
 6.19661e-05
 6.15173e-05
 6.12048e-05
 6.07641e-05
 6.04622e-05
  6.0029e-05
 5.97376e-05
 5.93114e-05
 5.90303e-05
 5.86104e-05
 5.83399e-05
 5.79257e-05
 5.76656e-05
 5.72565e-05
 5.70071e-05
 5.66023e-05
 5.63638e-05
 5.59625e-05
 5.57353e-05
 5.53366e-05
 5.51211e-05
  5.4724e-05
 5.45209e-05
 5.41243e-05
 5.39343e-05
 5.35368e-05
  5.3361e-05
  5.2961e-05
 5.28008e-05
 5.23963e-05
 5.22535e-05
 5.18422e-05
  5.1719e-05
 5.12978e-05
 5.11975e-05
 5.07623e-05
  5.0689e-05
 5.02348e-05
 5.01942e-05
 4.97139e-05
   0.0100015
           1
 9.92522e-07
 9.94501e-07
  9.7832e-07
 9.73368e-07
 9.60209e-07
 9.53975e-07
 9.42255e-07
 9.35618e-07
 9.24818e-07
  9.1808e-07
  9.0796e-07
 9.01253e-07
  8.9168e-07
 8.85072e-07
 8.75961e-07
 8.69488e-07
  8.6078e-07
 8.54461e-07
 8.46113e-07
 8.39958e-07
 8.31936e-07
 8.25949e-07
 8.18225e-07
 8.12407e-07
 8.04958e-07
 7.99309e-07
 7.92114e-07
 7.86632e-07
 7.79675e-07
 7.74355e-07
  7.6762e-07
 7.62459e-07
 7.55933e-07
 7.50927e-07
 7.44597e-07
 7.39741e-07
 7.33596e-07
 7.28887e-07
 7.22915e-07
 7.18348e-07
 7.12542e-07
 7.08113e-07
 7.02462e-07
 6.98166e-07
 6.92663e-07
 6.88498e-07
 6.83134e-07
 6.79095e-07
 6.73863e-07
 6.69948e-07
  6.6484e-07
 6.61045e-07
 6.56056e-07
 6.52377e-07
   6.475e-07
 6.43936e-07
 6.39164e-07
 6.35712e-07
 6.31039e-07
 6.27697e-07
 6.23117e-07
 6.19883e-07
 6.15391e-07
 6.12263e-07
 6.07853e-07
 6.04831e-07
 6.00496e-07
 5.97578e-07
 5.93313e-07
   5.905e-07
 5.86299e-07
  5.8359e-07
 5.79446e-07
 5.76843e-07
 5.72749e-07
 5.70253e-07
 5.66202e-07
 5.63815e-07
   5.598e-07
 5.57526e-07
 5.53536e-07
  5.5138e-07
 5.47406e-07
 5.45373e-07
 5.41405e-07
 5.39504e-07
 5.35526e-07
 5.33767e-07
 5.29765e-07
 5.28161e-07
 5.24115e-07
 5.22685e-07
  5.1857e-07
 5.17337e-07
 5.13123e-07
 5.12119e-07
 5.07765e-07
 5.07032e-07
 5.02487e-07
 5.02081e-07
 4.97275e-07
