-4.10265e-09
  4.9461e-09
 2.62342e-09
  4.5174e-09
 3.46934e-09
  4.2706e-09
  3.6578e-09
 4.08011e-09
 3.66996e-09
 3.91608e-09
 3.61789e-09
 3.76812e-09
 3.53905e-09
 3.63165e-09
 3.44876e-09
 3.50428e-09
 3.35413e-09
 3.38456e-09
 3.25874e-09
 3.27153e-09
 3.16451e-09
-3.29461e-08
-3.92184e-09
-4.10467e-09
 1.06471e-09
 1.13585e-09
 3.07883e-09
 3.18954e-09
 4.11739e-09
  4.2257e-09
 4.71938e-09
 4.81572e-09
 5.09022e-09
 5.17318e-09
 5.32494e-09
 5.39544e-09
 5.47344e-09
 5.53294e-09
 5.56437e-09
 5.61438e-09
 5.61535e-09
  5.6572e-09
 5.66606e-09
 8.84926e-05
 9.91151e-05
 9.41818e-05
 9.71744e-05
 9.38113e-05
  9.5309e-05
 9.26369e-05
 9.35146e-05
 9.12391e-05
 9.17871e-05
 8.97735e-05
 9.01229e-05
 8.82977e-05
 8.85186e-05
 8.68371e-05
 8.69709e-05
 8.54037e-05
 8.54769e-05
 8.40035e-05
 8.40338e-05
 8.26392e-05
   0.0100032
           1
 8.98538e-07
 9.98359e-07
  9.4727e-07
 9.76065e-07
 9.41641e-07
 9.56189e-07
 9.29004e-07
 9.37571e-07
 9.14505e-07
  9.1987e-07
 8.99506e-07
 9.02933e-07
 8.84505e-07
 8.86674e-07
 8.69717e-07
 8.71032e-07
 8.55242e-07
 8.55962e-07
 8.41126e-07
 8.41426e-07
 8.27392e-07
