 2.33398e-09
 4.69962e-09
 3.94776e-09
 4.43018e-09
 4.04652e-09
 4.23425e-09
 3.98098e-09
 4.06556e-09
 3.87561e-09
 3.91253e-09
  3.7592e-09
 3.77069e-09
 3.64111e-09
 3.63791e-09
 3.52502e-09
 3.51288e-09
 3.41243e-09
 3.39475e-09
 3.30399e-09
 3.28285e-09
 3.19993e-09
 3.17666e-09
 3.10022e-09
 3.07573e-09
 3.00478e-09
 2.97969e-09
 2.91347e-09
  2.8882e-09
 2.82612e-09
 2.80095e-09
 2.74252e-09
 2.71767e-09
  2.6625e-09
 2.63812e-09
 2.58588e-09
 2.56207e-09
 2.51249e-09
 2.48931e-09
 2.44214e-09
 2.41965e-09
 2.37469e-09
 2.35291e-09
 2.30997e-09
 2.28893e-09
 2.24785e-09
 2.22756e-09
  2.1882e-09
 2.16866e-09
 2.13088e-09
 2.11208e-09
 2.07579e-09
 2.05772e-09
 2.02279e-09
 2.00545e-09
  1.9718e-09
 1.95517e-09
 1.92271e-09
 1.90677e-09
 1.87543e-09
 1.86018e-09
 1.82987e-09
 1.81529e-09
 1.78594e-09
 1.77202e-09
 1.74357e-09
 1.73031e-09
 1.70269e-09
 1.69007e-09
 1.66322e-09
 1.65123e-09
  1.6251e-09
 1.61375e-09
 1.58826e-09
 1.57754e-09
 1.55266e-09
 1.54257e-09
 1.51822e-09
 1.50877e-09
  1.4849e-09
 1.47609e-09
 1.45265e-09
  1.4445e-09
 1.42142e-09
 1.41393e-09
 1.39116e-09
 1.38436e-09
 1.36183e-09
 1.35575e-09
 1.33339e-09
 1.32805e-09
 1.30579e-09
 1.30123e-09
 1.27901e-09
 1.27527e-09
   1.253e-09
 1.25012e-09
 1.22773e-09
 1.22577e-09
 1.20316e-09
 1.20217e-09
 1.17929e-09
-3.42771e-09
 5.11361e-09
 4.67411e-09
 6.25434e-09
  6.0486e-09
 6.65212e-09
  6.5222e-09
 6.80771e-09
 6.71117e-09
 6.85624e-09
 6.77722e-09
 6.84921e-09
 6.78052e-09
  6.8104e-09
 6.74839e-09
  6.7523e-09
 6.69494e-09
 6.68206e-09
 6.62814e-09
 6.60405e-09
 6.55282e-09
 6.52108e-09
 6.47203e-09
 6.43501e-09
 6.38782e-09
 6.34713e-09
 6.30158e-09
 6.25837e-09
 6.21427e-09
 6.16937e-09
  6.1266e-09
  6.0806e-09
 6.03906e-09
 5.99243e-09
 5.95203e-09
 5.90509e-09
 5.86578e-09
 5.81879e-09
 5.78051e-09
 5.73367e-09
 5.69636e-09
 5.64982e-09
 5.61345e-09
 5.56733e-09
 5.53185e-09
 5.48623e-09
 5.45162e-09
 5.40658e-09
 5.37279e-09
 5.32837e-09
 5.29537e-09
 5.25164e-09
  5.2194e-09
 5.17637e-09
 5.14485e-09
 5.10256e-09
 5.07173e-09
  5.0302e-09
 5.00003e-09
 4.95928e-09
 4.92973e-09
 4.88978e-09
 4.86082e-09
 4.82168e-09
 4.79326e-09
 4.75495e-09
 4.72704e-09
 4.68958e-09
 4.66213e-09
 4.62554e-09
  4.5985e-09
 4.56281e-09
 4.53612e-09
 4.50137e-09
 4.47497e-09
  4.4412e-09
   4.415e-09
 4.38226e-09
  4.3562e-09
 4.32455e-09
 4.29851e-09
 4.26805e-09
 4.24191e-09
 4.21274e-09
 4.18636e-09
 4.15862e-09
  4.1318e-09
 4.10567e-09
 4.07818e-09
 4.05391e-09
 4.02545e-09
 4.00336e-09
 3.97354e-09
 3.95404e-09
 3.92234e-09
 3.90601e-09
 3.87174e-09
 3.85935e-09
  3.8216e-09
 3.81421e-09
 3.77169e-09
 3.74718e-09
 9.84065e-05
 9.90159e-05
 9.74884e-05
 9.70752e-05
  9.5798e-05
 9.52097e-05
 9.40592e-05
  9.3415e-05
 9.23486e-05
 9.16873e-05
 9.06847e-05
 9.00227e-05
 8.90723e-05
 8.84178e-05
 8.75121e-05
 8.68696e-05
 8.60031e-05
  8.5375e-05
 8.45436e-05
 8.39312e-05
 8.31318e-05
 8.25357e-05
 8.17657e-05
 8.11861e-05
 8.04432e-05
 7.98802e-05
 7.91625e-05
 7.86159e-05
 7.79217e-05
 7.73912e-05
  7.6719e-05
 7.62042e-05
 7.55528e-05
 7.50533e-05
 7.44213e-05
 7.39368e-05
 7.33232e-05
 7.28532e-05
 7.22569e-05
  7.1801e-05
 7.12211e-05
  7.0779e-05
 7.02146e-05
 6.97858e-05
 6.92361e-05
 6.88202e-05
 6.82844e-05
 6.78811e-05
 6.73584e-05
 6.69674e-05
 6.64572e-05
 6.60782e-05
 6.55797e-05
 6.52124e-05
 6.47251e-05
 6.43691e-05
 6.38923e-05
 6.35475e-05
 6.30806e-05
 6.27468e-05
 6.22892e-05
 6.19661e-05
 6.15173e-05
 6.12048e-05
 6.07641e-05
 6.04622e-05
  6.0029e-05
 5.97376e-05
 5.93114e-05
 5.90303e-05
 5.86104e-05
 5.83399e-05
 5.79257e-05
 5.76656e-05
 5.72565e-05
 5.70071e-05
 5.66023e-05
 5.63638e-05
 5.59625e-05
 5.57353e-05
 5.53366e-05
 5.51211e-05
  5.4724e-05
 5.45209e-05
 5.41243e-05
 5.39343e-05
 5.35368e-05
  5.3361e-05
  5.2961e-05
 5.28008e-05
 5.23963e-05
 5.22535e-05
 5.18422e-05
  5.1719e-05
 5.12978e-05
 5.11975e-05
 5.07623e-05
  5.0689e-05
 5.02348e-05
 5.01942e-05
 4.97139e-05
   0.0100002
           1
 9.88253e-07
 9.92166e-07
 9.76485e-07
 9.71936e-07
  9.5899e-07
 9.52933e-07
 9.41331e-07
 9.34795e-07
  9.2407e-07
 9.17396e-07
 9.07328e-07
 9.00666e-07
 8.91132e-07
 8.84557e-07
 8.75476e-07
 8.69028e-07
 8.60344e-07
 8.54044e-07
 8.45716e-07
 8.39577e-07
 8.31571e-07
 8.25598e-07
 8.17887e-07
 8.12081e-07
 8.04643e-07
 7.99004e-07
  7.9182e-07
 7.86346e-07
 7.79397e-07
 7.74085e-07
 7.67358e-07
 7.62204e-07
 7.55684e-07
 7.50684e-07
  7.4436e-07
  7.3951e-07
  7.3337e-07
 7.28665e-07
 7.22699e-07
 7.18136e-07
 7.12334e-07
 7.07909e-07
 7.02262e-07
 6.97971e-07
 6.92471e-07
 6.88309e-07
 6.82949e-07
 6.78913e-07
 6.73684e-07
 6.69772e-07
 6.64668e-07
 6.60875e-07
 6.55889e-07
 6.52213e-07
 6.47338e-07
 6.43776e-07
 6.39007e-07
 6.35556e-07
 6.30886e-07
 6.27546e-07
 6.22969e-07
 6.19736e-07
 6.15246e-07
  6.1212e-07
 6.07712e-07
 6.04691e-07
 6.00359e-07
 5.97442e-07
 5.93179e-07
 5.90368e-07
 5.86168e-07
 5.83461e-07
 5.79318e-07
 5.76716e-07
 5.72624e-07
 5.70129e-07
  5.6608e-07
 5.63694e-07
  5.5968e-07
 5.57407e-07
 5.53419e-07
 5.51264e-07
 5.47292e-07
  5.4526e-07
 5.41293e-07
 5.39392e-07
 5.35416e-07
 5.33658e-07
 5.29657e-07
 5.28054e-07
 5.24009e-07
  5.2258e-07
 5.18466e-07
 5.17234e-07
 5.13021e-07
 5.12017e-07
 5.07665e-07
 5.06932e-07
 5.02389e-07
 5.01983e-07
 4.97178e-07
