 5.48723e-05
 5.90305e-06
 9.23547e-06
 2.37525e-06
 3.51381e-06
 1.25888e-06
 1.78609e-06
 7.71994e-07
 1.06004e-06
 5.18592e-07
  6.9348e-07
 3.70847e-07
 4.85131e-07
 2.77572e-07
 3.56423e-07
 2.15107e-07
 2.71837e-07
 1.71326e-07
 2.13521e-07
 1.39506e-07
 1.71753e-07
 1.15687e-07
 1.40892e-07
 9.74128e-08
 1.17492e-07
 8.30992e-08
 9.93571e-08
 7.16871e-08
 8.50375e-08
 6.24475e-08
 7.35461e-08
 5.48657e-08
 6.41931e-08
 4.85704e-08
  5.6485e-08
  4.3288e-08
  5.0062e-08
 3.88137e-08
 4.46567e-08
 3.49919e-08
 4.00673e-08
 3.17024e-08
 3.61392e-08
 2.88513e-08
 3.27525e-08
 2.63646e-08
 2.98132e-08
  2.4183e-08
 2.72466e-08
 2.22589e-08
 2.49928e-08
 2.05537e-08
 2.30036e-08
 1.90354e-08
 2.12394e-08
 1.76779e-08
 1.96679e-08
 1.64593e-08
 1.82622e-08
 1.53616e-08
 1.70001e-08
 1.43692e-08
 1.58628e-08
 1.34692e-08
 1.48345e-08
 1.26505e-08
 1.39018e-08
 1.19037e-08
 1.30533e-08
 1.12206e-08
 1.22794e-08
 1.05943e-08
 1.15714e-08
 1.00185e-08
 1.09224e-08
 9.48818e-09
 1.03258e-08
 8.99856e-09
 9.77629e-09
 8.54562e-09
 9.26904e-09
  8.1258e-09
 8.79988e-09
 7.73598e-09
 8.36509e-09
 7.37337e-09
 7.96143e-09
  7.0355e-09
 7.58602e-09
 6.72019e-09
  7.2363e-09
 6.42548e-09
 6.90999e-09
 6.14963e-09
 6.60506e-09
 5.89105e-09
  6.3197e-09
 5.64836e-09
 6.05228e-09
 5.42027e-09
 5.80133e-09
-6.73529e-13
 4.38102e-05
 5.89568e-06
 2.01712e-05
 4.31382e-06
 1.18204e-05
 3.16296e-06
 7.84635e-06
 2.40942e-06
 5.62411e-06
 1.89924e-06
 4.24746e-06
 1.53909e-06
 3.33173e-06
 1.27531e-06
 2.68978e-06
 1.07609e-06
 2.22123e-06
 9.21708e-07
 1.86811e-06
 7.99472e-07
 1.59496e-06
 7.00905e-07
 1.37905e-06
 6.20169e-07
 1.20525e-06
 5.53136e-07
 1.06314e-06
 4.96818e-07
 9.45375e-07
 4.49006e-07
 8.46624e-07
 4.08038e-07
 7.62954e-07
 3.72645e-07
 6.91405e-07
 3.41839e-07
 6.29715e-07
 3.14845e-07
 5.76131e-07
 2.91049e-07
 5.29274e-07
 2.69954e-07
  4.8805e-07
 2.51159e-07
 4.51579e-07
 2.34335e-07
 4.19149e-07
  2.1921e-07
 3.90177e-07
 2.05559e-07
 3.64182e-07
 1.93192e-07
 3.40764e-07
  1.8195e-07
 3.19589e-07
 1.71699e-07
 3.00377e-07
 1.62322e-07
 2.82889e-07
 1.53722e-07
 2.66922e-07
 1.45813e-07
 2.52302e-07
 1.38521e-07
 2.38881e-07
 1.31784e-07
 2.26528e-07
 1.25544e-07
 2.15133e-07
 1.19753e-07
 2.04597e-07
 1.14369e-07
 1.94836e-07
 1.09353e-07
 1.85773e-07
 1.04672e-07
 1.77344e-07
 1.00296e-07
 1.69489e-07
 9.61993e-08
 1.62157e-07
 9.23573e-08
 1.55303e-07
 8.87492e-08
 1.48884e-07
 8.53561e-08
 1.42865e-07
  8.2161e-08
 1.37212e-07
 7.91483e-08
 1.31897e-07
 7.63043e-08
 1.26891e-07
 7.36163e-08
 1.22172e-07
 7.10729e-08
 1.17718e-07
 6.86638e-08
 1.13508e-07
 6.63794e-08
 1.09526e-07
   0.0099999
  0.00333323
  0.00333323
   0.0019999
   0.0019999
  0.00142847
  0.00142847
  0.00111101
  0.00111101
 0.000908991
 0.000908991
 0.000769131
 0.000769131
 0.000666567
 0.000666567
 0.000588135
 0.000588135
 0.000526216
 0.000526216
  0.00047609
  0.00047609
 0.000434683
 0.000434683
   0.0003999
   0.0003999
  0.00037027
  0.00037027
 0.000344728
 0.000344728
 0.000322481
 0.000322481
  0.00030293
  0.00030293
 0.000285614
 0.000285614
  0.00027017
  0.00027017
  0.00025631
  0.00025631
 0.000243802
 0.000243802
 0.000232458
 0.000232458
 0.000222122
 0.000222122
 0.000212666
 0.000212666
 0.000203982
 0.000203982
 0.000195978
 0.000195978
 0.000188579
 0.000188579
 0.000181718
 0.000181718
 0.000175339
 0.000175339
 0.000169392
 0.000169392
 0.000163834
 0.000163834
  0.00015863
  0.00015863
 0.000153746
 0.000153746
 0.000149154
 0.000149154
 0.000144828
 0.000144828
 0.000140745
 0.000140745
 0.000136886
 0.000136886
 0.000133233
 0.000133233
  0.00012977
  0.00012977
 0.000126482
 0.000126482
 0.000123357
 0.000123357
 0.000120382
 0.000120382
 0.000117547
 0.000117547
 0.000114843
 0.000114843
  0.00011226
  0.00011226
  0.00010979
  0.00010979
 0.000107427
 0.000107427
 0.000105163
 0.000105163
 0.000102993
 0.000102993
  0.00010091
  0.00010091
 9.89099e-05
 9.89099e-05
   0.0099999
           1
 0.000121902
 3.55424e-05
 3.59655e-05
 2.07779e-05
 2.06812e-05
 1.46516e-05
 1.44969e-05
 1.13121e-05
 1.11682e-05
 9.21263e-06
 9.08955e-06
 7.77111e-06
 7.66751e-06
 6.72022e-06
 6.63284e-06
 5.92009e-06
 5.84584e-06
  5.2905e-06
 5.22683e-06
 4.78214e-06
 4.72706e-06
 4.36306e-06
   4.315e-06
 4.01161e-06
 3.96934e-06
 3.71263e-06
 3.67519e-06
 3.45518e-06
 3.42181e-06
 3.23117e-06
 3.20123e-06
 3.03446e-06
 3.00747e-06
 2.86035e-06
 2.83589e-06
 2.70516e-06
 2.68289e-06
 2.56595e-06
  2.5456e-06
 2.44038e-06
 2.42171e-06
 2.32653e-06
 2.30935e-06
 2.22284e-06
 2.20697e-06
 2.12801e-06
  2.1133e-06
 2.04094e-06
 2.02728e-06
 1.96071e-06
 1.94799e-06
 1.88656e-06
 1.87468e-06
 1.81781e-06
  1.8067e-06
  1.7539e-06
 1.74348e-06
 1.69433e-06
 1.68454e-06
 1.63868e-06
 1.62946e-06
 1.58656e-06
 1.57787e-06
 1.53766e-06
 1.52945e-06
 1.49169e-06
 1.48392e-06
 1.44838e-06
 1.44102e-06
 1.40752e-06
 1.40053e-06
 1.36889e-06
 1.36226e-06
 1.33233e-06
 1.32602e-06
 1.29768e-06
 1.29167e-06
 1.26478e-06
 1.25905e-06
  1.2335e-06
 1.22803e-06
 1.20374e-06
 1.19851e-06
 1.17538e-06
 1.17037e-06
 1.14832e-06
 1.14353e-06
 1.12248e-06
 1.11789e-06
 1.09777e-06
 1.09337e-06
 1.07413e-06
 1.06991e-06
 1.05149e-06
 1.04743e-06
 1.02978e-06
 1.02588e-06
 1.00895e-06
 1.00519e-06
 9.88944e-07
 9.85326e-07
