 5.48723e-05
 5.90305e-06
 9.23547e-06
 2.37525e-06
 3.51381e-06
 1.25888e-06
 1.78609e-06
 7.71994e-07
 1.06004e-06
 5.18592e-07
  6.9348e-07
-1.13861e-14
 4.38102e-05
 5.89568e-06
 2.01712e-05
 4.31382e-06
 1.18204e-05
 3.16296e-06
 7.84635e-06
 2.40942e-06
 5.62411e-06
 1.89924e-06
 4.24746e-06
   0.0099999
  0.00333323
  0.00333323
   0.0019999
   0.0019999
  0.00142847
  0.00142847
  0.00111101
  0.00111101
 0.000908991
 0.000908991
   0.0099999
           1
 0.000121902
 3.55424e-05
 3.59655e-05
 2.07779e-05
 2.06812e-05
 1.46516e-05
 1.44969e-05
 1.13121e-05
 1.11682e-05
 9.21263e-06
 9.08955e-06
