4.94182e-05
5.70576e-06
8.45206e-06
2.30778e-06
3.25179e-06
1.22763e-06
1.66672e-06
7.54918e-07
9.95661e-07
5.08226e-07
6.54803e-07
1.43541e-14
3.87593e-05
5.63531e-06
 1.7992e-05
4.13663e-06
1.06041e-05
3.04028e-06
7.06967e-06
2.32028e-06
5.08497e-06
1.83174e-06
3.85125e-06
  0.0099999
 0.00333323
 0.00333323
  0.0019999
  0.0019999
 0.00142847
 0.00142847
 0.00111101
 0.00111101
0.000908991
0.000908991
  0.0099999
          1
0.000119377
3.54447e-05
3.57036e-05
2.07465e-05
2.06273e-05
 1.4638e-05
1.44877e-05
1.13051e-05
1.11716e-05
9.20867e-06
9.09656e-06
