4.42483e-06
 1.2632e-06
1.21034e-06
6.41882e-07
6.21324e-07
3.99796e-07
3.89492e-07
2.76509e-07
2.70588e-07
2.04062e-07
 2.0035e-07
1.57456e-07
1.54982e-07
1.25526e-07
  1.238e-07
1.02607e-07
 1.0136e-07
8.55557e-08
8.46279e-08
7.25005e-08
7.17942e-08
6.22686e-08
6.17203e-08
5.40914e-08
5.36586e-08
4.74475e-08
4.71009e-08
4.19722e-08
4.16912e-08
3.74041e-08
3.71738e-08
3.35515e-08
3.33608e-08
3.02711e-08
3.01119e-08
2.74541e-08
2.73201e-08
2.50164e-08
2.49028e-08
2.28924e-08
2.27955e-08
  2.103e-08
2.09469e-08
1.93878e-08
1.93161e-08
1.79321e-08
1.78699e-08
1.66356e-08
1.65814e-08
1.54756e-08
1.54283e-08
1.44337e-08
1.43922e-08
1.34942e-08
1.34576e-08
 1.2644e-08
1.26117e-08
1.18722e-08
1.18435e-08
1.11693e-08
1.11438e-08
1.05274e-08
1.05046e-08
9.93945e-09
9.91914e-09
9.39968e-09
9.38148e-09
 8.9029e-09
8.88656e-09
8.44465e-09
8.42995e-09
8.02103e-09
8.00778e-09
7.62863e-09
7.61666e-09
7.26444e-09
7.25361e-09
6.92581e-09
  6.916e-09
 6.6104e-09
6.60149e-09
6.31612e-09
6.30802e-09
6.04112e-09
6.03376e-09
5.78376e-09
5.77705e-09
5.54254e-09
5.53642e-09
5.31615e-09
5.31056e-09
5.10339e-09
5.09827e-09
4.90318e-09
 4.8985e-09
4.71455e-09
4.71026e-09
4.53663e-09
 4.5327e-09
4.36862e-09
4.36501e-09
2.83955e-13
1.17976e-06
5.61333e-07
8.20959e-07
5.05059e-07
6.25279e-07
 4.2924e-07
 5.0073e-07
3.66066e-07
4.14419e-07
3.15825e-07
3.51191e-07
2.75741e-07
3.02999e-07
 2.4334e-07
2.65148e-07
2.16768e-07
2.34708e-07
1.94677e-07
2.09757e-07
1.76082e-07
1.88977e-07
1.60257e-07
1.71438e-07
1.46656e-07
1.56464e-07
1.34864e-07
1.43553e-07
1.24561e-07
1.32323e-07
1.15496e-07
 1.2248e-07
 1.0747e-07
1.13793e-07
1.00322e-07
 1.0608e-07
9.39244e-08
9.91927e-08
8.81703e-08
9.30122e-08
8.29727e-08
8.74404e-08
 7.8259e-08
8.23963e-08
7.39683e-08
7.78123e-08
7.00494e-08
7.36315e-08
6.64587e-08
6.98059e-08
6.31589e-08
6.62946e-08
6.01182e-08
6.30626e-08
 5.7309e-08
6.00798e-08
5.47074e-08
5.73201e-08
5.22925e-08
5.47608e-08
5.00463e-08
5.23822e-08
4.79527e-08
 5.0167e-08
4.59976e-08
4.80999e-08
4.41686e-08
4.61674e-08
4.24546e-08
4.43577e-08
4.08458e-08
4.26601e-08
3.93335e-08
4.10652e-08
3.79097e-08
3.95646e-08
3.65674e-08
3.81506e-08
3.53003e-08
3.68165e-08
3.41026e-08
3.55561e-08
3.29692e-08
3.43639e-08
3.18953e-08
3.32348e-08
3.08768e-08
3.21643e-08
2.99096e-08
3.11484e-08
2.89904e-08
3.01831e-08
2.81158e-08
 2.9265e-08
 2.7283e-08
2.83911e-08
2.64891e-08
2.75583e-08
2.57317e-08
2.67642e-08
2.50086e-08
2.60061e-08
  0.0099999
 0.00333323
 0.00333323
  0.0019999
  0.0019999
 0.00142847
 0.00142847
 0.00111101
 0.00111101
0.000908991
0.000908991
0.000769131
0.000769131
0.000666567
0.000666567
0.000588135
0.000588135
0.000526216
0.000526216
 0.00047609
 0.00047609
0.000434683
0.000434683
  0.0003999
  0.0003999
 0.00037027
 0.00037027
0.000344728
0.000344728
0.000322481
0.000322481
 0.00030293
 0.00030293
0.000285614
0.000285614
 0.00027017
 0.00027017
 0.00025631
 0.00025631
0.000243802
0.000243802
0.000232458
0.000232458
0.000222122
0.000222122
0.000212666
0.000212666
0.000203982
0.000203982
0.000195978
0.000195978
0.000188579
0.000188579
0.000181718
0.000181718
0.000175339
0.000175339
0.000169392
0.000169392
0.000163834
0.000163834
 0.00015863
 0.00015863
0.000153746
0.000153746
0.000149154
0.000149154
0.000144828
0.000144828
0.000140745
0.000140745
0.000136886
0.000136886
0.000133233
0.000133233
 0.00012977
 0.00012977
0.000126482
0.000126482
0.000123357
0.000123357
0.000120382
0.000120382
0.000117547
0.000117547
0.000114843
0.000114843
 0.00011226
 0.00011226
 0.00010979
 0.00010979
0.000107427
0.000107427
0.000105163
0.000105163
0.000102993
0.000102993
 0.00010091
 0.00010091
9.89099e-05
9.89099e-05
  0.0099999
          1
0.000100587
 3.3542e-05
3.34818e-05
2.00941e-05
2.00695e-05
1.43387e-05
1.43254e-05
1.11446e-05
1.11363e-05
9.11362e-06
  9.108e-06
7.70848e-06
 7.7044e-06
6.67858e-06
6.67549e-06
5.89135e-06
5.88893e-06
5.27009e-06
5.26814e-06
4.76731e-06
4.76571e-06
4.35209e-06
4.35074e-06
4.00338e-06
4.00223e-06
3.70639e-06
3.70541e-06
3.45042e-06
3.44955e-06
 3.2275e-06
3.22674e-06
3.03163e-06
3.03096e-06
2.85817e-06
2.85757e-06
2.70348e-06
2.70294e-06
2.56467e-06
2.56418e-06
2.43941e-06
2.43897e-06
2.32582e-06
2.32542e-06
2.22233e-06
2.22196e-06
2.12765e-06
2.12731e-06
2.04071e-06
 2.0404e-06
1.96059e-06
 1.9603e-06
1.88652e-06
1.88625e-06
1.81785e-06
 1.8176e-06
1.75399e-06
1.75376e-06
1.69447e-06
1.69425e-06
1.63885e-06
1.63864e-06
1.58677e-06
1.58657e-06
1.53789e-06
1.53771e-06
1.49193e-06
1.49176e-06
1.44864e-06
1.44848e-06
1.40779e-06
1.40763e-06
1.36917e-06
1.36903e-06
1.33262e-06
1.33248e-06
1.29797e-06
1.29784e-06
1.26507e-06
1.26495e-06
 1.2338e-06
1.23368e-06
1.20403e-06
1.20392e-06
1.17567e-06
1.17556e-06
1.14861e-06
1.14851e-06
1.12277e-06
1.12267e-06
1.09806e-06
1.09797e-06
1.07442e-06
1.07433e-06
1.05178e-06
1.05169e-06
1.03006e-06
1.02998e-06
1.00923e-06
1.00915e-06
9.89217e-07
9.89139e-07
