4.42483e-06
 1.2632e-06
1.21034e-06
6.41881e-07
6.21324e-07
3.99796e-07
3.89493e-07
2.76509e-07
2.70589e-07
2.04062e-07
 2.0035e-07
1.57456e-07
1.54982e-07
1.25526e-07
  1.238e-07
1.02607e-07
 1.0136e-07
8.55557e-08
8.46279e-08
7.25005e-08
7.17942e-08
9.36732e-15
1.17976e-06
5.61334e-07
8.20959e-07
5.05058e-07
6.25279e-07
 4.2924e-07
 5.0073e-07
3.66066e-07
4.14419e-07
3.15825e-07
3.51192e-07
2.75741e-07
3.02999e-07
 2.4334e-07
2.65148e-07
2.16768e-07
2.34708e-07
1.94677e-07
2.09757e-07
1.76082e-07
1.88977e-07
  0.0099999
 0.00333323
 0.00333323
  0.0019999
  0.0019999
 0.00142847
 0.00142847
 0.00111101
 0.00111101
0.000908991
0.000908991
0.000769131
0.000769131
0.000666567
0.000666567
0.000588135
0.000588135
0.000526216
0.000526216
 0.00047609
 0.00047609
  0.0099999
          1
0.000100587
 3.3542e-05
3.34818e-05
2.00941e-05
2.00695e-05
1.43387e-05
1.43254e-05
1.11446e-05
1.11363e-05
9.11362e-06
  9.108e-06
7.70848e-06
7.70441e-06
6.67858e-06
6.67549e-06
5.89135e-06
5.88893e-06
5.27009e-06
5.26814e-06
4.76731e-06
4.76571e-06
