 4.92759e-07
 1.61118e-07
 1.59669e-07
 9.40438e-08
 9.32413e-08
 6.54241e-08
 6.48927e-08
  4.9611e-08
 4.92265e-08
 3.96117e-08
 3.93179e-08
  3.2737e-08
 3.25043e-08
 2.77333e-08
 2.75438e-08
 2.39369e-08
 2.37796e-08
 2.09644e-08
 2.08315e-08
 1.85782e-08
 1.84645e-08
 1.66241e-08
 1.65258e-08
 1.49971e-08
 1.49113e-08
 1.36234e-08
 1.35479e-08
 1.24498e-08
 1.23829e-08
 1.14369e-08
 1.13772e-08
 1.05548e-08
 1.05014e-08
 9.78069e-09
 9.73252e-09
 9.09653e-09
 9.05294e-09
 8.48814e-09
 8.44853e-09
 7.94409e-09
 7.90797e-09
 7.45513e-09
 7.42208e-09
 7.01366e-09
 6.98333e-09
  6.6134e-09
 6.58548e-09
 6.24911e-09
 6.22335e-09
 5.91638e-09
 5.89255e-09
  5.6115e-09
  5.5894e-09
 5.33129e-09
 5.31075e-09
 5.07302e-09
  5.0539e-09
 4.83436e-09
 4.81653e-09
 4.61329e-09
 4.59661e-09
 4.40802e-09
 4.39242e-09
 4.21704e-09
  4.2024e-09
 4.03898e-09
 4.02524e-09
 3.87265e-09
 3.85973e-09
   3.717e-09
 3.70484e-09
 3.57111e-09
 3.55963e-09
 3.43413e-09
  3.4233e-09
 3.30533e-09
 3.29509e-09
 3.18404e-09
 3.17435e-09
 3.06967e-09
 3.06049e-09
 2.96168e-09
 2.95298e-09
 2.85959e-09
 2.85132e-09
 2.76295e-09
  2.7551e-09
 2.67138e-09
 2.66392e-09
 2.58452e-09
 2.57741e-09
 2.50202e-09
 2.49526e-09
 2.42361e-09
 2.41716e-09
   2.349e-09
 2.34284e-09
 2.27794e-09
 2.27206e-09
  2.2102e-09
 2.20458e-09
-1.35912e-13
 1.87353e-08
 1.19115e-08
 1.75766e-08
 1.34471e-08
 1.65615e-08
 1.36074e-08
 1.56621e-08
 1.33717e-08
 1.48579e-08
  1.2996e-08
 1.41336e-08
 1.25715e-08
 1.34763e-08
 1.21365e-08
 1.28769e-08
 1.17083e-08
 1.23276e-08
 1.12951e-08
 1.18219e-08
 1.09001e-08
 1.13548e-08
 1.05247e-08
 1.09217e-08
 1.01689e-08
  1.0519e-08
 9.83191e-09
 1.01435e-08
 9.51301e-09
 9.79233e-09
 9.21119e-09
 9.46326e-09
 8.92537e-09
  9.1542e-09
 8.65452e-09
 8.86335e-09
 8.39763e-09
 8.58911e-09
 8.15377e-09
  8.3301e-09
 7.92205e-09
 8.08505e-09
 7.70164e-09
 7.85287e-09
 7.49179e-09
 7.63256e-09
 7.29181e-09
 7.42323e-09
 7.10104e-09
 7.22408e-09
 6.91889e-09
 7.03437e-09
 6.74481e-09
 6.85346e-09
  6.5783e-09
 6.68075e-09
 6.41889e-09
  6.5157e-09
 6.26616e-09
 6.35781e-09
 6.11971e-09
 6.20663e-09
 5.97916e-09
 6.06174e-09
 5.84418e-09
 5.92277e-09
 5.71446e-09
 5.78936e-09
 5.58971e-09
 5.66118e-09
 5.46965e-09
 5.53795e-09
 5.35402e-09
 5.41938e-09
 5.24261e-09
 5.30522e-09
 5.13518e-09
 5.19524e-09
 5.03153e-09
  5.0892e-09
 4.93148e-09
 4.98691e-09
 4.83485e-09
 4.88817e-09
 4.74146e-09
 4.79281e-09
 4.65116e-09
 4.70066e-09
 4.56381e-09
 4.61156e-09
 4.47927e-09
 4.52537e-09
 4.39741e-09
 4.44196e-09
 4.31811e-09
 4.36118e-09
 4.24125e-09
 4.28293e-09
 4.16672e-09
 4.20708e-09
 4.09443e-09
 4.13354e-09
   0.0099999
  0.00333323
  0.00333323
   0.0019999
   0.0019999
  0.00142847
  0.00142847
  0.00111101
  0.00111101
 0.000908991
 0.000908991
 0.000769131
 0.000769131
 0.000666567
 0.000666567
 0.000588135
 0.000588135
 0.000526216
 0.000526216
  0.00047609
  0.00047609
 0.000434683
 0.000434683
   0.0003999
   0.0003999
  0.00037027
  0.00037027
 0.000344728
 0.000344728
 0.000322481
 0.000322481
  0.00030293
  0.00030293
 0.000285614
 0.000285614
  0.00027017
  0.00027017
  0.00025631
  0.00025631
 0.000243802
 0.000243802
 0.000232458
 0.000232458
 0.000222122
 0.000222122
 0.000212666
 0.000212666
 0.000203982
 0.000203982
 0.000195978
 0.000195978
 0.000188579
 0.000188579
 0.000181718
 0.000181718
 0.000175339
 0.000175339
 0.000169392
 0.000169392
 0.000163834
 0.000163834
  0.00015863
  0.00015863
 0.000153746
 0.000153746
 0.000149154
 0.000149154
 0.000144828
 0.000144828
 0.000140745
 0.000140745
 0.000136886
 0.000136886
 0.000133233
 0.000133233
  0.00012977
  0.00012977
 0.000126482
 0.000126482
 0.000123357
 0.000123357
 0.000120382
 0.000120382
 0.000117547
 0.000117547
 0.000114843
 0.000114843
  0.00011226
  0.00011226
  0.00010979
  0.00010979
 0.000107427
 0.000107427
 0.000105163
 0.000105163
 0.000102993
 0.000102993
  0.00010091
  0.00010091
 9.89099e-05
 9.89099e-05
   0.0099999
           1
 0.000100006
  3.3336e-05
 3.33353e-05
 2.00011e-05
 2.00008e-05
 1.42862e-05
  1.4286e-05
 1.11112e-05
 1.11111e-05
 9.09075e-06
 9.09066e-06
 7.69199e-06
 7.69192e-06
 6.66622e-06
 6.66617e-06
 5.88182e-06
 5.88178e-06
 5.26255e-06
 5.26252e-06
 4.76125e-06
 4.76122e-06
 4.34712e-06
  4.3471e-06
 3.99926e-06
 3.99924e-06
 3.70293e-06
 3.70291e-06
 3.44748e-06
 3.44746e-06
 3.22499e-06
 3.22497e-06
 3.02946e-06
 3.02945e-06
 2.85629e-06
 2.85628e-06
 2.70183e-06
 2.70182e-06
 2.56322e-06
 2.56321e-06
 2.43813e-06
 2.43812e-06
 2.32468e-06
 2.32467e-06
 2.22131e-06
  2.2213e-06
 2.12674e-06
 2.12673e-06
 2.03989e-06
 2.03988e-06
 1.95985e-06
 1.95985e-06
 1.88585e-06
 1.88585e-06
 1.81724e-06
 1.81723e-06
 1.75344e-06
 1.75343e-06
 1.69396e-06
 1.69396e-06
 1.63839e-06
 1.63838e-06
 1.58634e-06
 1.58634e-06
  1.5375e-06
  1.5375e-06
 1.49157e-06
 1.49157e-06
 1.44831e-06
  1.4483e-06
 1.40748e-06
 1.40748e-06
 1.36889e-06
 1.36889e-06
 1.33236e-06
 1.33236e-06
 1.29772e-06
 1.29772e-06
 1.26484e-06
 1.26484e-06
 1.23359e-06
 1.23359e-06
 1.20384e-06
 1.20384e-06
 1.17549e-06
 1.17549e-06
 1.14844e-06
 1.14844e-06
 1.12261e-06
 1.12261e-06
 1.09791e-06
 1.09791e-06
 1.07428e-06
 1.07428e-06
 1.05164e-06
 1.05164e-06
 1.02994e-06
 1.02994e-06
 1.00911e-06
 1.00911e-06
 9.89107e-07
 9.89106e-07
