4.92759e-07
1.61118e-07
1.59669e-07
9.40437e-08
9.32414e-08
 6.5424e-08
6.48928e-08
 4.9611e-08
4.92266e-08
3.96116e-08
3.93179e-08
 4.7887e-16
1.87351e-08
1.19117e-08
1.75764e-08
1.34472e-08
1.65615e-08
1.36073e-08
1.56623e-08
1.33716e-08
1.48582e-08
1.29958e-08
1.41336e-08
  0.0099999
 0.00333323
 0.00333323
  0.0019999
  0.0019999
 0.00142847
 0.00142847
 0.00111101
 0.00111101
0.000908991
0.000908991
  0.0099999
          1
0.000100006
 3.3336e-05
3.33353e-05
2.00011e-05
2.00008e-05
1.42862e-05
 1.4286e-05
1.11112e-05
1.11111e-05
9.09075e-06
9.09066e-06
