5.24033e-05
6.05482e-06
8.89018e-06
2.42724e-06
3.40045e-06
1.28299e-06
1.73515e-06
7.85186e-07
1.03286e-06
 5.2661e-07
6.77291e-07
3.76091e-07
 4.7472e-07
2.81193e-07
3.49337e-07
2.17714e-07
2.66798e-07
1.73265e-07
2.09811e-07
1.40989e-07
1.68943e-07
1.16846e-07
1.38713e-07
9.83367e-08
1.15769e-07
8.38474e-08
9.79709e-08
7.23016e-08
8.39059e-08
6.29584e-08
7.26104e-08
5.52952e-08
6.34105e-08
4.89348e-08
 5.5824e-08
   4.36e-08
4.94986e-08
3.90829e-08
4.41727e-08
3.52257e-08
3.96483e-08
3.19068e-08
3.57742e-08
 2.9031e-08
3.24326e-08
2.65235e-08
2.95312e-08
2.43242e-08
2.69968e-08
2.23849e-08
2.47705e-08
2.06665e-08
2.28048e-08
1.91369e-08
 2.1061e-08
1.77696e-08
1.95072e-08
1.65424e-08
1.81169e-08
1.54371e-08
1.68683e-08
 1.4438e-08
1.57429e-08
1.35321e-08
1.47251e-08
1.27081e-08
1.38017e-08
1.19567e-08
1.29615e-08
1.12694e-08
1.21949e-08
1.06393e-08
1.14937e-08
1.00602e-08
1.08505e-08
9.52677e-09
1.02593e-08
9.03439e-09
9.71463e-09
8.57894e-09
9.21176e-09
8.15686e-09
8.74657e-09
7.76496e-09
8.31539e-09
7.40046e-09
7.91503e-09
7.06086e-09
7.54263e-09
6.74396e-09
7.19566e-09
 6.4478e-09
6.87188e-09
 6.1706e-09
6.56927e-09
5.91079e-09
6.28605e-09
5.66696e-09
 6.0206e-09
5.43782e-09
5.77095e-09
 2.0897e-06
4.19048e-05
6.56949e-06
1.93756e-05
4.66737e-06
1.13865e-05
 3.3834e-06
7.57407e-06
 2.5607e-06
5.43767e-06
2.00975e-06
4.11196e-06
1.62345e-06
3.22889e-06
1.34189e-06
2.60911e-06
1.12999e-06
2.15628e-06
9.66263e-07
1.81471e-06
8.36926e-07
1.55029e-06
7.32837e-07
1.34114e-06
6.47722e-07
1.17268e-06
5.77156e-07
1.03486e-06
5.17945e-07
9.20591e-07
4.67736e-07
8.24727e-07
4.24758e-07
7.43469e-07
3.87662e-07
6.73955e-07
3.55402e-07
6.13999e-07
3.27157e-07
5.61903e-07
3.02274e-07
5.16332e-07
2.80232e-07
4.76228e-07
2.60604e-07
4.40739e-07
2.43045e-07
4.09173e-07
2.27268e-07
3.80965e-07
2.13035e-07
 3.5565e-07
2.00148e-07
 3.3284e-07
1.88438e-07
3.12211e-07
1.77765e-07
 2.9349e-07
1.68006e-07
2.76445e-07
1.59059e-07
 2.6088e-07
1.50833e-07
2.46626e-07
1.43253e-07
2.33538e-07
1.36251e-07
2.21491e-07
1.29768e-07
2.10376e-07
1.23754e-07
2.00097e-07
1.18163e-07
1.90572e-07
1.12957e-07
1.81728e-07
1.08099e-07
1.73501e-07
1.03559e-07
1.65834e-07
9.93096e-08
1.58676e-07
9.53256e-08
1.51984e-07
9.15851e-08
1.45716e-07
8.80682e-08
1.39838e-07
8.47572e-08
1.34317e-07
 8.1636e-08
1.29124e-07
7.86901e-08
1.24234e-07
7.59063e-08
1.19624e-07
7.32729e-08
1.15272e-07
7.07789e-08
1.11158e-07
6.84509e-08
1.07228e-07
  0.0096668
 0.00333102
  0.0032666
 0.00199895
 0.00197134
 0.00142794
  0.0014126
 0.00111068
 0.00110091
0.000908759
   0.000902
0.000768961
0.000764004
0.000666437
0.000662646
0.000588033
 0.00058504
0.000526133
 0.00052371
0.000476022
0.000474021
0.000434625
0.000432944
0.000399851
0.000398419
0.000370228
0.000368994
0.000344691
0.000343616
0.000322448
0.000321504
0.000302902
0.000302065
0.000285589
0.000284842
0.000270147
0.000269478
 0.00025629
0.000255685
0.000243784
0.000243236
0.000232441
0.000231942
0.000222107
 0.00022165
0.000212652
0.000212232
0.000203969
0.000203582
0.000195966
0.000195609
0.000188568
0.000188236
0.000181708
0.000181399
0.000175329
0.000175041
0.000169382
0.000169114
0.000163826
0.000163574
0.000158622
0.000158386
0.000153739
0.000153517
0.000149147
0.000148938
0.000144821
0.000144624
0.000140739
0.000140552
 0.00013688
0.000136704
0.000133228
 0.00013306
0.000129765
0.000129606
0.000126477
0.000126326
0.000123352
0.000123208
0.000120377
 0.00012024
0.000117543
0.000117412
0.000114838
0.000114714
0.000112256
0.000112136
0.000109786
0.000109672
0.000107423
0.000107314
 0.00010516
0.000105055
0.000102989
0.000102889
0.000100907
 0.00010081
9.89068e-05
9.88122e-05
 0.00999969
          1
0.000117562
3.55364e-05
3.52025e-05
2.07624e-05
2.03782e-05
1.46383e-05
1.43368e-05
1.13015e-05
1.10699e-05
9.20416e-06
9.02323e-06
7.76426e-06
7.61983e-06
6.71459e-06
6.59695e-06
5.91538e-06
5.81786e-06
5.28651e-06
5.20442e-06
4.77873e-06
 4.7087e-06
 4.3601e-06
4.29969e-06
4.00902e-06
3.95638e-06
3.71035e-06
3.66408e-06
3.45316e-06
3.41217e-06
3.22935e-06
 3.1928e-06
3.03283e-06
3.00002e-06
2.85887e-06
2.82927e-06
2.70381e-06
2.67697e-06
2.56472e-06
2.54027e-06
2.43925e-06
2.41689e-06
 2.3255e-06
2.30496e-06
2.22189e-06
2.20296e-06
2.12712e-06
2.10963e-06
2.04011e-06
2.02389e-06
1.95995e-06
1.94487e-06
1.88584e-06
1.87179e-06
1.81714e-06
1.80401e-06
1.75327e-06
1.74098e-06
1.69374e-06
1.68221e-06
1.63812e-06
1.62728e-06
1.58604e-06
1.57582e-06
1.53717e-06
1.52753e-06
1.49122e-06
 1.4821e-06
1.44793e-06
1.43931e-06
1.40709e-06
1.39892e-06
1.36849e-06
1.36073e-06
1.33195e-06
1.32457e-06
1.29731e-06
1.29029e-06
1.26443e-06
1.25774e-06
1.23317e-06
1.22679e-06
1.20342e-06
1.19732e-06
1.17507e-06
1.16924e-06
1.14802e-06
1.14245e-06
 1.1222e-06
1.11686e-06
 1.0975e-06
1.09238e-06
1.07387e-06
1.06896e-06
1.05124e-06
1.04652e-06
1.02954e-06
1.02501e-06
1.00872e-06
1.00436e-06
9.88721e-07
9.84508e-07
