4.72173e-05
   5.83e-06
8.14319e-06
2.35062e-06
3.15014e-06
1.24759e-06
1.62096e-06
7.65884e-07
9.71215e-07
 5.1491e-07
6.40229e-07
3.68458e-07
4.50702e-07
2.75934e-07
3.32883e-07
2.13935e-07
2.55034e-07
1.70458e-07
2.01109e-07
1.38846e-07
1.62325e-07
1.15173e-07
1.33563e-07
9.70051e-08
1.11682e-07
8.27702e-08
 9.4674e-08
7.14178e-08
8.12076e-08
6.22243e-08
 7.0374e-08
5.46787e-08
6.15363e-08
4.84121e-08
5.42378e-08
4.31528e-08
4.81443e-08
3.86975e-08
4.30071e-08
3.48912e-08
 3.8638e-08
3.16145e-08
3.48927e-08
2.87742e-08
 3.1659e-08
2.62965e-08
2.88486e-08
2.41226e-08
2.63914e-08
2.22052e-08
2.42311e-08
2.05056e-08
2.23222e-08
1.89922e-08
2.06274e-08
1.76389e-08
1.91162e-08
1.64241e-08
1.77632e-08
1.53296e-08
1.65472e-08
1.43401e-08
1.54505e-08
1.34426e-08
1.44581e-08
1.26262e-08
1.35573e-08
1.18814e-08
1.27372e-08
1.12001e-08
1.19886e-08
1.05753e-08
1.13034e-08
 1.0001e-08
1.06747e-08
9.47199e-09
1.00965e-08
8.98353e-09
9.56358e-09
8.53166e-09
9.07138e-09
8.11281e-09
8.61586e-09
7.72386e-09
 8.1935e-09
7.36205e-09
7.80118e-09
7.02492e-09
7.43612e-09
6.71028e-09
7.09588e-09
6.41618e-09
6.77827e-09
6.14089e-09
6.48134e-09
5.88284e-09
6.20334e-09
5.64062e-09
5.94271e-09
5.41298e-09
5.69756e-09
1.84954e-06
 3.7097e-05
 6.2183e-06
1.72977e-05
4.44103e-06
1.02255e-05
3.22979e-06
 6.8321e-06
2.45028e-06
4.92233e-06
 1.9267e-06
3.73306e-06
1.55877e-06
2.93853e-06
1.29009e-06
2.37947e-06
1.08758e-06
 1.9701e-06
9.30899e-07
1.66071e-06
8.06988e-07
1.42078e-06
7.07163e-07
 1.2307e-06
6.25461e-07
1.07739e-06
5.57668e-07
9.51797e-07
5.00743e-07
8.47542e-07
4.52439e-07
7.59983e-07
4.11066e-07
6.85689e-07
3.75334e-07
6.22073e-07
3.44244e-07
5.67155e-07
3.17009e-07
5.19396e-07
2.93006e-07
4.77587e-07
2.71732e-07
4.40766e-07
2.52782e-07
4.08158e-07
2.35822e-07
3.79137e-07
2.20578e-07
3.53187e-07
2.06821e-07
3.29884e-07
 1.9436e-07
3.08875e-07
1.83035e-07
2.89864e-07
1.72709e-07
2.72603e-07
1.63265e-07
2.56879e-07
1.54603e-07
2.42514e-07
1.46639e-07
2.29353e-07
1.39297e-07
2.17263e-07
1.32514e-07
2.06129e-07
1.26232e-07
1.95853e-07
1.20404e-07
1.86346e-07
1.14984e-07
1.77533e-07
1.09936e-07
1.69347e-07
1.05225e-07
 1.6173e-07
1.00821e-07
1.54628e-07
9.66986e-08
1.47996e-07
9.28328e-08
1.41793e-07
8.92026e-08
1.35982e-07
8.57889e-08
 1.3053e-07
8.25744e-08
1.25408e-07
7.95438e-08
 1.2059e-07
7.66829e-08
1.16051e-07
7.39792e-08
 1.1177e-07
 7.1421e-08
1.07728e-07
6.89979e-08
1.03907e-07
6.67319e-08
1.00257e-07
  0.0096668
 0.00333102
  0.0032666
 0.00199895
 0.00197134
 0.00142794
  0.0014126
 0.00111068
 0.00110091
0.000908759
   0.000902
0.000768961
0.000764004
0.000666437
0.000662646
0.000588033
 0.00058504
0.000526133
 0.00052371
0.000476022
0.000474021
0.000434625
0.000432944
0.000399851
0.000398419
0.000370228
0.000368994
0.000344691
0.000343616
0.000322448
0.000321504
0.000302902
0.000302065
0.000285589
0.000284842
0.000270147
0.000269478
 0.00025629
0.000255685
0.000243784
0.000243236
0.000232441
0.000231942
0.000222107
 0.00022165
0.000212652
0.000212232
0.000203969
0.000203582
0.000195966
0.000195609
0.000188568
0.000188236
0.000181708
0.000181399
0.000175329
0.000175041
0.000169382
0.000169114
0.000163826
0.000163574
0.000158622
0.000158386
0.000153739
0.000153517
0.000149147
0.000148938
0.000144821
0.000144624
0.000140739
0.000140552
 0.00013688
0.000136704
0.000133228
 0.00013306
0.000129765
0.000129606
0.000126477
0.000126326
0.000123352
0.000123208
0.000120377
 0.00012024
0.000117543
0.000117412
0.000114838
0.000114714
0.000112256
0.000112136
0.000109786
0.000109672
0.000107423
0.000107314
 0.00010516
0.000105055
0.000102989
0.000102889
0.000100907
 0.00010081
9.89068e-05
9.88122e-05
 0.00999972
          1
0.000115162
3.54312e-05
3.49527e-05
2.07301e-05
2.03266e-05
1.46249e-05
1.43279e-05
 1.1295e-05
1.10729e-05
9.20075e-06
9.02981e-06
7.76236e-06
7.62717e-06
 6.7135e-06
6.60408e-06
5.91477e-06
5.82447e-06
5.28617e-06
5.21042e-06
4.77856e-06
4.71412e-06
4.36004e-06
4.30457e-06
4.00903e-06
3.96078e-06
 3.7104e-06
3.66805e-06
3.45323e-06
3.41577e-06
3.22945e-06
3.19607e-06
3.03293e-06
  3.003e-06
2.85899e-06
  2.832e-06
2.70393e-06
2.67947e-06
2.56484e-06
2.54258e-06
2.43937e-06
2.41901e-06
2.32561e-06
2.30693e-06
  2.222e-06
2.20479e-06
2.12723e-06
2.11133e-06
2.04022e-06
2.02548e-06
1.96005e-06
1.94635e-06
1.88594e-06
1.87318e-06
1.81724e-06
1.80532e-06
1.75336e-06
1.74221e-06
1.69383e-06
1.68336e-06
 1.6382e-06
1.62837e-06
1.58612e-06
1.57685e-06
1.53724e-06
 1.5285e-06
1.49129e-06
1.48303e-06
  1.448e-06
1.44019e-06
1.40716e-06
1.39975e-06
1.36856e-06
1.36152e-06
1.33201e-06
1.32533e-06
1.29737e-06
1.29101e-06
1.26449e-06
1.25843e-06
1.23323e-06
1.22745e-06
1.20347e-06
1.19796e-06
1.17512e-06
1.16985e-06
1.14808e-06
1.14303e-06
1.12225e-06
1.11741e-06
1.09755e-06
1.09292e-06
1.07392e-06
1.06948e-06
1.05129e-06
1.04702e-06
1.02958e-06
1.02548e-06
1.00876e-06
1.00481e-06
9.88762e-07
9.84949e-07
