4.72173e-05
   5.83e-06
8.14319e-06
2.35062e-06
3.15014e-06
1.24759e-06
1.62096e-06
7.65883e-07
9.71209e-07
5.15161e-07
 6.3774e-07
1.84954e-06
 3.7097e-05
 6.2183e-06
1.72977e-05
4.44102e-06
1.02255e-05
3.22979e-06
 6.8321e-06
2.45028e-06
4.92218e-06
1.94225e-06
3.71489e-06
  0.0096668
 0.00333102
  0.0032666
 0.00199895
 0.00197134
 0.00142794
  0.0014126
 0.00111068
 0.00110091
0.000908771
0.000900803
 0.00999972
          1
0.000115162
3.54312e-05
3.49527e-05
2.07301e-05
2.03266e-05
1.46249e-05
1.43279e-05
 1.1295e-05
1.10729e-05
 9.2024e-06
9.01692e-06
