4.76188e-07
1.60939e-07
1.56389e-07
9.39587e-08
9.18511e-08
6.53728e-08
 6.4129e-08
4.95766e-08
4.87461e-08
3.95864e-08
 3.8989e-08
3.27178e-08
3.22658e-08
2.77182e-08
2.73635e-08
2.39246e-08
2.36388e-08
2.09542e-08
2.07189e-08
1.85697e-08
1.83727e-08
1.66169e-08
1.64495e-08
1.49907e-08
1.48469e-08
1.36179e-08
 1.3493e-08
 1.2445e-08
1.23356e-08
1.14326e-08
1.13361e-08
 1.0551e-08
1.04653e-08
 9.7773e-09
9.70073e-09
9.09348e-09
9.02471e-09
8.48538e-09
8.42332e-09
7.94159e-09
7.88534e-09
7.45285e-09
7.40167e-09
7.01158e-09
6.96484e-09
6.61149e-09
6.56867e-09
6.24736e-09
6.20801e-09
5.91477e-09
5.87851e-09
5.61001e-09
5.57651e-09
 5.3299e-09
5.29887e-09
5.07174e-09
5.04293e-09
4.83317e-09
4.80637e-09
4.61217e-09
4.58719e-09
4.40698e-09
4.38365e-09
4.21606e-09
4.19424e-09
4.03806e-09
4.01761e-09
3.87179e-09
 3.8526e-09
 3.7162e-09
3.69815e-09
3.57035e-09
3.55336e-09
3.43341e-09
 3.4174e-09
3.30465e-09
3.28954e-09
 3.1834e-09
3.16912e-09
3.06906e-09
3.05555e-09
2.96111e-09
2.94831e-09
2.85904e-09
2.84691e-09
2.76244e-09
2.75092e-09
2.67089e-09
2.65995e-09
2.58405e-09
2.57365e-09
2.50158e-09
2.49168e-09
2.42319e-09
2.41375e-09
2.34859e-09
 2.3396e-09
2.27755e-09
2.26897e-09
2.20983e-09
2.20158e-09
9.05832e-10
1.83947e-08
1.21811e-08
1.73703e-08
 1.3594e-08
1.64137e-08
1.37038e-08
1.55482e-08
1.34409e-08
1.47653e-08
1.30484e-08
1.40555e-08
1.26132e-08
1.34095e-08
1.21706e-08
1.28184e-08
1.17367e-08
 1.2276e-08
 1.1319e-08
1.17759e-08
1.09209e-08
1.13133e-08
1.05428e-08
1.08841e-08
1.01847e-08
1.04846e-08
9.84595e-09
1.01119e-08
9.52563e-09
9.76328e-09
 9.2225e-09
9.43638e-09
8.93561e-09
9.12923e-09
8.66386e-09
8.84008e-09
8.40618e-09
8.56736e-09
8.16163e-09
8.30971e-09
7.92931e-09
 8.0659e-09
7.70836e-09
7.83484e-09
7.49805e-09
7.61554e-09
7.29764e-09
7.40713e-09
7.10649e-09
7.20883e-09
  6.924e-09
 7.0199e-09
6.74962e-09
6.83972e-09
6.58283e-09
6.66767e-09
6.42317e-09
6.50323e-09
6.27021e-09
6.34592e-09
6.12354e-09
6.19527e-09
 5.9828e-09
6.05087e-09
5.84765e-09
5.91236e-09
5.71776e-09
5.77938e-09
5.59285e-09
5.65161e-09
5.47265e-09
5.52876e-09
 5.3569e-09
5.41055e-09
5.24536e-09
5.29673e-09
5.13782e-09
5.18706e-09
5.03407e-09
5.08132e-09
4.93392e-09
4.97931e-09
4.83719e-09
4.88084e-09
4.74371e-09
4.78573e-09
4.65333e-09
4.69382e-09
4.56591e-09
4.60495e-09
4.48129e-09
4.51898e-09
4.39936e-09
4.43577e-09
4.31999e-09
4.35519e-09
4.24307e-09
4.27712e-09
4.16849e-09
4.20146e-09
4.09618e-09
4.12799e-09
  0.0096668
 0.00333102
  0.0032666
 0.00199895
 0.00197134
 0.00142794
  0.0014126
 0.00111068
 0.00110091
0.000908759
   0.000902
0.000768961
0.000764004
0.000666437
0.000662646
0.000588033
 0.00058504
0.000526133
 0.00052371
0.000476022
0.000474021
0.000434625
0.000432944
0.000399851
0.000398419
0.000370228
0.000368994
0.000344691
0.000343616
0.000322448
0.000321504
0.000302902
0.000302065
0.000285589
0.000284842
0.000270147
0.000269478
 0.00025629
0.000255685
0.000243784
0.000243236
0.000232441
0.000231942
0.000222107
 0.00022165
0.000212652
0.000212232
0.000203969
0.000203582
0.000195966
0.000195609
0.000188568
0.000188236
0.000181708
0.000181399
0.000175329
0.000175041
0.000169382
0.000169114
0.000163826
0.000163574
0.000158622
0.000158386
0.000153739
0.000153517
0.000149147
0.000148938
0.000144821
0.000144624
0.000140739
0.000140552
 0.00013688
0.000136704
0.000133228
 0.00013306
0.000129765
0.000129606
0.000126477
0.000126326
0.000123352
0.000123208
0.000120377
 0.00012024
0.000117543
0.000117412
0.000114838
0.000114714
0.000112256
0.000112136
0.000109786
0.000109672
0.000107423
0.000107314
 0.00010516
0.000105055
0.000102989
0.000102889
0.000100907
 0.00010081
9.89068e-05
9.88122e-05
  0.0099999
          1
9.66752e-05
3.33138e-05
3.26689e-05
1.99916e-05
1.97152e-05
1.42809e-05
1.41273e-05
1.11078e-05
1.10101e-05
9.08843e-06
9.02075e-06
7.69028e-06
7.64065e-06
6.66492e-06
6.62697e-06
5.88079e-06
5.85083e-06
5.26172e-06
5.23747e-06
4.76056e-06
4.74052e-06
4.34655e-06
4.32971e-06
3.99877e-06
3.98443e-06
3.70251e-06
3.69015e-06
3.44711e-06
3.43634e-06
3.22466e-06
 3.2152e-06
3.02918e-06
 3.0208e-06
2.85603e-06
2.84856e-06
 2.7016e-06
 2.6949e-06
2.56301e-06
2.55696e-06
2.43794e-06
2.43245e-06
2.32451e-06
2.31951e-06
2.22115e-06
2.21658e-06
 2.1266e-06
2.12239e-06
2.03976e-06
2.03589e-06
1.95973e-06
1.95615e-06
1.88574e-06
1.88242e-06
1.81713e-06
1.81405e-06
1.75334e-06
1.75046e-06
1.69387e-06
1.69118e-06
 1.6383e-06
1.63578e-06
1.58626e-06
 1.5839e-06
1.53742e-06
 1.5352e-06
 1.4915e-06
1.48941e-06
1.44824e-06
1.44626e-06
1.40742e-06
1.40555e-06
1.36883e-06
1.36706e-06
 1.3323e-06
1.33063e-06
1.29767e-06
1.29608e-06
1.26479e-06
1.26328e-06
1.23354e-06
 1.2321e-06
1.20379e-06
1.20242e-06
1.17544e-06
1.17413e-06
 1.1484e-06
1.14715e-06
1.12257e-06
1.12137e-06
1.09788e-06
1.09673e-06
1.07424e-06
1.07315e-06
1.05161e-06
1.05056e-06
 1.0299e-06
 1.0289e-06
1.00908e-06
1.00811e-06
9.89076e-07
9.88128e-07
