3.12421e-05
6.18197e-06
 5.9333e-06
2.48302e-06
2.43057e-06
1.31295e-06
1.29971e-06
 8.0326e-07
8.00678e-07
5.38398e-07
5.39088e-07
3.84225e-07
3.85887e-07
2.87049e-07
2.88896e-07
2.22074e-07
2.23833e-07
1.76602e-07
1.78179e-07
1.43695e-07
1.43808e-07
1.21881e-05
2.59066e-05
9.24441e-06
 1.2726e-05
6.01075e-06
7.77292e-06
4.21114e-06
5.31285e-06
3.12768e-06
3.89297e-06
 2.4246e-06
2.99145e-06
1.94115e-06
2.37979e-06
1.59346e-06
1.94393e-06
1.33441e-06
1.62138e-06
1.13582e-06
1.37495e-06
9.89068e-07
1.16885e-06
 0.00686964
 0.00313029
 0.00269578
 0.00191239
 0.00172397
 0.00137967
 0.00127421
 0.00107987
 0.00101241
0.000887392
0.000840513
0.000753268
0.000718791
0.000654423
0.000627998
0.000578539
0.000557639
0.000518442
0.000501494
0.000469724
0.000454453
 0.00998771
          1
8.02443e-05
3.32527e-05
2.85093e-05
1.97485e-05
 1.7681e-05
1.40596e-05
1.28951e-05
1.09252e-05
1.01759e-05
8.93894e-06
8.41538e-06
7.56672e-06
7.17985e-06
6.56144e-06
 6.2637e-06
5.79298e-06
5.55663e-06
 5.1863e-06
4.99399e-06
 4.6961e-06
4.52392e-06
