3.12421e-05
6.18197e-06
 5.9333e-06
2.48302e-06
2.43057e-06
1.31295e-06
 1.2997e-06
8.03304e-07
8.00396e-07
5.40321e-07
5.25992e-07
1.21881e-05
2.59066e-05
9.24441e-06
 1.2726e-05
6.01075e-06
7.77292e-06
4.21115e-06
5.31279e-06
3.12819e-06
3.88832e-06
2.47161e-06
2.90923e-06
 0.00686964
 0.00313029
 0.00269578
 0.00191239
 0.00172397
 0.00137967
  0.0012742
 0.00107988
 0.00101233
0.000888118
0.000833247
 0.00998771
          1
8.02443e-05
3.32527e-05
2.85093e-05
1.97485e-05
 1.7681e-05
1.40597e-05
1.28951e-05
1.09255e-05
1.01743e-05
8.95074e-06
8.33974e-06
