 1.5208e-05
 4.0411e-06
3.39797e-06
 1.7368e-06
1.52905e-06
 9.6263e-07
8.70981e-07
6.09949e-07
5.61833e-07
4.20998e-07
3.84804e-07
4.92964e-06
1.06969e-05
4.79772e-06
5.78553e-06
3.32951e-06
3.75751e-06
2.42988e-06
2.68338e-06
1.85941e-06
2.03205e-06
1.48686e-06
1.57306e-06
 0.00686964
 0.00313029
 0.00269578
 0.00191239
 0.00172397
 0.00137967
  0.0012742
 0.00107988
 0.00101233
0.000888118
0.000833247
 0.00999497
          1
7.34229e-05
3.24611e-05
2.77455e-05
1.95364e-05
1.75145e-05
1.39895e-05
1.28645e-05
1.09029e-05
1.01845e-05
8.94355e-06
8.36384e-06
