 1.5208e-05
 4.0411e-06
3.39797e-06
 1.7368e-06
1.52905e-06
 9.6263e-07
8.70984e-07
6.09932e-07
5.61946e-07
4.20124e-07
3.92072e-07
3.06475e-07
2.88757e-07
2.33149e-07
2.21295e-07
1.83144e-07
1.74852e-07
1.47552e-07
1.41539e-07
1.21382e-07
1.16152e-07
4.92964e-06
1.06969e-05
4.79772e-06
5.78553e-06
3.32951e-06
3.75751e-06
2.42988e-06
 2.6834e-06
1.85928e-06
2.03319e-06
1.47528e-06
1.60468e-06
1.20372e-06
1.30501e-06
1.00394e-06
1.08601e-06
8.52226e-07
9.20419e-07
7.34013e-07
7.91651e-07
6.42167e-07
6.84043e-07
 0.00686964
 0.00313029
 0.00269578
 0.00191239
 0.00172397
 0.00137967
 0.00127421
 0.00107987
 0.00101241
0.000887392
0.000840513
0.000753268
0.000718791
0.000654423
0.000627998
0.000578539
0.000557639
0.000518442
0.000501494
0.000469724
0.000454453
 0.00999497
          1
7.34229e-05
3.24611e-05
2.77455e-05
1.95364e-05
1.75145e-05
1.39895e-05
1.28645e-05
1.09028e-05
1.01855e-05
8.93518e-06
8.43766e-06
7.57088e-06
7.20539e-06
6.56898e-06
6.28903e-06
5.80183e-06
5.58049e-06
 5.1955e-06
5.01603e-06
4.70483e-06
4.54387e-06
