2.94183e-06
1.15611e-06
 9.3893e-07
 6.0009e-07
5.14496e-07
3.78524e-07
3.34656e-07
2.64031e-07
2.38126e-07
1.96288e-07
1.77039e-07
3.84098e-07
8.89859e-07
6.14319e-07
6.70654e-07
 5.2083e-07
5.31214e-07
4.35388e-07
 4.3576e-07
3.68854e-07
3.66634e-07
3.17554e-07
3.11442e-07
 0.00686964
 0.00313029
 0.00269578
 0.00191239
 0.00172397
 0.00137967
  0.0012742
 0.00107988
 0.00101233
0.000888118
0.000833247
 0.00999952
          1
6.90809e-05
3.14741e-05
2.70744e-05
1.92039e-05
1.72988e-05
1.38428e-05
1.27776e-05
1.08285e-05
1.01469e-05
8.90172e-06
8.34878e-06
