2.56432e-06
1.57376e-06
1.13363e-06
8.51598e-07
6.70911e-07
5.40872e-07
4.47291e-07
3.75408e-07
3.20304e-07
2.76136e-07
2.40856e-07
2.11708e-07
1.87733e-07
1.67466e-07
1.50424e-07
1.35757e-07
1.23207e-07
1.12251e-07
1.02742e-07
9.43413e-08
8.69653e-08
8.03836e-08
7.45481e-08
6.92961e-08
6.46006e-08
6.03434e-08
5.65097e-08
5.30115e-08
4.98413e-08
4.69323e-08
4.42812e-08
4.18364e-08
3.95973e-08
3.75231e-08
 3.5615e-08
3.38404e-08
3.22014e-08
3.06715e-08
2.92533e-08
2.79252e-08
2.66901e-08
2.55299e-08
2.44477e-08
2.34284e-08
2.24749e-08
2.15746e-08
2.07303e-08
1.99312e-08
1.91802e-08
1.84677e-08
1.77966e-08
1.71588e-08
1.65568e-08
1.59835e-08
1.54414e-08
1.49243e-08
1.44345e-08
1.39664e-08
1.35224e-08
1.30974e-08
1.26936e-08
1.23067e-08
1.19384e-08
 1.1585e-08
1.12483e-08
1.09247e-08
 1.0616e-08
 1.0319e-08
1.00353e-08
 9.7621e-09
9.50078e-09
9.24884e-09
9.00762e-09
8.77482e-09
 8.5517e-09
8.33615e-09
8.12937e-09
7.92942e-09
7.73742e-09
7.55161e-09
7.37302e-09
7.20004e-09
7.03364e-09
6.87234e-09
6.71706e-09
6.56642e-09
6.42129e-09
6.28039e-09
6.14454e-09
6.01257e-09
5.88523e-09
5.76144e-09
5.64192e-09
5.52565e-09
5.41333e-09
5.30399e-09
5.19829e-09
5.09534e-09
4.99575e-09
 4.8989e-09
4.80069e-09
3.43407e-06
3.06746e-06
2.56517e-06
2.21729e-06
1.91601e-06
1.68825e-06
1.49244e-06
1.33711e-06
1.20164e-06
1.09071e-06
9.92476e-07
9.10182e-07
8.36328e-07
7.73378e-07
7.16235e-07
6.66863e-07
6.21605e-07
5.82072e-07
5.45529e-07
5.13317e-07
4.83324e-07
4.56686e-07
4.31724e-07
4.09412e-07
3.88384e-07
3.69485e-07
3.51585e-07
3.35419e-07
3.20038e-07
 3.0609e-07
2.92764e-07
2.80635e-07
2.69005e-07
2.58384e-07
2.48165e-07
2.38807e-07
2.29774e-07
 2.2148e-07
2.13452e-07
2.06064e-07
1.98892e-07
1.92279e-07
1.85844e-07
1.79898e-07
1.74099e-07
1.68732e-07
1.63485e-07
1.58622e-07
1.53859e-07
1.49437e-07
1.45098e-07
1.41064e-07
1.37098e-07
1.33408e-07
1.29773e-07
1.26387e-07
1.23046e-07
1.19931e-07
1.16853e-07
 1.1398e-07
1.11137e-07
1.08481e-07
1.05849e-07
1.03389e-07
1.00947e-07
9.86627e-08
9.63925e-08
9.42677e-08
9.21532e-08
 9.0173e-08
8.81998e-08
8.63511e-08
8.45067e-08
8.27777e-08
8.10509e-08
7.94314e-08
 7.7812e-08
7.62927e-08
7.47719e-08
7.33446e-08
7.19143e-08
7.05714e-08
6.92244e-08
6.79593e-08
6.66891e-08
6.54959e-08
6.42966e-08
6.31697e-08
 6.2036e-08
6.09705e-08
5.98976e-08
5.88891e-08
5.78726e-08
5.69169e-08
5.59529e-08
5.50464e-08
5.41312e-08
5.32704e-08
5.24006e-08
5.15842e-08
5.07206e-08
4.99421e-08
 0.00199909
 0.00160018
 0.00135961
  0.0011842
  0.0010524
 0.00094752
0.000862749
0.000792034
0.000732507
0.000681329
0.000637081
0.000598222
0.000563976
0.000533421
0.000506099
 0.00048142
  0.0004591
0.000438738
0.000420152
0.000403059
0.000387337
 0.00037278
0.000359304
0.000346755
0.000335074
0.000324142
0.000313919
 0.00030431
0.000295286
0.000286772
0.000278748
0.000271152
 0.00026397
 0.00025715
0.000250683
0.000244527
0.000238673
0.000233087
0.000227764
0.000222672
 0.00021781
 0.00021315
0.000208691
0.000204409
0.000200306
0.000196359
0.000192569
0.000188919
0.000185409
0.000182023
0.000178762
0.000175613
0.000172576
 0.00016964
0.000166804
0.000164059
0.000161406
0.000158835
0.000156347
0.000153933
0.000151595
0.000149325
0.000147124
0.000144985
0.000142909
 0.00014089
0.000138929
 0.00013702
0.000135164
0.000133357
0.000131599
0.000129885
0.000128216
0.000126589
0.000125003
0.000123456
0.000121947
0.000120474
0.000119037
0.000117633
0.000116263
0.000114923
0.000113615
0.000112335
0.000111085
0.000109861
0.000108665
0.000107494
0.000106348
0.000105226
0.000104128
0.000103052
0.000101999
0.000100966
9.99548e-05
9.89627e-05
9.79911e-05
9.70374e-05
9.61029e-05
9.51873e-05
9.42466e-05
 0.00998273
          1
2.03673e-05
1.62127e-05
1.37282e-05
1.19307e-05
1.05844e-05
9.51792e-06
8.65731e-06
7.94168e-06
7.33976e-06
6.82349e-06
 6.3773e-06
5.98619e-06
5.64154e-06
5.33452e-06
5.05998e-06
4.81231e-06
4.58828e-06
4.38415e-06
4.19777e-06
4.02654e-06
  3.869e-06
3.72327e-06
3.58831e-06
3.46274e-06
3.34582e-06
3.23649e-06
 3.1342e-06
3.03812e-06
2.94787e-06
2.86277e-06
2.78254e-06
2.70663e-06
2.63483e-06
 2.5667e-06
2.50207e-06
2.44057e-06
2.38208e-06
2.32629e-06
2.27311e-06
2.22227e-06
2.17369e-06
2.12716e-06
2.08262e-06
2.03988e-06
 1.9989e-06
 1.9595e-06
1.92165e-06
1.88522e-06
1.85017e-06
1.81637e-06
1.78382e-06
1.75239e-06
1.72207e-06
1.69276e-06
1.66445e-06
1.63706e-06
1.61058e-06
1.58492e-06
1.56008e-06
  1.536e-06
1.51266e-06
1.49001e-06
1.46804e-06
1.44669e-06
1.42597e-06
1.40583e-06
1.38625e-06
1.36721e-06
1.34869e-06
1.33065e-06
1.31311e-06
1.29601e-06
1.27936e-06
1.26312e-06
 1.2473e-06
1.23186e-06
 1.2168e-06
1.20211e-06
1.18777e-06
1.17376e-06
1.16009e-06
1.14672e-06
1.13367e-06
 1.1209e-06
1.10842e-06
1.09621e-06
1.08428e-06
1.07259e-06
1.06116e-06
1.04997e-06
1.03901e-06
1.02828e-06
1.01777e-06
1.00746e-06
9.97372e-07
9.87476e-07
 9.7778e-07
9.68267e-07
9.58941e-07
9.49809e-07
9.40421e-07
