  5.5486e-05
 5.92355e-06
 9.32335e-06
 2.38225e-06
 3.54315e-06
 1.26212e-06
 1.79944e-06
 7.73761e-07
 1.06723e-06
 5.19663e-07
 6.97794e-07
-6.12261e-15
 4.43799e-05
 5.92281e-06
 2.04166e-05
 4.33227e-06
 1.19573e-05
 3.17572e-06
 7.93365e-06
 2.41868e-06
 5.68467e-06
 1.90626e-06
 4.29194e-06
   0.0099999
  0.00333323
  0.00333323
   0.0019999
   0.0019999
  0.00142847
  0.00142847
  0.00111101
  0.00111101
 0.000908991
 0.000908991
   0.0099999
           1
 0.000122187
 3.55526e-05
 3.59949e-05
 2.07812e-05
 2.06872e-05
  1.4653e-05
 1.44979e-05
 1.13128e-05
 1.11678e-05
 9.21304e-06
 9.08875e-06
