  5.5486e-05
 5.92355e-06
 9.32335e-06
 2.38225e-06
 3.54315e-06
 1.26212e-06
 1.79944e-06
 7.73761e-07
 1.06723e-06
 5.19663e-07
 6.97794e-07
 3.71546e-07
 4.87922e-07
 2.78054e-07
 3.58333e-07
 2.15454e-07
 2.73201e-07
 1.71583e-07
 2.14529e-07
 1.39703e-07
 1.72519e-07
-2.38253e-14
 4.43799e-05
 5.92281e-06
 2.04166e-05
 4.33227e-06
 1.19573e-05
 3.17572e-06
 7.93365e-06
 2.41868e-06
 5.68467e-06
 1.90626e-06
 4.29194e-06
 1.54458e-06
  3.3658e-06
 1.27972e-06
 2.71671e-06
 1.07971e-06
 2.24305e-06
 9.24731e-07
 1.88615e-06
 8.02036e-07
 1.61012e-06
   0.0099999
  0.00333323
  0.00333323
   0.0019999
   0.0019999
  0.00142847
  0.00142847
  0.00111101
  0.00111101
 0.000908991
 0.000908991
 0.000769131
 0.000769131
 0.000666567
 0.000666567
 0.000588135
 0.000588135
 0.000526216
 0.000526216
  0.00047609
  0.00047609
   0.0099999
           1
 0.000122187
 3.55526e-05
 3.59949e-05
 2.07812e-05
 2.06872e-05
  1.4653e-05
 1.44979e-05
 1.13128e-05
 1.11678e-05
 9.21304e-06
 9.08875e-06
 7.77136e-06
 7.66663e-06
 6.72038e-06
 6.63198e-06
 5.92019e-06
 5.84504e-06
 5.29057e-06
 5.22611e-06
 4.78219e-06
 4.72642e-06
