 2.5447e-06
1.57054e-06
1.12849e-06
8.50541e-07
6.68185e-07
5.40782e-07
4.45092e-07
3.76395e-07
3.17108e-07
2.80326e-07
2.31002e-07
3.39745e-06
3.04407e-06
2.55015e-06
2.20394e-06
1.90683e-06
1.67965e-06
1.48552e-06
1.33228e-06
1.19356e-06
1.09383e-06
9.70032e-07
8.82693e-07
 0.00199689
 0.00160062
  0.0013587
 0.00118475
 0.00105152
0.000948399
 0.00086138
0.000793951
0.000729193
0.000687295
0.000624942
 0.00998291
          1
2.03454e-05
1.62181e-05
  1.372e-05
1.19367e-05
1.05765e-05
9.52681e-06
8.64472e-06
7.96034e-06
7.30841e-06
6.88144e-06
6.25569e-06
