2.48553e-06
1.53404e-06
1.10743e-06
8.33799e-07
6.57814e-07
5.31065e-07
4.39627e-07
3.69353e-07
3.15383e-07
2.72107e-07
 2.3749e-07
2.08881e-07
1.85321e-07
1.65401e-07
1.48632e-07
1.34201e-07
1.21833e-07
1.11065e-07
1.01597e-07
9.36863e-08
8.48489e-08
3.27807e-06
 2.9386e-06
2.46532e-06
2.13477e-06
 1.8481e-06
1.63034e-06
 1.4431e-06
1.29403e-06
1.16405e-06
1.05731e-06
9.62836e-07
8.83487e-07
8.12323e-07
7.51526e-07
6.96377e-07
6.48636e-07
6.04875e-07
5.66695e-07
5.30981e-07
5.01161e-07
4.66428e-07
4.40532e-07
 0.00199909
 0.00160018
 0.00135961
  0.0011842
  0.0010524
 0.00094752
0.000862749
0.000792034
0.000732507
0.000681329
0.000637081
0.000598222
0.000563976
0.000533421
0.000506098
0.000481425
0.000459085
0.000438789
0.000419969
0.000403756
0.000384542
 0.00998351
          1
2.03546e-05
1.62076e-05
1.37259e-05
1.19297e-05
1.05841e-05
9.51806e-06
8.65771e-06
 7.9422e-06
7.34038e-06
6.82414e-06
6.37798e-06
5.98687e-06
5.64222e-06
5.33519e-06
5.06061e-06
4.81298e-06
4.58876e-06
4.38521e-06
 4.1966e-06
4.03381e-06
3.84157e-06
