1.95023e-06
1.25865e-06
9.21903e-07
7.07779e-07
5.62918e-07
4.61003e-07
3.82775e-07
3.26517e-07
2.76937e-07
2.46381e-07
2.04512e-07
 2.2623e-06
2.09055e-06
1.79987e-06
1.58036e-06
1.38926e-06
 1.2366e-06
 1.1062e-06
9.99341e-07
9.03772e-07
 8.3186e-07
7.45306e-07
6.80989e-07
 0.00199689
 0.00160062
  0.0013587
 0.00118475
 0.00105152
0.000948399
 0.00086138
0.000793951
0.000729193
0.000687295
0.000624942
 0.00998859
          1
2.02459e-05
1.61748e-05
1.36981e-05
1.19258e-05
1.05717e-05
9.52575e-06
8.64556e-06
7.96303e-06
7.31116e-06
6.88587e-06
6.25972e-06
