1.95713e-06
1.25781e-06
9.23636e-07
7.07094e-07
 5.6402e-07
4.60188e-07
 3.8399e-07
3.25092e-07
2.79287e-07
  2.424e-07
2.12596e-07
1.87884e-07
1.67362e-07
1.49968e-07
1.35219e-07
1.22502e-07
1.11534e-07
1.01972e-07
9.35128e-08
8.64463e-08
 7.8498e-08
 2.2733e-06
2.09557e-06
1.80209e-06
1.58303e-06
1.39014e-06
1.23822e-06
1.10693e-06
9.99708e-07
9.06091e-07
8.27633e-07
7.58235e-07
6.98933e-07
6.45851e-07
5.99799e-07
5.58147e-07
5.21578e-07
4.88181e-07
4.58654e-07
4.31158e-07
4.07889e-07
3.80955e-07
3.60567e-07
 0.00199909
 0.00160018
 0.00135961
  0.0011842
  0.0010524
 0.00094752
0.000862749
0.000792034
0.000732507
0.000681329
0.000637081
0.000598222
0.000563976
0.000533421
0.000506098
0.000481425
0.000459085
0.000438789
0.000419969
0.000403756
0.000384542
 0.00998853
          1
2.02671e-05
1.61694e-05
1.37067e-05
1.19199e-05
  1.058e-05
9.51692e-06
8.65866e-06
7.94423e-06
7.34325e-06
6.82738e-06
6.38155e-06
5.99052e-06
5.64598e-06
5.33891e-06
5.06433e-06
4.81661e-06
4.59233e-06
4.38868e-06
4.19997e-06
4.03715e-06
3.84474e-06
