1.95714e-06
1.25781e-06
9.23639e-07
 7.0709e-07
5.64021e-07
4.60188e-07
3.83989e-07
3.25091e-07
2.79288e-07
2.42398e-07
2.12597e-07
1.87883e-07
1.67363e-07
1.49967e-07
 1.3522e-07
  1.225e-07
 1.1154e-07
1.01953e-07
9.35816e-08
8.61748e-08
7.96353e-08
7.37933e-08
6.85869e-08
6.38973e-08
5.96849e-08
5.58632e-08
5.24067e-08
4.92512e-08
  4.638e-08
4.37445e-08
4.13335e-08
3.91098e-08
3.70658e-08
3.51724e-08
3.34246e-08
3.17991e-08
 3.0293e-08
2.88873e-08
2.75803e-08
2.63566e-08
2.52151e-08
2.41433e-08
2.31406e-08
2.21965e-08
 2.1311e-08
2.04752e-08
1.96894e-08
1.89459e-08
1.82453e-08
1.75812e-08
 1.6954e-08
1.63582e-08
1.57945e-08
1.52581e-08
1.47496e-08
1.42649e-08
1.38046e-08
1.33652e-08
1.29474e-08
1.25478e-08
1.21672e-08
1.18028e-08
1.14553e-08
 1.1122e-08
1.08038e-08
1.04983e-08
1.02061e-08
9.92536e-09
9.65657e-09
9.39793e-09
9.15005e-09
8.91129e-09
8.68222e-09
8.46136e-09
8.24925e-09
8.04454e-09
7.84776e-09
7.65767e-09
7.47477e-09
7.29794e-09
7.12767e-09
 6.9629e-09
 6.8041e-09
6.65032e-09
  6.502e-09
6.35826e-09
6.21952e-09
6.08496e-09
5.95498e-09
5.82884e-09
5.70692e-09
5.58851e-09
5.47398e-09
5.36269e-09
5.25497e-09
5.15024e-09
5.04881e-09
4.95012e-09
4.85449e-09
4.76159e-09
4.66721e-09
2.27331e-06
2.09557e-06
1.80209e-06
1.58303e-06
1.39013e-06
1.23822e-06
1.10693e-06
9.99707e-07
9.06091e-07
8.27633e-07
7.58234e-07
6.98933e-07
 6.4585e-07
5.99799e-07
5.58147e-07
5.21573e-07
4.88197e-07
4.58596e-07
4.31374e-07
4.07032e-07
3.84494e-07
3.64199e-07
3.45297e-07
3.28173e-07
3.12143e-07
2.97543e-07
2.83812e-07
2.71251e-07
2.59387e-07
 2.4849e-07
2.38159e-07
2.28636e-07
2.19578e-07
2.11202e-07
2.03209e-07
1.95796e-07
1.88704e-07
1.82108e-07
1.75781e-07
1.69885e-07
1.64214e-07
1.58917e-07
1.53812e-07
1.49035e-07
1.44421e-07
1.40095e-07
1.35909e-07
1.31978e-07
1.28167e-07
1.24584e-07
1.21103e-07
1.17826e-07
1.14637e-07
1.11631e-07
1.08703e-07
1.05938e-07
 1.0324e-07
1.00691e-07
9.82008e-08
9.58448e-08
  9.354e-08
9.13575e-08
8.92199e-08
8.71939e-08
8.52072e-08
8.33228e-08
8.14728e-08
7.97166e-08
7.79907e-08
7.63511e-08
7.47381e-08
7.32047e-08
7.16948e-08
7.02585e-08
6.88427e-08
6.74952e-08
6.61657e-08
6.48997e-08
6.36495e-08
6.24583e-08
 6.1281e-08
6.01587e-08
5.90486e-08
5.79898e-08
5.69418e-08
5.59418e-08
5.49511e-08
5.40055e-08
 5.3068e-08
5.21728e-08
5.12846e-08
5.04362e-08
4.95939e-08
4.87889e-08
4.79893e-08
4.72249e-08
4.64649e-08
4.57383e-08
4.50154e-08
4.43255e-08
4.36065e-08
4.29483e-08
 0.00199909
 0.00160018
 0.00135961
  0.0011842
  0.0010524
 0.00094752
0.000862749
0.000792034
0.000732507
0.000681329
0.000637081
0.000598222
0.000563976
0.000533421
0.000506099
 0.00048142
  0.0004591
0.000438738
0.000420152
0.000403059
0.000387337
 0.00037278
0.000359304
0.000346755
0.000335074
0.000324142
0.000313919
 0.00030431
0.000295286
0.000286772
0.000278748
0.000271152
 0.00026397
 0.00025715
0.000250683
0.000244527
0.000238673
0.000233087
0.000227764
0.000222672
 0.00021781
 0.00021315
0.000208691
0.000204409
0.000200306
0.000196359
0.000192569
0.000188919
0.000185409
0.000182023
0.000178762
0.000175613
0.000172576
 0.00016964
0.000166804
0.000164059
0.000161406
0.000158835
0.000156347
0.000153933
0.000151595
0.000149325
0.000147124
0.000144985
0.000142909
 0.00014089
0.000138929
 0.00013702
0.000135164
0.000133357
0.000131599
0.000129885
0.000128216
0.000126589
0.000125003
0.000123456
0.000121947
0.000120474
0.000119037
0.000117633
0.000116263
0.000114923
0.000113615
0.000112335
0.000111085
0.000109861
0.000108665
0.000107494
0.000106348
0.000105226
0.000104128
0.000103052
0.000101999
0.000100966
9.99548e-05
9.89627e-05
9.79911e-05
9.70374e-05
9.61029e-05
9.51873e-05
9.42466e-05
 0.00998853
          1
2.02671e-05
1.61694e-05
1.37066e-05
1.19199e-05
  1.058e-05
9.51692e-06
8.65866e-06
7.94423e-06
7.34325e-06
6.82738e-06
6.38155e-06
5.99052e-06
5.64598e-06
 5.3389e-06
5.06435e-06
4.81656e-06
4.59247e-06
 4.3882e-06
4.20173e-06
4.03037e-06
3.87273e-06
3.72686e-06
3.59182e-06
3.46612e-06
3.34911e-06
3.23966e-06
3.13728e-06
 3.0411e-06
2.95077e-06
2.86558e-06
2.78527e-06
2.70928e-06
2.63741e-06
 2.5692e-06
 2.5045e-06
2.44293e-06
2.38438e-06
2.32853e-06
2.27529e-06
2.22439e-06
2.17576e-06
2.12918e-06
 2.0846e-06
2.04181e-06
2.00078e-06
1.96133e-06
1.92345e-06
1.88697e-06
1.85188e-06
1.81805e-06
1.78546e-06
1.75399e-06
1.72364e-06
 1.6943e-06
1.66597e-06
1.63854e-06
1.61203e-06
1.58634e-06
1.56148e-06
1.53736e-06
  1.514e-06
1.49132e-06
1.46933e-06
1.44796e-06
1.42722e-06
1.40706e-06
1.38746e-06
 1.3684e-06
1.34986e-06
 1.3318e-06
1.31424e-06
1.29712e-06
1.28045e-06
 1.2642e-06
1.24836e-06
 1.2329e-06
1.21784e-06
1.20312e-06
1.18877e-06
1.17475e-06
1.16106e-06
1.14768e-06
1.13461e-06
1.12183e-06
1.10934e-06
1.09712e-06
1.08517e-06
1.07347e-06
1.06203e-06
1.05083e-06
1.03986e-06
1.02911e-06
 1.0186e-06
1.00828e-06
9.98182e-07
9.88275e-07
 9.7857e-07
9.69047e-07
9.59713e-07
9.50571e-07
9.41175e-07
