6.75107e-07
4.91376e-07
3.87161e-07
3.14955e-07
2.63274e-07
2.23937e-07
1.93466e-07
 1.6904e-07
1.49247e-07
1.32838e-07
1.19135e-07
1.07497e-07
9.75638e-08
8.89715e-08
8.15143e-08
7.49708e-08
6.92152e-08
6.41058e-08
5.95625e-08
5.54898e-08
5.18355e-08
4.85329e-08
4.55467e-08
4.28289e-08
4.03552e-08
3.80901e-08
3.60165e-08
3.41078e-08
3.23515e-08
3.07273e-08
 2.9226e-08
2.78318e-08
 2.6538e-08
2.53319e-08
2.42087e-08
2.31581e-08
2.21764e-08
2.12554e-08
2.03922e-08
1.95802e-08
1.88171e-08
1.80973e-08
1.74193e-08
1.67782e-08
1.61729e-08
1.55995e-08
1.50568e-08
1.45417e-08
1.40533e-08
1.35887e-08
1.31475e-08
1.27271e-08
1.23272e-08
1.19455e-08
1.15818e-08
1.12342e-08
1.09025e-08
 1.0585e-08
1.02816e-08
 9.9908e-09
9.71256e-09
9.44555e-09
9.18975e-09
8.94399e-09
8.70826e-09
8.48154e-09
8.26384e-09
8.05424e-09
7.85276e-09
7.65858e-09
7.47175e-09
7.29151e-09
7.11793e-09
6.95032e-09
6.78877e-09
6.63264e-09
6.48201e-09
6.33633e-09
6.19567e-09
6.05952e-09
5.92797e-09
5.80054e-09
5.67731e-09
5.55786e-09
5.44228e-09
5.33016e-09
5.22159e-09
5.11621e-09
5.01411e-09
4.91494e-09
4.81879e-09
4.72534e-09
4.63469e-09
4.54655e-09
4.46098e-09
4.37774e-09
4.29689e-09
4.21819e-09
 4.1417e-09
4.06737e-09
3.99164e-09
3.71054e-07
3.85367e-07
3.68042e-07
3.47461e-07
 3.2532e-07
 3.0467e-07
2.85179e-07
2.67532e-07
2.51263e-07
2.36571e-07
2.23073e-07
 2.1084e-07
1.99576e-07
1.89316e-07
1.79834e-07
 1.7115e-07
1.63092e-07
1.55674e-07
1.48763e-07
1.42372e-07
1.36395e-07
1.30844e-07
1.25634e-07
1.20778e-07
1.16204e-07
1.11927e-07
1.07886e-07
1.04096e-07
1.00506e-07
9.71282e-08
9.39208e-08
9.08959e-08
8.80166e-08
8.52949e-08
8.26986e-08
8.02391e-08
7.78884e-08
7.56571e-08
7.35205e-08
7.14889e-08
6.95401e-08
 6.7684e-08
6.59008e-08
6.41996e-08
6.25629e-08
6.09993e-08
5.94927e-08
5.80515e-08
5.66612e-08
5.53294e-08
5.40431e-08
5.28095e-08
5.16166e-08
5.04714e-08
4.93628e-08
4.82973e-08
4.72649e-08
4.62716e-08
4.53082e-08
4.43806e-08
4.34799e-08
 4.2612e-08
4.17685e-08
 4.0955e-08
4.01639e-08
3.94002e-08
3.86569e-08
3.79389e-08
3.72396e-08
3.65635e-08
3.59045e-08
3.52671e-08
3.46453e-08
3.40435e-08
3.34561e-08
3.28872e-08
3.23316e-08
3.17931e-08
3.12669e-08
3.07567e-08
3.02577e-08
2.97737e-08
2.93002e-08
2.88406e-08
2.83907e-08
2.79537e-08
2.75258e-08
2.71101e-08
2.67027e-08
2.63068e-08
2.59186e-08
2.55411e-08
2.51709e-08
2.48108e-08
2.44574e-08
2.41135e-08
2.37759e-08
2.34472e-08
2.31244e-08
2.28107e-08
2.24879e-08
2.21872e-08
 0.00199909
 0.00160018
 0.00135961
  0.0011842
  0.0010524
 0.00094752
0.000862749
0.000792034
0.000732507
0.000681329
0.000637081
0.000598222
0.000563976
0.000533421
0.000506099
 0.00048142
  0.0004591
0.000438738
0.000420152
0.000403059
0.000387337
 0.00037278
0.000359304
0.000346755
0.000335074
0.000324142
0.000313919
 0.00030431
0.000295286
0.000286772
0.000278748
0.000271152
 0.00026397
 0.00025715
0.000250683
0.000244527
0.000238673
0.000233087
0.000227764
0.000222672
 0.00021781
 0.00021315
0.000208691
0.000204409
0.000200306
0.000196359
0.000192569
0.000188919
0.000185409
0.000182023
0.000178762
0.000175613
0.000172576
 0.00016964
0.000166804
0.000164059
0.000161406
0.000158835
0.000156347
0.000153933
0.000151595
0.000149325
0.000147124
0.000144985
0.000142909
 0.00014089
0.000138929
 0.00013702
0.000135164
0.000133357
0.000131599
0.000129885
0.000128216
0.000126589
0.000125003
0.000123456
0.000121947
0.000120474
0.000119037
0.000117633
0.000116263
0.000114923
0.000113615
0.000112335
0.000111085
0.000109861
0.000108665
0.000107494
0.000106348
0.000105226
0.000104128
0.000103052
0.000101999
0.000100966
9.99548e-05
9.89627e-05
9.79911e-05
9.70374e-05
9.61029e-05
9.51873e-05
9.42466e-05
 0.00999804
          1
 2.0054e-05
1.60487e-05
1.36318e-05
1.18702e-05
1.05468e-05
 9.4939e-06
8.64305e-06
7.93347e-06
7.33624e-06
 6.8229e-06
6.37912e-06
5.98947e-06
5.64611e-06
5.33981e-06
5.06594e-06
 4.8186e-06
4.59492e-06
4.39089e-06
4.20467e-06
4.03343e-06
3.87593e-06
3.73011e-06
3.59514e-06
3.46945e-06
3.35247e-06
  3.243e-06
3.14063e-06
3.04441e-06
2.95406e-06
2.86882e-06
2.78849e-06
2.71244e-06
2.64054e-06
2.57228e-06
2.50754e-06
2.44592e-06
2.38733e-06
2.33142e-06
2.27814e-06
2.22718e-06
2.17852e-06
2.13188e-06
2.08726e-06
2.04441e-06
2.00335e-06
1.96385e-06
1.92593e-06
 1.8894e-06
1.85428e-06
 1.8204e-06
1.78778e-06
1.75627e-06
1.72589e-06
 1.6965e-06
1.66814e-06
1.64067e-06
1.61413e-06
1.58841e-06
1.56352e-06
1.53937e-06
1.51598e-06
1.49327e-06
1.47125e-06
1.44985e-06
1.42908e-06
1.40888e-06
1.38927e-06
1.37017e-06
1.35161e-06
1.33353e-06
1.31595e-06
 1.2988e-06
1.28211e-06
1.26583e-06
1.24997e-06
1.23449e-06
1.21941e-06
1.20467e-06
 1.1903e-06
1.17626e-06
1.16255e-06
1.14915e-06
1.13607e-06
1.12327e-06
1.11076e-06
1.09852e-06
1.08656e-06
1.07484e-06
1.06339e-06
1.05216e-06
1.04118e-06
1.03042e-06
1.01989e-06
1.00956e-06
9.99445e-07
9.89522e-07
9.79805e-07
9.70267e-07
9.60921e-07
9.51765e-07
9.42357e-07
