9.48657e-08
7.47407e-08
6.26092e-08
5.37875e-08
4.71754e-08
4.19306e-08
3.77049e-08
3.41929e-08
3.12471e-08
2.87244e-08
2.65518e-08
2.46517e-08
 2.2984e-08
2.15025e-08
2.01833e-08
1.89971e-08
1.79289e-08
1.69589e-08
1.60772e-08
1.52704e-08
1.45314e-08
1.38504e-08
1.32228e-08
1.26411e-08
1.21023e-08
1.16002e-08
 1.1133e-08
1.06958e-08
1.02872e-08
9.90351e-09
9.54353e-09
9.20437e-09
8.88518e-09
8.58352e-09
 8.2988e-09
  8.029e-09
7.77367e-09
7.53114e-09
7.30107e-09
7.08206e-09
6.87384e-09
6.67523e-09
6.48603e-09
6.30524e-09
 6.1327e-09
5.96753e-09
5.80965e-09
5.65828e-09
5.51335e-09
 5.3742e-09
5.24078e-09
5.11251e-09
4.98935e-09
 4.8708e-09
4.75683e-09
4.64699e-09
4.54127e-09
4.43927e-09
  4.341e-09
4.24608e-09
4.15453e-09
4.06602e-09
3.98058e-09
3.89789e-09
3.81799e-09
 3.7406e-09
3.66575e-09
 3.5932e-09
3.52298e-09
3.45485e-09
3.38886e-09
 3.3248e-09
3.26269e-09
3.20236e-09
3.14383e-09
3.08692e-09
3.03169e-09
2.97796e-09
2.92577e-09
2.87496e-09
2.82559e-09
2.77749e-09
2.73073e-09
2.68515e-09
2.64081e-09
2.59757e-09
2.55547e-09
2.51441e-09
2.47441e-09
2.43537e-09
2.39733e-09
2.36018e-09
2.32396e-09
2.28857e-09
2.25406e-09
2.22033e-09
2.18741e-09
2.15523e-09
2.12381e-09
2.09314e-09
2.06175e-09
8.70837e-09
 1.0152e-08
1.08297e-08
1.12163e-08
1.14096e-08
1.14967e-08
1.15034e-08
1.14633e-08
 1.1385e-08
1.12841e-08
1.11641e-08
1.10335e-08
1.08931e-08
1.07487e-08
1.05995e-08
1.04498e-08
1.02981e-08
 1.0148e-08
9.99754e-09
9.84954e-09
 9.7025e-09
9.55836e-09
9.41594e-09
9.27656e-09
9.13918e-09
9.00499e-09
8.87295e-09
8.74425e-09
8.61765e-09
8.49427e-09
8.37309e-09
8.25502e-09
8.13901e-09
8.02609e-09
7.91514e-09
7.80712e-09
7.70101e-09
7.59768e-09
 7.4962e-09
7.39732e-09
7.30023e-09
7.20559e-09
7.11266e-09
7.02203e-09
6.93304e-09
6.84622e-09
6.76095e-09
6.67774e-09
6.59599e-09
6.51618e-09
6.43777e-09
6.36118e-09
6.28591e-09
6.21238e-09
6.14009e-09
6.06944e-09
5.99998e-09
5.93206e-09
5.86526e-09
5.79993e-09
5.73567e-09
5.67279e-09
5.61092e-09
5.55037e-09
5.49077e-09
5.43243e-09
5.37499e-09
5.31874e-09
5.26335e-09
5.20909e-09
5.15565e-09
5.10327e-09
5.05168e-09
5.00111e-09
4.95128e-09
4.90243e-09
4.85427e-09
4.80705e-09
4.76049e-09
4.71482e-09
4.66979e-09
 4.6256e-09
4.58202e-09
4.53924e-09
4.49705e-09
4.45563e-09
4.41476e-09
4.37463e-09
4.33502e-09
4.29613e-09
4.25773e-09
4.22001e-09
4.18278e-09
4.14619e-09
4.11007e-09
4.07456e-09
 4.0395e-09
4.00503e-09
3.97098e-09
3.93757e-09
3.90306e-09
3.87046e-09
 0.00199909
 0.00160018
 0.00135961
  0.0011842
  0.0010524
 0.00094752
0.000862749
0.000792034
0.000732507
0.000681329
0.000637081
0.000598222
0.000563976
0.000533421
0.000506099
 0.00048142
  0.0004591
0.000438738
0.000420152
0.000403059
0.000387337
 0.00037278
0.000359304
0.000346755
0.000335074
0.000324142
0.000313919
 0.00030431
0.000295286
0.000286772
0.000278748
0.000271152
 0.00026397
 0.00025715
0.000250683
0.000244527
0.000238673
0.000233087
0.000227764
0.000222672
 0.00021781
 0.00021315
0.000208691
0.000204409
0.000200306
0.000196359
0.000192569
0.000188919
0.000185409
0.000182023
0.000178762
0.000175613
0.000172576
 0.00016964
0.000166804
0.000164059
0.000161406
0.000158835
0.000156347
0.000153933
0.000151595
0.000149325
0.000147124
0.000144985
0.000142909
 0.00014089
0.000138929
 0.00013702
0.000135164
0.000133357
0.000131599
0.000129885
0.000128216
0.000126589
0.000125003
0.000123456
0.000121947
0.000120474
0.000119037
0.000117633
0.000116263
0.000114923
0.000113615
0.000112335
0.000111085
0.000109861
0.000108665
0.000107494
0.000106348
0.000105226
0.000104128
0.000103052
0.000101999
0.000100966
9.99548e-05
9.89627e-05
9.79911e-05
9.70374e-05
9.61029e-05
9.51873e-05
9.42466e-05
 0.00999986
          1
1.99925e-05
1.60031e-05
1.35972e-05
 1.1843e-05
1.05249e-05
9.47599e-06
8.62819e-06
7.92097e-06
7.32564e-06
 6.8138e-06
6.37128e-06
5.98265e-06
5.64016e-06
5.33457e-06
5.06133e-06
4.81451e-06
4.59129e-06
4.38765e-06
4.20177e-06
4.03082e-06
3.87359e-06
  3.728e-06
3.59324e-06
3.46773e-06
3.35091e-06
3.24159e-06
3.13934e-06
3.04324e-06
  2.953e-06
2.86785e-06
 2.7876e-06
2.71164e-06
2.63981e-06
2.57161e-06
2.50693e-06
2.44536e-06
2.38682e-06
2.33096e-06
2.27772e-06
 2.2268e-06
2.17817e-06
2.13157e-06
2.08697e-06
2.04416e-06
2.00312e-06
1.96364e-06
1.92575e-06
1.88924e-06
1.85414e-06
1.82028e-06
1.78767e-06
1.75617e-06
 1.7258e-06
1.69643e-06
1.66808e-06
1.64063e-06
 1.6141e-06
1.58838e-06
 1.5635e-06
1.53936e-06
1.51598e-06
1.49328e-06
1.47127e-06
1.44987e-06
1.42911e-06
1.40892e-06
1.38931e-06
1.37022e-06
1.35166e-06
1.33359e-06
  1.316e-06
1.29886e-06
1.28218e-06
 1.2659e-06
1.25005e-06
1.23457e-06
1.21949e-06
1.20475e-06
1.19039e-06
1.17634e-06
1.16264e-06
1.14924e-06
1.13616e-06
1.12336e-06
1.11086e-06
1.09862e-06
1.08666e-06
1.07494e-06
1.06349e-06
1.05226e-06
1.04129e-06
1.03052e-06
1.01999e-06
1.00966e-06
9.99552e-07
 9.8963e-07
9.79914e-07
9.70376e-07
9.61031e-07
9.51875e-07
9.42467e-07
