5.73034e-07
4.59262e-07
3.78878e-07
3.18937e-07
2.72734e-07
2.36197e-07
2.06728e-07
1.82564e-07
1.62477e-07
1.45582e-07
1.31224e-07
1.18914e-07
1.08273e-07
9.90107e-08
9.08957e-08
8.37448e-08
7.74097e-08
7.17699e-08
6.67267e-08
6.21987e-08
5.81169e-08
5.44253e-08
5.10745e-08
4.80245e-08
4.52395e-08
4.26904e-08
4.03503e-08
3.81979e-08
3.62125e-08
3.43785e-08
3.26796e-08
 3.1104e-08
 2.9639e-08
2.82753e-08
2.70031e-08
2.58151e-08
2.47033e-08
 2.3662e-08
2.26847e-08
2.17668e-08
2.09032e-08
2.00901e-08
1.93232e-08
1.85994e-08
1.79153e-08
1.72683e-08
1.66555e-08
1.60748e-08
1.55238e-08
1.50006e-08
1.45032e-08
1.40302e-08
1.35798e-08
1.31508e-08
1.27417e-08
1.23513e-08
1.19785e-08
1.16224e-08
1.12818e-08
1.09559e-08
1.06439e-08
 1.0345e-08
1.00585e-08
9.78369e-09
9.51993e-09
9.26669e-09
9.02337e-09
 8.7895e-09
8.56455e-09
8.34813e-09
8.13975e-09
7.93908e-09
 7.7457e-09
7.55929e-09
 7.3795e-09
7.20604e-09
7.03859e-09
 6.8769e-09
6.72069e-09
6.56974e-09
 6.4238e-09
6.28265e-09
6.14609e-09
6.01392e-09
5.88595e-09
5.76202e-09
5.64194e-09
5.52557e-09
5.41275e-09
5.30334e-09
 5.1972e-09
5.09421e-09
4.99424e-09
4.89718e-09
4.80291e-09
4.71133e-09
4.62233e-09
4.53583e-09
4.45166e-09
4.37055e-09
 4.2837e-09
9.40689e-07
8.63758e-07
7.90716e-07
7.25139e-07
6.66965e-07
6.15498e-07
5.69893e-07
5.29364e-07
4.93205e-07
4.60824e-07
4.31707e-07
4.05431e-07
3.81626e-07
3.59992e-07
 3.4026e-07
3.22214e-07
3.05656e-07
2.90428e-07
2.76381e-07
2.63397e-07
2.51365e-07
2.40194e-07
2.29798e-07
2.20108e-07
2.11056e-07
2.02587e-07
1.94651e-07
1.87202e-07
1.80199e-07
1.73607e-07
1.67392e-07
1.61527e-07
1.55984e-07
1.50739e-07
 1.4577e-07
1.41058e-07
1.36586e-07
1.32335e-07
1.28292e-07
1.24443e-07
1.20775e-07
1.17276e-07
1.13937e-07
1.10746e-07
1.07696e-07
1.04777e-07
1.01983e-07
9.93055e-08
9.67383e-08
 9.4275e-08
9.19103e-08
8.96384e-08
8.74548e-08
8.53545e-08
8.33334e-08
8.13872e-08
7.95125e-08
7.77053e-08
7.59627e-08
7.42812e-08
7.26583e-08
7.10908e-08
6.95765e-08
6.81126e-08
6.66971e-08
6.53276e-08
6.40024e-08
6.27191e-08
6.14764e-08
6.02721e-08
5.91049e-08
 5.7973e-08
5.68752e-08
5.58099e-08
 5.4776e-08
 5.3772e-08
5.27969e-08
5.18494e-08
5.09287e-08
5.00335e-08
4.91631e-08
4.83163e-08
4.74925e-08
4.66905e-08
4.59099e-08
4.51496e-08
4.44092e-08
4.36876e-08
4.29846e-08
4.22992e-08
4.16309e-08
4.09792e-08
4.03435e-08
3.97231e-08
3.91178e-08
3.85268e-08
3.79499e-08
3.73865e-08
3.68358e-08
3.63027e-08
3.57295e-08
3.52171e-08
      0.001
0.000899999
0.000819995
 0.00075399
0.000698385
 0.00065078
0.000609495
0.000573307
0.000541298
0.000512766
0.000487159
 0.00046404
0.000443056
0.000423921
0.000406395
0.000390281
0.000375413
 0.00036165
0.000348872
0.000336975
0.000325871
0.000315482
 0.00030574
0.000296587
 0.00028797
0.000279844
0.000272166
0.000264901
0.000258016
0.000251482
0.000245272
0.000239364
0.000233734
0.000228365
0.000223237
0.000218336
0.000213646
0.000209155
0.000204848
0.000200717
0.000196749
0.000192935
0.000189267
0.000185736
0.000182335
0.000179057
0.000175894
0.000172842
0.000169894
0.000167045
 0.00016429
0.000161625
0.000159045
0.000156546
0.000154125
0.000151777
  0.0001495
0.000147291
0.000145146
0.000143062
0.000141038
 0.00013907
0.000137157
0.000135295
0.000133483
 0.00013172
0.000130002
0.000128328
0.000126698
0.000125108
0.000123557
0.000122045
0.000120569
0.000119128
0.000117722
0.000116348
0.000115006
0.000113695
0.000112413
0.000111159
0.000109934
0.000108735
0.000107562
0.000106414
 0.00010529
 0.00010419
0.000103113
0.000102057
0.000101023
 0.00010001
9.90171e-05
9.80435e-05
9.70888e-05
9.61526e-05
9.52342e-05
9.43332e-05
9.34491e-05
9.25815e-05
9.17291e-05
9.09001e-05
9.00032e-05
 0.00999049
          1
1.00413e-05
  9.031e-06
8.22362e-06
7.55821e-06
6.99814e-06
6.51902e-06
6.10378e-06
5.74001e-06
5.41842e-06
5.13187e-06
4.87482e-06
4.64282e-06
4.43232e-06
4.24041e-06
4.06469e-06
3.90317e-06
3.75416e-06
3.61626e-06
3.48825e-06
3.36909e-06
3.25788e-06
3.15385e-06
3.05632e-06
2.96469e-06
2.87844e-06
 2.7971e-06
2.72026e-06
2.64756e-06
2.57867e-06
 2.5133e-06
2.45118e-06
2.39207e-06
2.33576e-06
2.28205e-06
2.23077e-06
2.18175e-06
2.13485e-06
2.08993e-06
2.04687e-06
2.00555e-06
1.96588e-06
1.92775e-06
1.89108e-06
1.85578e-06
1.82177e-06
  1.789e-06
1.75738e-06
1.72687e-06
 1.6974e-06
1.66892e-06
1.64139e-06
1.61475e-06
1.58896e-06
1.56398e-06
1.53978e-06
1.51632e-06
1.49357e-06
1.47148e-06
1.45005e-06
1.42922e-06
1.40899e-06
1.38933e-06
1.37021e-06
 1.3516e-06
 1.3335e-06
1.31587e-06
1.29871e-06
1.28199e-06
1.26569e-06
 1.2498e-06
1.23431e-06
 1.2192e-06
1.20445e-06
1.19006e-06
  1.176e-06
1.16228e-06
1.14887e-06
1.13576e-06
1.12296e-06
1.11044e-06
1.09819e-06
1.08621e-06
1.07449e-06
1.06302e-06
 1.0518e-06
1.04081e-06
1.03004e-06
 1.0195e-06
1.00917e-06
9.99043e-07
9.89121e-07
9.79394e-07
9.69856e-07
9.60503e-07
9.51328e-07
9.42327e-07
9.33494e-07
9.24827e-07
9.16311e-07
9.08029e-07
8.99069e-07
