5.72435e-07
4.59272e-07
 3.7875e-07
3.18949e-07
2.72674e-07
2.36208e-07
2.06691e-07
1.82577e-07
1.62448e-07
1.45598e-07
1.31196e-07
1.18936e-07
1.08238e-07
9.90475e-08
9.08402e-08
8.38188e-08
7.72914e-08
7.19588e-08
6.63926e-08
6.28166e-08
5.68926e-08
9.39017e-07
8.63062e-07
7.90241e-07
7.24772e-07
6.66722e-07
6.15261e-07
5.69744e-07
5.29195e-07
4.93104e-07
4.60698e-07
4.31632e-07
4.05337e-07
3.81559e-07
3.59935e-07
 3.4017e-07
3.22237e-07
3.05446e-07
2.90717e-07
2.75655e-07
2.64803e-07
2.48212e-07
 2.3673e-07
0.000999876
0.000900011
0.000819951
0.000754003
0.000698355
0.000650795
0.000609469
0.000573326
 0.00054127
0.000512792
0.000487122
0.000464081
0.000442998
0.000423997
 0.00040628
0.000390454
0.000375129
0.000362133
0.000347995
0.000338643
0.000322524
 0.00999051
          1
1.00403e-05
 9.0313e-06
8.22331e-06
7.55844e-06
6.99792e-06
6.51923e-06
6.10357e-06
5.74024e-06
5.41817e-06
5.13216e-06
4.87448e-06
4.64325e-06
4.43177e-06
4.24117e-06
4.06359e-06
3.90487e-06
3.75141e-06
3.62102e-06
3.47963e-06
 3.3856e-06
 3.2244e-06
