4.11689e-07
4.55595e-07
3.41786e-07
3.18246e-07
2.54685e-07
2.36914e-07
1.95164e-07
1.84293e-07
1.53582e-07
1.48402e-07
1.23084e-07
4.84943e-07
6.73041e-07
6.50027e-07
  6.215e-07
  5.886e-07
5.48334e-07
5.16991e-07
4.82652e-07
4.52673e-07
4.28586e-07
3.95809e-07
3.66776e-07
0.000963273
0.000903672
0.000807018
0.000757883
0.000689482
0.000655232
0.000601577
 0.00057885
0.000532782
0.000520432
0.000476151
 0.00999505
          1
9.75577e-06
9.11562e-06
8.12701e-06
7.62281e-06
6.92953e-06
6.58022e-06
 6.0391e-06
5.80738e-06
5.34438e-06
5.21762e-06
4.77267e-06
