5.65726e-07
4.53851e-07
3.74702e-07
3.15621e-07
2.70046e-07
2.33978e-07
2.04873e-07
1.80993e-07
1.61134e-07
1.44422e-07
1.30216e-07
 1.1803e-07
1.07495e-07
9.83208e-08
9.02811e-08
8.31948e-08
7.69149e-08
7.13237e-08
6.63224e-08
6.18312e-08
5.77818e-08
5.41189e-08
5.07934e-08
4.77662e-08
4.50013e-08
4.24705e-08
4.01467e-08
 3.8009e-08
 3.6037e-08
 3.4215e-08
3.25272e-08
3.09615e-08
2.95057e-08
2.81503e-08
2.68859e-08
2.57049e-08
2.45996e-08
2.35642e-08
2.25925e-08
2.16797e-08
2.08209e-08
2.00122e-08
1.92494e-08
1.85294e-08
1.78489e-08
1.72052e-08
1.65955e-08
1.60176e-08
1.54693e-08
1.49486e-08
1.44537e-08
1.39829e-08
1.35347e-08
1.31076e-08
1.27003e-08
1.23117e-08
1.19406e-08
 1.1586e-08
1.12469e-08
1.09225e-08
1.06118e-08
1.03141e-08
1.00288e-08
9.75513e-09
9.49246e-09
9.24023e-09
8.99789e-09
8.76493e-09
8.54087e-09
8.32528e-09
8.11771e-09
 7.9178e-09
7.72514e-09
7.53943e-09
 7.3603e-09
7.18747e-09
7.02063e-09
6.85952e-09
6.70387e-09
6.55345e-09
6.40801e-09
6.26735e-09
6.13126e-09
5.99954e-09
  5.872e-09
5.74848e-09
 5.6288e-09
5.51282e-09
5.40036e-09
5.29131e-09
5.18551e-09
5.08285e-09
4.98319e-09
4.88643e-09
4.79245e-09
4.70116e-09
4.61243e-09
4.52619e-09
4.44227e-09
 4.3614e-09
4.27481e-09
9.20529e-07
8.46079e-07
7.75141e-07
7.11343e-07
 6.5465e-07
6.04442e-07
5.59907e-07
5.20299e-07
4.84937e-07
 4.5325e-07
4.24743e-07
3.99002e-07
3.75675e-07
3.54463e-07
3.35113e-07
3.17406e-07
3.01158e-07
2.86206e-07
2.72414e-07
 2.5966e-07
 2.4784e-07
2.36861e-07
2.26644e-07
2.17115e-07
2.08215e-07
1.99886e-07
 1.9208e-07
 1.8475e-07
 1.7786e-07
1.71372e-07
1.65255e-07
 1.5948e-07
1.54023e-07
1.48858e-07
1.43965e-07
1.39324e-07
1.34918e-07
 1.3073e-07
1.26746e-07
1.22953e-07
1.19338e-07
1.15889e-07
1.12598e-07
1.09452e-07
1.06445e-07
1.03567e-07
1.00812e-07
 9.8171e-08
9.56392e-08
9.32094e-08
9.08769e-08
8.86355e-08
8.64813e-08
8.44088e-08
8.24147e-08
 8.0494e-08
 7.8644e-08
7.68603e-08
7.51405e-08
7.34806e-08
7.18787e-08
7.03311e-08
6.88362e-08
6.73908e-08
6.59933e-08
6.46409e-08
6.33323e-08
 6.2065e-08
6.08377e-08
5.96482e-08
5.84955e-08
5.73774e-08
5.62931e-08
5.52406e-08
5.42193e-08
5.32273e-08
 5.2264e-08
5.13278e-08
5.04182e-08
4.95336e-08
4.86735e-08
4.78366e-08
4.70225e-08
4.62299e-08
4.54584e-08
4.47069e-08
4.39751e-08
4.32619e-08
 4.2567e-08
4.18894e-08
4.12288e-08
4.05844e-08
 3.9956e-08
3.93426e-08
3.87442e-08
3.81598e-08
3.75895e-08
3.70323e-08
3.64878e-08
3.59606e-08
3.53938e-08
 3.4887e-08
      0.001
0.000899999
0.000819995
 0.00075399
0.000698385
 0.00065078
0.000609495
0.000573307
0.000541298
0.000512766
0.000487159
 0.00046404
0.000443056
0.000423921
0.000406395
0.000390281
0.000375413
 0.00036165
0.000348872
0.000336975
0.000325871
0.000315482
 0.00030574
0.000296587
 0.00028797
0.000279844
0.000272166
0.000264901
0.000258016
0.000251482
0.000245272
0.000239364
0.000233734
0.000228365
0.000223237
0.000218336
0.000213646
0.000209155
0.000204848
0.000200717
0.000196749
0.000192935
0.000189267
0.000185736
0.000182335
0.000179057
0.000175894
0.000172842
0.000169894
0.000167045
 0.00016429
0.000161625
0.000159045
0.000156546
0.000154125
0.000151777
  0.0001495
0.000147291
0.000145146
0.000143062
0.000141038
 0.00013907
0.000137157
0.000135295
0.000133483
 0.00013172
0.000130002
0.000128328
0.000126698
0.000125108
0.000123557
0.000122045
0.000120569
0.000119128
0.000117722
0.000116348
0.000115006
0.000113695
0.000112413
0.000111159
0.000109934
0.000108735
0.000107562
0.000106414
 0.00010529
 0.00010419
0.000103113
0.000102057
0.000101023
 0.00010001
9.90171e-05
9.80435e-05
9.70888e-05
9.61526e-05
9.52342e-05
9.43332e-05
9.34491e-05
9.25815e-05
9.17291e-05
9.09001e-05
9.00032e-05
 0.00999069
          1
1.00408e-05
9.03068e-06
8.22343e-06
7.55811e-06
6.99809e-06
6.51901e-06
 6.1038e-06
5.74005e-06
5.41847e-06
5.13194e-06
4.87489e-06
 4.6429e-06
 4.4324e-06
4.24049e-06
4.06477e-06
3.90325e-06
3.75425e-06
3.61635e-06
3.48833e-06
3.36917e-06
3.25797e-06
3.15393e-06
 3.0564e-06
2.96477e-06
2.87852e-06
2.79718e-06
2.72034e-06
2.64764e-06
2.57875e-06
2.51337e-06
2.45125e-06
2.39213e-06
2.33582e-06
2.28211e-06
2.23083e-06
2.18181e-06
2.13491e-06
2.08999e-06
2.04693e-06
2.00561e-06
1.96594e-06
 1.9278e-06
1.89113e-06
1.85583e-06
1.82182e-06
1.78905e-06
1.75743e-06
1.72692e-06
1.69745e-06
1.66897e-06
1.64143e-06
1.61479e-06
  1.589e-06
1.56403e-06
1.53983e-06
1.51636e-06
1.49361e-06
1.47152e-06
1.45009e-06
1.42926e-06
1.40903e-06
1.38937e-06
1.37024e-06
1.35164e-06
1.33354e-06
1.31591e-06
1.29875e-06
1.28202e-06
1.26573e-06
1.24984e-06
1.23434e-06
1.21923e-06
1.20448e-06
1.19009e-06
1.17603e-06
1.16231e-06
 1.1489e-06
 1.1358e-06
1.12299e-06
1.11047e-06
1.09822e-06
1.08624e-06
1.07452e-06
1.06305e-06
1.05183e-06
1.04083e-06
1.03007e-06
1.01952e-06
1.00919e-06
9.99069e-07
9.89147e-07
 9.7942e-07
9.69882e-07
9.60528e-07
9.51353e-07
9.42352e-07
9.33519e-07
9.24851e-07
9.16335e-07
9.08053e-07
8.99092e-07
