2.38061e-07
2.19903e-07
 1.8059e-07
1.64787e-07
1.39731e-07
1.29502e-07
1.11458e-07
1.05235e-07
9.09149e-08
8.78628e-08
7.52161e-08
1.99854e-07
2.16285e-07
2.06981e-07
2.00366e-07
1.92299e-07
1.82914e-07
1.75962e-07
1.66742e-07
1.60462e-07
1.52703e-07
1.45846e-07
1.36988e-07
0.000963273
0.000903672
0.000807018
0.000757883
0.000689482
0.000655232
0.000601577
 0.00057885
0.000532782
0.000520432
0.000476151
  0.0099979
          1
9.65584e-06
9.05329e-06
8.08336e-06
7.58992e-06
  6.904e-06
6.56027e-06
6.02256e-06
5.79441e-06
5.33303e-06
 5.2088e-06
 4.7654e-06
