1.34172e-07
1.20766e-07
1.09377e-07
 9.9572e-08
9.10772e-08
 8.3648e-08
7.71189e-08
7.13386e-08
6.61995e-08
6.16047e-08
 5.7481e-08
5.37629e-08
   5.04e-08
4.73459e-08
4.45652e-08
4.20242e-08
3.96972e-08
3.75595e-08
3.55914e-08
3.37753e-08
3.20956e-08
 3.0539e-08
2.90935e-08
2.77489e-08
2.64957e-08
2.53261e-08
2.42325e-08
2.32086e-08
2.22483e-08
2.13469e-08
2.04989e-08
1.97011e-08
1.89486e-08
 1.8239e-08
1.75681e-08
1.69341e-08
1.63335e-08
1.57646e-08
1.52247e-08
1.47123e-08
1.42253e-08
1.37622e-08
1.33212e-08
1.29013e-08
1.25007e-08
1.21187e-08
1.17538e-08
1.14053e-08
1.10719e-08
 1.0753e-08
1.04477e-08
1.01552e-08
 9.8748e-09
9.60589e-09
9.34776e-09
9.09994e-09
 8.8618e-09
8.63293e-09
8.41277e-09
8.20095e-09
  7.997e-09
7.80058e-09
7.61129e-09
7.42881e-09
 7.2528e-09
7.08299e-09
6.91904e-09
6.76074e-09
6.60778e-09
6.45997e-09
6.31704e-09
6.17881e-09
6.04506e-09
5.91561e-09
5.79025e-09
5.66885e-09
5.55121e-09
 5.4372e-09
5.32665e-09
5.21944e-09
5.11543e-09
 5.0145e-09
4.91651e-09
4.82138e-09
4.72896e-09
4.63919e-09
4.55193e-09
4.46712e-09
4.38464e-09
4.30443e-09
 4.2264e-09
4.15047e-09
4.07656e-09
4.00461e-09
3.93454e-09
3.86629e-09
3.79978e-09
3.73507e-09
3.67152e-09
3.61205e-09
3.54096e-09
2.42971e-07
2.31774e-07
2.21187e-07
2.11189e-07
 2.0179e-07
1.92965e-07
1.84687e-07
1.76924e-07
1.69641e-07
1.62805e-07
1.56383e-07
1.50346e-07
1.44663e-07
1.39311e-07
1.34262e-07
1.29498e-07
1.24995e-07
1.20736e-07
1.16702e-07
1.12879e-07
1.09252e-07
1.05807e-07
1.02533e-07
9.94169e-08
9.64503e-08
9.36224e-08
9.09255e-08
8.83502e-08
8.58906e-08
8.35382e-08
 8.1288e-08
7.91329e-08
7.70684e-08
7.50885e-08
7.31893e-08
7.13656e-08
6.96141e-08
6.79301e-08
6.63108e-08
6.47524e-08
6.32519e-08
6.18064e-08
6.04131e-08
5.90696e-08
5.77732e-08
5.65219e-08
5.53134e-08
5.41459e-08
5.30172e-08
5.19259e-08
  5.087e-08
4.98482e-08
4.88588e-08
4.79006e-08
 4.6972e-08
4.60719e-08
4.51991e-08
4.43525e-08
4.35309e-08
4.27335e-08
4.19592e-08
 4.1207e-08
4.04762e-08
3.97659e-08
3.90753e-08
3.84038e-08
3.77504e-08
3.71147e-08
3.64958e-08
3.58933e-08
3.53066e-08
 3.4735e-08
 3.4178e-08
3.36352e-08
 3.3106e-08
  3.259e-08
3.20867e-08
3.15957e-08
3.11166e-08
3.06489e-08
3.01924e-08
2.97466e-08
2.93113e-08
 2.8886e-08
2.84704e-08
2.80643e-08
2.76674e-08
2.72794e-08
2.68999e-08
2.65288e-08
2.61658e-08
2.58106e-08
2.54631e-08
2.51229e-08
2.47899e-08
2.44639e-08
2.41446e-08
2.38324e-08
2.35242e-08
2.32343e-08
2.28867e-08
2.25995e-08
     0.0005
   0.000475
0.000452499
0.000432122
 0.00041357
0.000396599
0.000381008
0.000366631
0.000353328
0.000340979
0.000329483
0.000318752
0.000308712
0.000299296
0.000290447
0.000282114
0.000274253
0.000266824
0.000259793
0.000253127
0.000246798
0.000240782
0.000235055
0.000229597
0.000224389
0.000219414
0.000214656
0.000210103
 0.00020574
0.000201556
 0.00019754
0.000193682
0.000189972
0.000186404
0.000182967
0.000179656
0.000176463
0.000173382
0.000170407
0.000167533
0.000164755
0.000162068
0.000159468
 0.00015695
0.000154511
0.000152147
0.000149854
0.000147629
 0.00014547
0.000143373
0.000141336
0.000139357
0.000137432
 0.00013556
0.000133738
0.000131965
0.000130238
0.000128556
0.000126917
0.000125319
0.000123761
0.000122242
0.000120759
0.000119312
0.000117899
 0.00011652
0.000115172
0.000113855
0.000112569
 0.00011131
 0.00011008
0.000108877
  0.0001077
0.000106548
 0.00010542
0.000104316
0.000103235
0.000102176
0.000101139
0.000100122
9.91262e-05
9.81496e-05
9.71921e-05
9.62531e-05
9.53321e-05
9.44286e-05
 9.3542e-05
 9.2672e-05
 9.1818e-05
9.09796e-05
9.01564e-05
8.93479e-05
8.85539e-05
8.77738e-05
8.70073e-05
8.62542e-05
8.55138e-05
8.47871e-05
 8.4067e-05
8.33881e-05
8.25681e-05
 0.00999504
          1
 5.0038e-06
4.75323e-06
4.52771e-06
4.32352e-06
4.13763e-06
3.96761e-06
3.81144e-06
3.66744e-06
 3.5342e-06
3.41053e-06
3.29541e-06
3.18798e-06
3.08745e-06
2.99319e-06
2.90461e-06
 2.8212e-06
2.74252e-06
2.66817e-06
2.59779e-06
2.53108e-06
2.46775e-06
2.40755e-06
2.35024e-06
2.29563e-06
2.24352e-06
2.19375e-06
2.14615e-06
 2.1006e-06
2.05695e-06
 2.0151e-06
1.97492e-06
1.93633e-06
1.89923e-06
1.86353e-06
1.82915e-06
1.79603e-06
 1.7641e-06
1.73328e-06
1.70353e-06
1.67479e-06
1.64701e-06
1.62014e-06
1.59413e-06
1.56895e-06
1.54456e-06
1.52091e-06
1.49799e-06
1.47574e-06
1.45415e-06
1.43318e-06
1.41282e-06
1.39302e-06
1.37377e-06
1.35505e-06
1.33684e-06
1.31911e-06
1.30184e-06
1.28502e-06
1.26863e-06
1.25266e-06
1.23708e-06
1.22189e-06
1.20707e-06
 1.1926e-06
1.17847e-06
1.16468e-06
1.15121e-06
1.13804e-06
1.12518e-06
 1.1126e-06
 1.1003e-06
1.08827e-06
 1.0765e-06
1.06498e-06
1.05371e-06
1.04267e-06
1.03187e-06
1.02128e-06
1.01091e-06
1.00075e-06
 9.9079e-07
9.81027e-07
9.71455e-07
9.62068e-07
9.52861e-07
9.43829e-07
9.34966e-07
9.26269e-07
9.17732e-07
 9.0935e-07
9.01121e-07
8.93039e-07
8.85102e-07
8.77304e-07
8.69642e-07
8.62113e-07
8.54712e-07
8.47447e-07
8.40249e-07
8.33462e-07
8.25266e-07
