-4.00649e-08
 1.17488e-07
 7.28866e-08
 9.82166e-08
 7.49231e-08
 8.29788e-08
 6.79569e-08
 7.09627e-08
 6.03287e-08
 6.13379e-08
 5.34777e-08
-4.08057e-07
-1.68791e-08
 1.81533e-08
 7.40596e-08
 8.80142e-08
 1.02236e-07
 1.08524e-07
 1.11212e-07
 1.13857e-07
 1.12563e-07
 1.13164e-07
 1.10093e-07
  0.00044275
 0.000477862
 0.000433129
 0.000435027
 0.000401539
 0.000399607
 0.000371927
  0.00036981
 0.000345695
 0.000344414
  0.00032256
   0.0100081
           1
 4.58796e-06
 4.87226e-06
  4.3978e-06
 4.40431e-06
 4.05729e-06
 4.03324e-06
 3.74929e-06
   3.726e-06
 3.47993e-06
 3.46623e-06
 3.24389e-06
