7.68117e-08
7.98147e-08
6.94426e-08
6.70851e-08
5.99822e-08
5.74809e-08
5.20907e-08
4.99283e-08
4.56239e-08
4.38459e-08
4.02869e-08
3.88619e-08
3.58336e-08
3.47223e-08
3.20747e-08
3.12473e-08
2.88656e-08
2.83066e-08
2.60935e-08
2.58054e-08
2.36685e-08
8.31059e-08
9.95987e-08
9.45532e-08
9.47225e-08
9.13532e-08
8.93619e-08
8.66306e-08
8.41155e-08
8.17568e-08
7.91664e-08
7.70692e-08
7.45734e-08
7.26648e-08
7.03485e-08
6.85584e-08
6.64887e-08
6.47267e-08
6.29941e-08
6.11174e-08
5.98873e-08
5.76366e-08
5.57875e-08
0.000484798
 0.00047576
0.000447355
0.000432893
0.000410375
0.000397398
0.000378597
0.000367475
0.000351301
0.000341891
0.000327645
0.000319763
0.000306936
0.000300451
0.000288625
0.000283481
0.000272265
0.000268515
 0.00025747
0.000255335
0.000243864
 0.00999824
          1
4.85878e-06
4.76342e-06
4.47828e-06
4.33266e-06
4.10693e-06
3.97669e-06
3.78834e-06
3.67684e-06
3.51487e-06
3.42055e-06
3.27793e-06
3.19896e-06
3.07057e-06
3.00558e-06
2.88725e-06
2.83569e-06
2.72348e-06
2.68587e-06
 2.5754e-06
2.55394e-06
2.43919e-06
