2.00618e-08
1.96111e-08
1.81557e-08
1.74356e-08
 1.6298e-08
 1.5657e-08
 1.4719e-08
1.41746e-08
1.33772e-08
 1.2921e-08
1.22268e-08
1.18485e-08
1.12306e-08
1.09223e-08
1.03593e-08
1.01169e-08
9.58917e-09
9.41395e-09
8.90029e-09
8.80109e-09
8.27349e-09
6.45011e-09
6.87236e-09
6.89213e-09
7.04305e-09
7.05607e-09
7.12122e-09
 7.1194e-09
7.13562e-09
7.12203e-09
7.10562e-09
7.08452e-09
7.04437e-09
7.01977e-09
  6.961e-09
6.93648e-09
  6.862e-09
6.84062e-09
6.75234e-09
6.73577e-09
6.63711e-09
6.62162e-09
6.51051e-09
0.000484798
 0.00047576
0.000447355
0.000432893
0.000410375
0.000397398
0.000378597
0.000367475
0.000351301
0.000341891
0.000327645
0.000319763
0.000306936
0.000300451
0.000288625
0.000283481
0.000272265
0.000268515
 0.00025747
0.000255335
0.000243864
 0.00999977
          1
4.84832e-06
4.75785e-06
4.47378e-06
4.32914e-06
4.10394e-06
3.97415e-06
3.78613e-06
3.67491e-06
3.51315e-06
3.41904e-06
3.27657e-06
3.19775e-06
3.06946e-06
3.00461e-06
2.88634e-06
 2.8349e-06
2.72273e-06
2.68523e-06
2.57477e-06
2.55341e-06
2.43871e-06
