-1.61713e-09
   4.644e-09
 3.52795e-09
 4.59801e-09
 4.10956e-09
 4.47432e-09
 4.19087e-09
 4.33302e-09
 4.14203e-09
 4.18914e-09
 4.04823e-09
-1.96113e-08
-2.64394e-09
-3.00173e-10
 2.30532e-09
 3.52474e-09
 4.31548e-09
 5.09091e-09
 5.35022e-09
 5.89511e-09
 5.94461e-09
 6.35121e-09
 6.58558e-09
 9.19175e-05
 9.90808e-05
 9.53242e-05
 9.71401e-05
 9.44976e-05
 9.52747e-05
 9.31283e-05
 9.34802e-05
 9.16224e-05
 9.17526e-05
 9.00883e-05
   0.0100019
           1
 9.26514e-07
 9.95639e-07
 9.56564e-07
 9.74339e-07
 9.47206e-07
  9.5487e-07
 9.32976e-07
  9.3647e-07
 9.17594e-07
 9.18904e-07
 9.02049e-07
