-1.36549e-09
 4.65593e-09
 3.54202e-09
  4.5796e-09
 4.09104e-09
 4.44651e-09
 4.16275e-09
 4.30176e-09
 4.11056e-09
 4.15676e-09
 4.01576e-09
-1.84017e-08
-1.99488e-09
 1.17134e-10
 2.63316e-09
 3.74268e-09
 4.50434e-09
 5.21384e-09
 5.46218e-09
 5.96242e-09
 6.00835e-09
 6.38235e-09
 6.59405e-09
 9.19175e-05
 9.90808e-05
 9.53242e-05
 9.71401e-05
 9.44976e-05
 9.52747e-05
 9.31283e-05
 9.34802e-05
 9.16224e-05
 9.17526e-05
 9.00883e-05
   0.0100017
           1
 9.26288e-07
 9.95439e-07
 9.56432e-07
 9.74212e-07
 9.47111e-07
 9.54775e-07
 9.32901e-07
 9.36394e-07
 9.17532e-07
  9.1884e-07
 9.01995e-07
