  2.3397e-09
 4.69895e-09
  3.9489e-09
 4.42976e-09
 4.04705e-09
 4.23399e-09
 3.98128e-09
  4.0654e-09
  3.8758e-09
 3.91241e-09
 3.75933e-09
 3.77061e-09
 3.64121e-09
 3.63783e-09
 3.52509e-09
 3.51283e-09
 3.41249e-09
 3.39471e-09
 3.30404e-09
 3.28282e-09
 3.19995e-09
 3.17664e-09
 3.10024e-09
 3.07571e-09
 3.00481e-09
 2.97967e-09
  2.9135e-09
 2.88817e-09
 2.82613e-09
 2.80092e-09
 2.74254e-09
 2.71765e-09
 2.66252e-09
  2.6381e-09
  2.5859e-09
 2.56204e-09
 2.51251e-09
 2.48928e-09
 2.44216e-09
 2.41963e-09
  2.3747e-09
 2.35289e-09
 2.30999e-09
 2.28891e-09
 2.24788e-09
 2.22753e-09
 2.18823e-09
 2.16862e-09
 2.13091e-09
 2.11205e-09
 2.07582e-09
 2.05768e-09
 2.02283e-09
 2.00541e-09
 1.97183e-09
 1.95514e-09
 1.92274e-09
 1.90674e-09
 1.87546e-09
 1.86015e-09
 1.82989e-09
 1.81526e-09
 1.78596e-09
   1.772e-09
 1.74359e-09
 1.73029e-09
  1.7027e-09
 1.69005e-09
 1.66323e-09
 1.65122e-09
 1.62511e-09
 1.61374e-09
 1.58827e-09
 1.57754e-09
 1.55266e-09
 1.54257e-09
 1.51822e-09
 1.50877e-09
  1.4849e-09
  1.4761e-09
 1.45264e-09
  1.4445e-09
 1.42141e-09
 1.41394e-09
 1.39115e-09
 1.38437e-09
 1.36182e-09
 1.35575e-09
 1.33338e-09
 1.32805e-09
 1.30579e-09
 1.30123e-09
 1.27901e-09
 1.27527e-09
   1.253e-09
 1.25012e-09
 1.22773e-09
 1.22576e-09
 1.20317e-09
 1.20217e-09
 1.17929e-09
-3.39783e-09
  5.1212e-09
 4.68263e-09
  6.2586e-09
 6.05313e-09
 6.65506e-09
 6.52516e-09
 6.80991e-09
 6.71333e-09
 6.85798e-09
 6.77888e-09
 6.85064e-09
 6.78186e-09
 6.81161e-09
  6.7495e-09
 6.75335e-09
 6.69588e-09
 6.68298e-09
 6.62895e-09
 6.60486e-09
 6.55353e-09
 6.52179e-09
 6.47267e-09
 6.43565e-09
 6.38839e-09
 6.34772e-09
 6.30208e-09
  6.2589e-09
 6.21473e-09
 6.16986e-09
 6.12701e-09
 6.08105e-09
 6.03944e-09
 5.99284e-09
 5.95238e-09
 5.90548e-09
  5.8661e-09
 5.81915e-09
 5.78081e-09
   5.734e-09
 5.69664e-09
 5.65014e-09
 5.61371e-09
 5.56762e-09
  5.5321e-09
 5.48651e-09
 5.45185e-09
 5.40684e-09
   5.373e-09
 5.32862e-09
 5.29558e-09
 5.25187e-09
 5.21959e-09
 5.17659e-09
 5.14504e-09
 5.10277e-09
 5.07191e-09
  5.0304e-09
 5.00021e-09
 4.95946e-09
  4.9299e-09
 4.88995e-09
 4.86098e-09
 4.82184e-09
 4.79341e-09
  4.7551e-09
 4.72719e-09
 4.68973e-09
 4.66227e-09
 4.62568e-09
 4.59864e-09
 4.56294e-09
 4.53626e-09
 4.50149e-09
  4.4751e-09
 4.44131e-09
 4.41514e-09
 4.38237e-09
 4.35633e-09
 4.32465e-09
 4.29864e-09
 4.26815e-09
 4.24204e-09
 4.21283e-09
 4.18648e-09
  4.1587e-09
 4.13191e-09
 4.10575e-09
 4.07829e-09
 4.05399e-09
 4.02556e-09
 4.00344e-09
 3.97364e-09
 3.95412e-09
 3.92243e-09
 3.90609e-09
 3.87183e-09
 3.85943e-09
 3.82168e-09
 3.81429e-09
 3.77177e-09
 3.74726e-09
 9.84065e-05
 9.90159e-05
 9.74884e-05
 9.70752e-05
  9.5798e-05
 9.52097e-05
 9.40592e-05
  9.3415e-05
 9.23486e-05
 9.16873e-05
 9.06847e-05
 9.00227e-05
 8.90723e-05
 8.84178e-05
 8.75121e-05
 8.68696e-05
 8.60031e-05
  8.5375e-05
 8.45436e-05
 8.39312e-05
 8.31318e-05
 8.25357e-05
 8.17657e-05
 8.11861e-05
 8.04432e-05
 7.98802e-05
 7.91625e-05
 7.86159e-05
 7.79217e-05
 7.73912e-05
  7.6719e-05
 7.62042e-05
 7.55528e-05
 7.50533e-05
 7.44213e-05
 7.39368e-05
 7.33232e-05
 7.28532e-05
 7.22569e-05
  7.1801e-05
 7.12211e-05
  7.0779e-05
 7.02146e-05
 6.97858e-05
 6.92361e-05
 6.88202e-05
 6.82844e-05
 6.78811e-05
 6.73584e-05
 6.69674e-05
 6.64572e-05
 6.60782e-05
 6.55797e-05
 6.52124e-05
 6.47251e-05
 6.43691e-05
 6.38923e-05
 6.35475e-05
 6.30806e-05
 6.27468e-05
 6.22892e-05
 6.19661e-05
 6.15173e-05
 6.12048e-05
 6.07641e-05
 6.04622e-05
  6.0029e-05
 5.97376e-05
 5.93114e-05
 5.90303e-05
 5.86104e-05
 5.83399e-05
 5.79257e-05
 5.76656e-05
 5.72565e-05
 5.70071e-05
 5.66023e-05
 5.63638e-05
 5.59625e-05
 5.57353e-05
 5.53366e-05
 5.51211e-05
  5.4724e-05
 5.45209e-05
 5.41243e-05
 5.39343e-05
 5.35368e-05
  5.3361e-05
  5.2961e-05
 5.28008e-05
 5.23963e-05
 5.22535e-05
 5.18422e-05
  5.1719e-05
 5.12978e-05
 5.11975e-05
 5.07623e-05
  5.0689e-05
 5.02348e-05
 5.01942e-05
 4.97139e-05
   0.0100002
           1
 9.88245e-07
 9.92161e-07
 9.76481e-07
 9.71933e-07
 9.58988e-07
 9.52931e-07
 9.41329e-07
 9.34793e-07
 9.24068e-07
 9.17394e-07
 9.07327e-07
 9.00665e-07
 8.91131e-07
 8.84556e-07
 8.75475e-07
 8.69027e-07
 8.60343e-07
 8.54044e-07
 8.45715e-07
 8.39576e-07
  8.3157e-07
 8.25597e-07
 8.17886e-07
  8.1208e-07
 8.04642e-07
 7.99004e-07
 7.91819e-07
 7.86345e-07
 7.79397e-07
 7.74084e-07
 7.67357e-07
 7.62203e-07
 7.55683e-07
 7.50684e-07
 7.44359e-07
 7.39509e-07
 7.33369e-07
 7.28665e-07
 7.22699e-07
 7.18136e-07
 7.12334e-07
 7.07909e-07
 7.02262e-07
  6.9797e-07
 6.92471e-07
 6.88309e-07
 6.82948e-07
 6.78913e-07
 6.73684e-07
 6.69771e-07
 6.64667e-07
 6.60874e-07
 6.55888e-07
 6.52212e-07
 6.47338e-07
 6.43776e-07
 6.39006e-07
 6.35556e-07
 6.30886e-07
 6.27545e-07
 6.22968e-07
 6.19736e-07
 6.15246e-07
  6.1212e-07
 6.07712e-07
 6.04691e-07
 6.00358e-07
 5.97442e-07
 5.93179e-07
 5.90367e-07
 5.86168e-07
  5.8346e-07
 5.79318e-07
 5.76716e-07
 5.72624e-07
 5.70129e-07
  5.6608e-07
 5.63694e-07
  5.5968e-07
 5.57407e-07
 5.53419e-07
 5.51264e-07
 5.47292e-07
  5.4526e-07
 5.41293e-07
 5.39392e-07
 5.35416e-07
 5.33657e-07
 5.29657e-07
 5.28054e-07
 5.24009e-07
  5.2258e-07
 5.18466e-07
 5.17234e-07
 5.13021e-07
 5.12017e-07
 5.07665e-07
 5.06932e-07
 5.02388e-07
 5.01983e-07
 4.97178e-07
