1.84309e-09
2.57522e-09
2.21428e-09
2.45177e-09
 2.2303e-09
 2.3591e-09
2.19793e-09
2.27869e-09
2.15153e-09
2.20542e-09
2.10038e-09
2.13722e-09
2.04796e-09
2.07305e-09
 1.9958e-09
2.01229e-09
1.94465e-09
 1.9545e-09
1.89489e-09
 1.8994e-09
1.84671e-09
1.12081e-09
2.53058e-09
2.08301e-09
2.46195e-09
2.24352e-09
2.42442e-09
2.29519e-09
2.39597e-09
2.31202e-09
2.37107e-09
2.31353e-09
2.34779e-09
2.30702e-09
2.32533e-09
2.29582e-09
 2.3033e-09
2.28167e-09
2.28155e-09
2.26557e-09
2.25998e-09
2.24813e-09
2.23182e-09
8.84925e-05
9.91151e-05
9.41818e-05
9.71744e-05
9.38113e-05
 9.5309e-05
9.26369e-05
9.35146e-05
9.12391e-05
9.17871e-05
8.97735e-05
9.01229e-05
8.82977e-05
8.85186e-05
8.68371e-05
8.69709e-05
8.54037e-05
8.54769e-05
8.40035e-05
8.40338e-05
8.26392e-05
 0.00999979
          1
8.85586e-07
9.91372e-07
9.42017e-07
9.71867e-07
9.38223e-07
9.53172e-07
9.26442e-07
9.35205e-07
9.12443e-07
9.17916e-07
8.97774e-07
9.01264e-07
8.83007e-07
8.85213e-07
8.68394e-07
 8.6973e-07
8.54056e-07
8.54786e-07
 8.4005e-07
8.40352e-07
8.26403e-07
