5.29866e-05
6.07849e-06
8.97394e-06
2.43529e-06
3.42846e-06
1.28671e-06
1.74791e-06
7.87209e-07
1.03974e-06
5.28129e-07
6.78634e-07
2.11678e-06
4.24469e-05
6.60695e-06
1.96095e-05
4.69141e-06
1.15171e-05
3.39968e-06
7.65742e-06
2.57239e-06
5.49535e-06
2.03693e-06
4.13338e-06
  0.0096668
 0.00333102
  0.0032666
 0.00199895
 0.00197134
 0.00142794
  0.0014126
 0.00111068
 0.00110091
0.000908771
0.000900803
 0.00999969
          1
0.000117833
3.55475e-05
3.52306e-05
2.07658e-05
 2.0384e-05
1.46397e-05
1.43378e-05
1.13022e-05
1.10695e-05
9.20644e-06
9.00941e-06
