5.29866e-05
6.07849e-06
8.97395e-06
2.43529e-06
3.42846e-06
1.28671e-06
1.74791e-06
7.87208e-07
1.03974e-06
5.27834e-07
6.81423e-07
3.76889e-07
4.77395e-07
2.81742e-07
3.51168e-07
2.18108e-07
2.68106e-07
1.73558e-07
2.10778e-07
1.41213e-07
1.69679e-07
1.17021e-07
1.39285e-07
9.84754e-08
1.16223e-07
8.39596e-08
9.83368e-08
7.23937e-08
8.42053e-08
6.30349e-08
7.28585e-08
5.53594e-08
6.36184e-08
4.89892e-08
5.59999e-08
4.36465e-08
4.96488e-08
 3.9123e-08
4.43018e-08
3.52605e-08
3.97603e-08
3.19372e-08
3.58718e-08
2.90577e-08
3.25183e-08
 2.6547e-08
2.96068e-08
2.43451e-08
2.70638e-08
2.24036e-08
2.48302e-08
2.06833e-08
2.28583e-08
 1.9152e-08
 2.1109e-08
1.77831e-08
1.95505e-08
1.65547e-08
1.81561e-08
1.54482e-08
1.69039e-08
1.44482e-08
1.57752e-08
1.35414e-08
1.47546e-08
1.27167e-08
1.38287e-08
1.19645e-08
1.29863e-08
1.12766e-08
1.22178e-08
1.06459e-08
1.15147e-08
1.00663e-08
  1.087e-08
9.53246e-09
1.02773e-08
9.03966e-09
9.73133e-09
8.58385e-09
9.22729e-09
8.16143e-09
8.76102e-09
7.76922e-09
8.32887e-09
7.40444e-09
7.92762e-09
7.06459e-09
7.55441e-09
6.74746e-09
7.20669e-09
6.45108e-09
6.88223e-09
6.17368e-09
  6.579e-09
5.91369e-09
6.29519e-09
5.66969e-09
6.02921e-09
 5.4404e-09
5.77907e-09
2.11678e-06
4.24469e-05
6.60695e-06
1.96095e-05
4.69141e-06
1.15171e-05
3.39968e-06
7.65742e-06
2.57239e-06
5.49553e-06
2.01853e-06
4.15448e-06
1.63029e-06
3.26146e-06
1.34736e-06
2.63486e-06
1.13447e-06
2.17715e-06
9.69997e-07
1.83197e-06
8.40086e-07
1.56481e-06
7.35547e-07
1.35352e-06
 6.5007e-07
1.18335e-06
5.79211e-07
1.04416e-06
5.19759e-07
 9.2877e-07
4.69349e-07
8.31976e-07
4.26202e-07
7.49937e-07
3.88962e-07
6.79763e-07
3.56578e-07
6.19242e-07
3.28226e-07
 5.6666e-07
3.03251e-07
5.20668e-07
2.81127e-07
4.80197e-07
2.61428e-07
4.44384e-07
2.43806e-07
4.12533e-07
2.27972e-07
3.84073e-07
2.13689e-07
3.58533e-07
2.00757e-07
3.35521e-07
1.89007e-07
3.14711e-07
1.78297e-07
2.95826e-07
1.68505e-07
2.78633e-07
1.59528e-07
2.62934e-07
1.51275e-07
2.48558e-07
1.43669e-07
2.35359e-07
1.36644e-07
2.23209e-07
 1.3014e-07
   2.12e-07
1.24106e-07
2.01635e-07
1.18498e-07
 1.9203e-07
1.13275e-07
1.83113e-07
1.08401e-07
1.74817e-07
1.03847e-07
1.67087e-07
9.95844e-08
 1.5987e-07
9.55879e-08
1.53123e-07
9.18358e-08
1.46804e-07
 8.8308e-08
1.40878e-07
8.49868e-08
1.35313e-07
8.18561e-08
1.30078e-07
7.89012e-08
1.25149e-07
7.61091e-08
1.20502e-07
7.34677e-08
1.16115e-07
7.09662e-08
1.11969e-07
6.86317e-08
1.08008e-07
  0.0096668
 0.00333102
  0.0032666
 0.00199895
 0.00197134
 0.00142794
  0.0014126
 0.00111068
 0.00110091
0.000908759
   0.000902
0.000768961
0.000764004
0.000666437
0.000662646
0.000588033
 0.00058504
0.000526133
 0.00052371
0.000476022
0.000474021
0.000434625
0.000432944
0.000399851
0.000398419
0.000370228
0.000368994
0.000344691
0.000343616
0.000322448
0.000321504
0.000302902
0.000302065
0.000285589
0.000284842
0.000270147
0.000269478
 0.00025629
0.000255685
0.000243784
0.000243236
0.000232441
0.000231942
0.000222107
 0.00022165
0.000212652
0.000212232
0.000203969
0.000203582
0.000195966
0.000195609
0.000188568
0.000188236
0.000181708
0.000181399
0.000175329
0.000175041
0.000169382
0.000169114
0.000163826
0.000163574
0.000158622
0.000158386
0.000153739
0.000153517
0.000149147
0.000148938
0.000144821
0.000144624
0.000140739
0.000140552
 0.00013688
0.000136704
0.000133228
 0.00013306
0.000129765
0.000129606
0.000126477
0.000126326
0.000123352
0.000123208
0.000120377
 0.00012024
0.000117543
0.000117412
0.000114838
0.000114714
0.000112256
0.000112136
0.000109786
0.000109672
0.000107423
0.000107314
 0.00010516
0.000105055
0.000102989
0.000102889
0.000100907
 0.00010081
9.89068e-05
9.88122e-05
 0.00999969
          1
0.000117833
3.55475e-05
3.52306e-05
2.07658e-05
 2.0384e-05
1.46397e-05
1.43378e-05
1.13022e-05
1.10695e-05
9.20451e-06
9.02247e-06
7.76446e-06
  7.619e-06
6.71469e-06
6.59613e-06
5.91545e-06
 5.8171e-06
5.28655e-06
5.20373e-06
4.77874e-06
4.70809e-06
 4.3601e-06
4.29913e-06
4.00902e-06
3.95588e-06
3.71034e-06
3.66363e-06
3.45315e-06
3.41176e-06
3.22934e-06
3.19243e-06
3.03281e-06
2.99969e-06
2.85886e-06
2.82897e-06
 2.7038e-06
2.67669e-06
2.56471e-06
2.54001e-06
2.43924e-06
2.41665e-06
2.32549e-06
2.30474e-06
2.22188e-06
2.20276e-06
2.12711e-06
2.10944e-06
 2.0401e-06
2.02372e-06
1.95994e-06
 1.9447e-06
1.88583e-06
1.87163e-06
1.81713e-06
1.80387e-06
1.75326e-06
1.74084e-06
1.69373e-06
1.68207e-06
1.63811e-06
1.62715e-06
1.58603e-06
1.57571e-06
1.53716e-06
1.52742e-06
1.49121e-06
  1.482e-06
1.44793e-06
1.43921e-06
1.40708e-06
1.39882e-06
1.36848e-06
1.36064e-06
1.33194e-06
1.32449e-06
 1.2973e-06
1.29021e-06
1.26442e-06
1.25766e-06
1.23316e-06
1.22671e-06
1.20341e-06
1.19725e-06
1.17506e-06
1.16918e-06
1.14802e-06
1.14238e-06
1.12219e-06
1.11679e-06
 1.0975e-06
1.09232e-06
1.07387e-06
 1.0689e-06
1.05124e-06
1.04647e-06
1.02954e-06
1.02495e-06
1.00871e-06
1.00431e-06
9.88717e-07
9.84459e-07
