5.29866e-05
6.07849e-06
8.97394e-06
2.43529e-06
3.42846e-06
1.28671e-06
1.74791e-06
7.87209e-07
1.03974e-06
5.27834e-07
6.81422e-07
3.76889e-07
4.77395e-07
2.81742e-07
3.51168e-07
2.18108e-07
2.68106e-07
1.73558e-07
2.10778e-07
1.41228e-07
1.69428e-07
2.11678e-06
4.24469e-05
6.60695e-06
1.96095e-05
4.69141e-06
1.15171e-05
3.39968e-06
7.65742e-06
2.57239e-06
5.49553e-06
2.01853e-06
4.15448e-06
1.63029e-06
3.26146e-06
1.34736e-06
2.63486e-06
1.13447e-06
2.17715e-06
9.69996e-07
1.83196e-06
8.43465e-07
1.56105e-06
  0.0096668
 0.00333102
  0.0032666
 0.00199895
 0.00197134
 0.00142794
  0.0014126
 0.00111068
 0.00110091
0.000908759
   0.000902
0.000768961
0.000764004
0.000666437
0.000662646
0.000588033
 0.00058504
0.000526133
 0.00052371
0.000476023
0.000473835
 0.00999969
          1
0.000117833
3.55475e-05
3.52306e-05
2.07658e-05
 2.0384e-05
1.46397e-05
1.43378e-05
1.13022e-05
1.10695e-05
9.20451e-06
9.02247e-06
7.76446e-06
  7.619e-06
6.71469e-06
6.59613e-06
5.91545e-06
5.81711e-06
5.28655e-06
5.20373e-06
4.77892e-06
4.70628e-06
