5.24033e-05
6.05482e-06
8.89019e-06
2.42724e-06
3.40045e-06
  1.283e-06
1.73515e-06
7.85187e-07
1.03286e-06
 5.2661e-07
6.77291e-07
3.76091e-07
 4.7472e-07
2.81193e-07
3.49337e-07
2.17714e-07
2.66798e-07
1.73265e-07
2.09811e-07
1.41004e-07
1.68696e-07
 2.0897e-06
4.19048e-05
6.56949e-06
1.93756e-05
4.66737e-06
1.13865e-05
 3.3834e-06
7.57407e-06
 2.5607e-06
5.43767e-06
2.00975e-06
4.11196e-06
1.62346e-06
3.22889e-06
1.34189e-06
2.60911e-06
1.12999e-06
2.15628e-06
9.66263e-07
 1.8147e-06
8.40252e-07
1.54659e-06
  0.0096668
 0.00333102
  0.0032666
 0.00199895
 0.00197134
 0.00142794
  0.0014126
 0.00111068
 0.00110091
0.000908759
   0.000902
0.000768961
0.000764004
0.000666437
0.000662646
0.000588033
 0.00058504
0.000526133
 0.00052371
0.000476023
0.000473835
 0.00999969
          1
0.000117562
3.55364e-05
3.52025e-05
2.07624e-05
2.03782e-05
1.46383e-05
1.43368e-05
1.13015e-05
1.10699e-05
9.20416e-06
9.02323e-06
7.76426e-06
7.61983e-06
6.71459e-06
6.59695e-06
5.91538e-06
5.81786e-06
5.28651e-06
5.20441e-06
 4.7789e-06
4.70689e-06
