2.39628e-05
4.30802e-06
4.69385e-06
1.82168e-06
 1.9707e-06
9.99619e-07
 1.0748e-06
 6.2911e-07
6.72908e-07
4.31244e-07
4.59207e-07
 3.1345e-07
3.32483e-07
2.37788e-07
2.51371e-07
1.86373e-07
1.96429e-07
1.49882e-07
1.57548e-07
1.23075e-07
1.28932e-07
7.97495e-07
1.60247e-05
4.02144e-06
8.04771e-06
2.98767e-06
5.00238e-06
2.23013e-06
3.46856e-06
1.72522e-06
2.57237e-06
1.37774e-06
1.99718e-06
1.12893e-06
1.60317e-06
9.44429e-07
1.31998e-06
8.03567e-07
1.10879e-06
6.93368e-07
9.46585e-07
6.06365e-07
8.17719e-07
  0.0096668
 0.00333102
  0.0032666
 0.00199895
 0.00197134
 0.00142794
  0.0014126
 0.00111068
 0.00110091
0.000908759
   0.000902
0.000768961
0.000764004
0.000666437
0.000662646
0.000588033
 0.00058504
0.000526133
 0.00052371
0.000476023
0.000473835
 0.00999982
          1
0.000104648
3.47242e-05
3.38172e-05
2.05059e-05
2.00774e-05
1.45293e-05
1.42753e-05
1.12473e-05
 1.1078e-05
9.17452e-06
9.05313e-06
7.74703e-06
7.65552e-06
6.70416e-06
6.63261e-06
5.90894e-06
 5.8514e-06
5.28251e-06
 5.2352e-06
4.77633e-06
4.73483e-06
