2.39628e-05
4.30802e-06
4.69385e-06
1.82168e-06
 1.9707e-06
9.99619e-07
 1.0748e-06
 6.2911e-07
6.72908e-07
4.31244e-07
4.59208e-07
 3.1345e-07
3.32483e-07
2.37788e-07
2.51372e-07
1.86373e-07
 1.9643e-07
1.49882e-07
1.57549e-07
1.23071e-07
1.29058e-07
1.02808e-07
1.07577e-07
8.71299e-08
9.09938e-08
7.47568e-08
7.79329e-08
6.48243e-08
6.74683e-08
5.67331e-08
5.89585e-08
5.00564e-08
5.19479e-08
4.44841e-08
4.61059e-08
3.97864e-08
4.11878e-08
3.57901e-08
3.70097e-08
3.23629e-08
 3.3431e-08
 2.9402e-08
3.03429e-08
2.68268e-08
2.76601e-08
2.45735e-08
2.53151e-08
2.25908e-08
2.32537e-08
2.08371e-08
2.14322e-08
1.92786e-08
1.98149e-08
1.78876e-08
1.83726e-08
 1.6641e-08
1.70811e-08
1.55195e-08
1.59201e-08
1.45069e-08
1.48727e-08
1.35898e-08
1.39246e-08
1.27564e-08
1.30637e-08
 1.1997e-08
1.22797e-08
 1.1303e-08
1.15638e-08
1.06672e-08
1.09082e-08
1.00833e-08
1.03065e-08
 9.5458e-09
9.75291e-09
9.04992e-09
9.24247e-09
 8.5915e-09
8.77083e-09
8.16687e-09
8.33417e-09
 7.7728e-09
7.92912e-09
7.40644e-09
7.55272e-09
7.06525e-09
7.20234e-09
6.74698e-09
6.87565e-09
6.44965e-09
6.57056e-09
6.17145e-09
6.28522e-09
5.91078e-09
6.01797e-09
5.66621e-09
5.76732e-09
5.43644e-09
5.53192e-09
5.22031e-09
5.31029e-09
7.97496e-07
1.60247e-05
4.02144e-06
8.04771e-06
2.98767e-06
5.00238e-06
2.23013e-06
3.46856e-06
1.72522e-06
2.57237e-06
1.37774e-06
1.99718e-06
1.12893e-06
1.60317e-06
9.44429e-07
1.31998e-06
8.03568e-07
1.10879e-06
6.93368e-07
9.46591e-07
6.05371e-07
8.19012e-07
5.33872e-07
7.16649e-07
4.74903e-07
 6.3313e-07
4.25635e-07
   5.64e-07
3.84005e-07
5.06065e-07
3.48477e-07
 4.5698e-07
3.17886e-07
4.14994e-07
2.91338e-07
3.78771e-07
2.68133e-07
3.47281e-07
2.47721e-07
3.19718e-07
 2.2966e-07
 2.9544e-07
2.13594e-07
2.73935e-07
1.99233e-07
2.54788e-07
1.86338e-07
2.37658e-07
1.74711e-07
2.22267e-07
1.64189e-07
2.08382e-07
1.54631e-07
1.95808e-07
1.45922e-07
1.84383e-07
 1.3796e-07
1.73968e-07
1.30662e-07
1.64444e-07
1.23953e-07
1.55712e-07
 1.1777e-07
1.47683e-07
1.12059e-07
1.40282e-07
1.06771e-07
1.33446e-07
1.01865e-07
1.27115e-07
9.73044e-08
1.21242e-07
9.30562e-08
1.15781e-07
8.90922e-08
1.10695e-07
 8.5387e-08
1.05949e-07
 8.1918e-08
1.01513e-07
7.86651e-08
9.73606e-08
7.56103e-08
9.34668e-08
7.27375e-08
8.98104e-08
7.00323e-08
8.63722e-08
6.74815e-08
8.31349e-08
6.50734e-08
8.00828e-08
6.27972e-08
7.72017e-08
6.06433e-08
 7.4479e-08
 5.8603e-08
7.19029e-08
5.66681e-08
6.94629e-08
 5.4843e-08
6.71364e-08
  0.0096668
 0.00333102
  0.0032666
 0.00199895
 0.00197134
 0.00142794
  0.0014126
 0.00111068
 0.00110091
0.000908759
   0.000902
0.000768961
0.000764004
0.000666437
0.000662646
0.000588033
 0.00058504
0.000526133
 0.00052371
0.000476022
0.000474021
0.000434625
0.000432944
0.000399851
0.000398419
0.000370228
0.000368994
0.000344691
0.000343616
0.000322448
0.000321504
0.000302902
0.000302065
0.000285589
0.000284842
0.000270147
0.000269478
 0.00025629
0.000255685
0.000243784
0.000243236
0.000232441
0.000231942
0.000222107
 0.00022165
0.000212652
0.000212232
0.000203969
0.000203582
0.000195966
0.000195609
0.000188568
0.000188236
0.000181708
0.000181399
0.000175329
0.000175041
0.000169382
0.000169114
0.000163826
0.000163574
0.000158622
0.000158386
0.000153739
0.000153517
0.000149147
0.000148938
0.000144821
0.000144624
0.000140739
0.000140552
 0.00013688
0.000136704
0.000133228
 0.00013306
0.000129765
0.000129606
0.000126477
0.000126326
0.000123352
0.000123208
0.000120377
 0.00012024
0.000117543
0.000117412
0.000114838
0.000114714
0.000112256
0.000112136
0.000109786
0.000109672
0.000107423
0.000107314
 0.00010516
0.000105055
0.000102989
0.000102889
0.000100907
 0.00010081
9.89068e-05
9.88122e-05
 0.00999982
          1
0.000104648
3.47242e-05
3.38172e-05
2.05059e-05
2.00774e-05
1.45293e-05
1.42753e-05
1.12473e-05
 1.1078e-05
9.17452e-06
9.05313e-06
7.74703e-06
7.65552e-06
6.70416e-06
6.63261e-06
5.90894e-06
 5.8514e-06
5.28251e-06
 5.2352e-06
4.77627e-06
4.73667e-06
4.35865e-06
  4.325e-06
4.00824e-06
3.97929e-06
3.71002e-06
3.68484e-06
3.45313e-06
3.43103e-06
3.22954e-06
3.20998e-06
3.03316e-06
3.01572e-06
 2.8593e-06
2.84366e-06
 2.7043e-06
 2.6902e-06
2.56526e-06
2.55246e-06
2.43981e-06
2.42816e-06
2.32607e-06
2.31541e-06
2.22246e-06
2.21267e-06
2.12769e-06
2.11867e-06
2.04068e-06
2.03234e-06
 1.9605e-06
1.95277e-06
1.88639e-06
 1.8792e-06
1.81767e-06
1.81097e-06
1.75379e-06
1.74753e-06
1.69424e-06
1.68838e-06
1.63861e-06
 1.6331e-06
1.58651e-06
1.58133e-06
1.53762e-06
1.53275e-06
1.49166e-06
1.48705e-06
1.44836e-06
1.44401e-06
1.40751e-06
1.40339e-06
1.36889e-06
1.36498e-06
1.33234e-06
1.32863e-06
1.29769e-06
1.29416e-06
1.26479e-06
1.26143e-06
1.23352e-06
1.23032e-06
1.20376e-06
1.20071e-06
 1.1754e-06
1.17248e-06
1.14834e-06
1.14556e-06
1.12251e-06
1.11984e-06
 1.0978e-06
1.09525e-06
1.07417e-06
1.07171e-06
1.05152e-06
1.04917e-06
1.02981e-06
1.02756e-06
1.00898e-06
1.00681e-06
9.88979e-07
9.86873e-07
