4.26687e-06
1.25967e-06
1.18193e-06
 6.4051e-07
6.10252e-07
3.99106e-07
3.83845e-07
 2.7611e-07
2.67263e-07
2.03817e-07
1.97826e-07
5.68004e-08
1.14889e-06
 5.7349e-07
8.05186e-07
5.10592e-07
 6.1549e-07
4.32496e-07
4.94005e-07
3.68254e-07
4.09493e-07
3.17665e-07
3.46824e-07
  0.0096668
 0.00333102
  0.0032666
 0.00199895
 0.00197134
 0.00142794
  0.0014126
 0.00111068
 0.00110091
0.000908771
0.000900803
 0.00999989
          1
9.72365e-05
3.35167e-05
3.28127e-05
2.00834e-05
 1.9783e-05
1.43328e-05
1.41664e-05
1.11408e-05
1.10352e-05
9.11116e-06
9.02601e-06
