4.26687e-06
1.25967e-06
1.18193e-06
6.40511e-07
6.10252e-07
3.99107e-07
3.83845e-07
 2.7611e-07
2.67263e-07
 2.0381e-07
1.98206e-07
1.57287e-07
 1.5351e-07
1.25406e-07
 1.2274e-07
 1.0252e-07
 1.0057e-07
8.54904e-08
8.40212e-08
7.24504e-08
7.13178e-08
6.22293e-08
6.13387e-08
5.40601e-08
5.33479e-08
4.74221e-08
4.68444e-08
4.19514e-08
4.14768e-08
3.73869e-08
3.69926e-08
3.35371e-08
3.32063e-08
 3.0259e-08
 2.9979e-08
2.74438e-08
2.72049e-08
2.50075e-08
2.48023e-08
2.28847e-08
2.27072e-08
2.10234e-08
2.08689e-08
 1.9382e-08
1.92469e-08
 1.7927e-08
1.78082e-08
1.66311e-08
1.65261e-08
1.54717e-08
1.53786e-08
1.44302e-08
1.43473e-08
1.34911e-08
1.34169e-08
1.26412e-08
1.25747e-08
1.18697e-08
1.18098e-08
1.11671e-08
 1.1113e-08
1.05253e-08
1.04764e-08
 9.9376e-09
9.89317e-09
  9.398e-09
9.35756e-09
8.90137e-09
8.86447e-09
8.44326e-09
8.40951e-09
8.01976e-09
7.98883e-09
7.62746e-09
7.59905e-09
7.26337e-09
7.23722e-09
6.92483e-09
6.90072e-09
6.60949e-09
6.58722e-09
6.31528e-09
6.29468e-09
6.04035e-09
6.02126e-09
5.78304e-09
5.76532e-09
5.54188e-09
5.52541e-09
5.31554e-09
 5.3002e-09
5.10282e-09
5.08852e-09
4.90265e-09
 4.8893e-09
4.71406e-09
4.70158e-09
4.53617e-09
 4.5245e-09
4.36819e-09
4.35711e-09
5.68005e-08
1.14889e-06
5.73489e-07
8.05185e-07
5.10593e-07
 6.1549e-07
4.32496e-07
4.94006e-07
3.68253e-07
4.09495e-07
3.17418e-07
3.47423e-07
2.76965e-07
 3.0002e-07
2.44318e-07
2.62732e-07
2.17572e-07
2.32709e-07
1.95353e-07
2.08075e-07
 1.7666e-07
1.87542e-07
1.60758e-07
  1.702e-07
1.47095e-07
1.55385e-07
1.35254e-07
1.42604e-07
 1.2491e-07
1.31482e-07
 1.1581e-07
 1.2173e-07
1.07754e-07
 1.1312e-07
1.00581e-07
1.05473e-07
9.41614e-08
 9.8642e-08
8.83883e-08
9.25106e-08
 8.3174e-08
8.69817e-08
7.84455e-08
8.19752e-08
7.41417e-08
7.74244e-08
7.02111e-08
7.32731e-08
6.66098e-08
6.94738e-08
6.33006e-08
 6.5986e-08
6.02513e-08
6.27752e-08
5.74343e-08
5.98114e-08
5.48256e-08
5.70689e-08
5.24043e-08
5.45253e-08
5.01521e-08
5.21609e-08
 4.8053e-08
4.99587e-08
4.60929e-08
4.79034e-08
4.42592e-08
4.59819e-08
 4.2541e-08
4.41822e-08
4.09282e-08
4.24939e-08
3.94121e-08
4.09076e-08
3.79849e-08
3.94148e-08
3.66394e-08
3.80082e-08
3.53692e-08
3.66809e-08
3.41687e-08
3.54268e-08
3.30326e-08
3.42405e-08
3.19563e-08
 3.3117e-08
3.09354e-08
3.20517e-08
2.99661e-08
3.10406e-08
2.90447e-08
3.00798e-08
2.81682e-08
 2.9166e-08
2.73335e-08
2.82961e-08
2.65378e-08
2.74671e-08
2.57788e-08
2.66765e-08
2.50549e-08
2.59203e-08
  0.0096668
 0.00333102
  0.0032666
 0.00199895
 0.00197134
 0.00142794
  0.0014126
 0.00111068
 0.00110091
0.000908759
   0.000902
0.000768961
0.000764004
0.000666437
0.000662646
0.000588033
 0.00058504
0.000526133
 0.00052371
0.000476022
0.000474021
0.000434625
0.000432944
0.000399851
0.000398419
0.000370228
0.000368994
0.000344691
0.000343616
0.000322448
0.000321504
0.000302902
0.000302065
0.000285589
0.000284842
0.000270147
0.000269478
 0.00025629
0.000255685
0.000243784
0.000243236
0.000232441
0.000231942
0.000222107
 0.00022165
0.000212652
0.000212232
0.000203969
0.000203582
0.000195966
0.000195609
0.000188568
0.000188236
0.000181708
0.000181399
0.000175329
0.000175041
0.000169382
0.000169114
0.000163826
0.000163574
0.000158622
0.000158386
0.000153739
0.000153517
0.000149147
0.000148938
0.000144821
0.000144624
0.000140739
0.000140552
 0.00013688
0.000136704
0.000133228
 0.00013306
0.000129765
0.000129606
0.000126477
0.000126326
0.000123352
0.000123208
0.000120377
 0.00012024
0.000117543
0.000117412
0.000114838
0.000114714
0.000112256
0.000112136
0.000109786
0.000109672
0.000107423
0.000107314
 0.00010516
0.000105055
0.000102989
0.000102889
0.000100907
 0.00010081
9.89068e-05
9.88122e-05
 0.00999989
          1
9.72365e-05
3.35167e-05
3.28127e-05
2.00834e-05
 1.9783e-05
1.43328e-05
1.41664e-05
1.11408e-05
1.10352e-05
9.11101e-06
9.03804e-06
7.70657e-06
7.65312e-06
6.67712e-06
6.63629e-06
5.89021e-06
5.85799e-06
5.26916e-06
 5.2431e-06
4.76655e-06
4.74503e-06
4.35145e-06
4.33338e-06
4.00283e-06
3.98744e-06
3.70592e-06
3.69266e-06
   3.45e-06
3.43845e-06
3.22714e-06
3.21699e-06
3.03131e-06
3.02232e-06
2.85789e-06
2.84987e-06
2.70323e-06
2.69603e-06
2.56444e-06
2.55795e-06
 2.4392e-06
2.43332e-06
2.32563e-06
2.32026e-06
2.22215e-06
2.21724e-06
2.12749e-06
2.12298e-06
2.04056e-06
2.03641e-06
1.96046e-06
1.95661e-06
 1.8864e-06
1.88283e-06
1.81773e-06
1.81442e-06
1.75388e-06
1.75079e-06
1.69437e-06
1.69148e-06
1.63875e-06
1.63605e-06
1.58668e-06
1.58414e-06
 1.5378e-06
1.53542e-06
1.49185e-06
 1.4896e-06
1.44856e-06
1.44644e-06
1.40772e-06
1.40571e-06
1.36911e-06
1.36721e-06
1.33256e-06
1.33076e-06
1.29791e-06
 1.2962e-06
1.26501e-06
1.26339e-06
1.23374e-06
 1.2322e-06
1.20398e-06
1.20251e-06
1.17562e-06
1.17422e-06
1.14857e-06
1.14722e-06
1.12273e-06
1.12144e-06
1.09802e-06
1.09679e-06
1.07438e-06
 1.0732e-06
1.05174e-06
1.05061e-06
1.03002e-06
1.02894e-06
1.00919e-06
1.00815e-06
9.89182e-07
9.88165e-07
