3.09368e-05
6.14813e-06
5.88698e-06
2.47148e-06
2.41453e-06
1.30762e-06
1.29222e-06
8.00398e-07
7.96295e-07
 5.3854e-07
5.23607e-07
1.20467e-05
2.56119e-05
9.16706e-06
1.25944e-05
5.96531e-06
7.69788e-06
4.18139e-06
5.26416e-06
 3.1072e-06
3.85427e-06
2.45523e-06
2.88496e-06
 0.00686964
 0.00313029
 0.00269578
 0.00191239
 0.00172397
 0.00137967
  0.0012742
 0.00107988
 0.00101233
0.000888118
0.000833247
 0.00998785
          1
8.01117e-05
3.32405e-05
2.84953e-05
1.97455e-05
1.76783e-05
1.40588e-05
1.28948e-05
1.09253e-05
1.01747e-05
8.95077e-06
8.34034e-06
