2.81949e-05
5.83582e-06
5.46876e-06
2.36468e-06
2.26927e-06
1.25819e-06
1.22429e-06
7.73414e-07
7.58985e-07
5.21987e-07
5.01862e-07
1.07803e-05
2.29698e-05
8.46298e-06
1.14118e-05
5.55017e-06
7.02221e-06
3.90901e-06
4.82567e-06
2.91481e-06
3.54692e-06
2.30529e-06
2.66569e-06
 0.00686964
 0.00313029
 0.00269578
 0.00191239
 0.00172397
 0.00137967
  0.0012742
 0.00107988
 0.00101233
0.000888118
0.000833247
 0.00998912
          1
7.89235e-05
 3.3128e-05
2.83691e-05
1.97177e-05
1.76531e-05
1.40509e-05
1.28917e-05
1.09237e-05
1.01779e-05
8.95086e-06
8.34552e-06
