2.81949e-05
5.83582e-06
5.46876e-06
2.36468e-06
2.26927e-06
1.25819e-06
 1.2243e-06
7.73376e-07
7.59232e-07
 5.2028e-07
5.13827e-07
3.72403e-07
3.69338e-07
2.78906e-07
 2.7746e-07
2.16225e-07
2.15597e-07
1.72258e-07
 1.7205e-07
1.40369e-07
1.39217e-07
1.07803e-05
2.29698e-05
8.46298e-06
1.14118e-05
5.55017e-06
7.02221e-06
  3.909e-06
4.82572e-06
2.91438e-06
 3.5508e-06
2.26598e-06
2.73769e-06
1.81855e-06
2.18399e-06
1.49585e-06
1.78821e-06
1.25485e-06
1.49454e-06
1.06971e-06
1.26969e-06
9.31784e-07
1.08177e-06
 0.00686964
 0.00313029
 0.00269578
 0.00191239
 0.00172397
 0.00137967
 0.00127421
 0.00107987
 0.00101241
0.000887392
0.000840513
0.000753268
0.000718791
0.000654423
0.000627998
0.000578539
0.000557639
0.000518442
0.000501494
0.000469724
0.000454453
 0.00998912
          1
7.89235e-05
 3.3128e-05
2.83691e-05
1.97177e-05
1.76531e-05
1.40509e-05
1.28918e-05
1.09235e-05
1.01793e-05
 8.9398e-06
8.42077e-06
7.56855e-06
7.18555e-06
6.56359e-06
6.26914e-06
5.79517e-06
5.56165e-06
5.18843e-06
4.99857e-06
4.69803e-06
4.52802e-06
