2.94183e-06
1.15611e-06
 9.3893e-07
6.00088e-07
5.14496e-07
3.78524e-07
3.34656e-07
2.64028e-07
2.38154e-07
1.96048e-07
1.79367e-07
1.51978e-07
1.40535e-07
1.21602e-07
1.13384e-07
9.96946e-08
9.35792e-08
8.33307e-08
7.86492e-08
7.07607e-08
6.70925e-08
 6.0881e-08
5.79509e-08
5.29663e-08
 5.0587e-08
4.65221e-08
4.45627e-08
4.12017e-08
 3.9568e-08
3.67555e-08
3.53788e-08
3.30003e-08
3.18289e-08
2.97986e-08
2.87934e-08
2.70459e-08
2.61768e-08
2.46613e-08
2.39046e-08
2.25815e-08
2.19186e-08
2.07563e-08
2.01722e-08
1.91455e-08
1.86282e-08
1.77167e-08
1.72562e-08
1.64431e-08
1.60315e-08
 1.5303e-08
1.49336e-08
1.42782e-08
1.39454e-08
1.33537e-08
1.30527e-08
1.25166e-08
1.22436e-08
1.17563e-08
1.15079e-08
1.10636e-08
1.08368e-08
1.04307e-08
1.02231e-08
9.85076e-09
9.66036e-09
9.31814e-09
9.14303e-09
8.82777e-09
8.66635e-09
8.37527e-09
8.22615e-09
7.95683e-09
7.81878e-09
 7.5691e-09
7.44106e-09
7.20914e-09
7.09017e-09
6.87435e-09
 6.7636e-09
6.56243e-09
6.45917e-09
6.27134e-09
 6.1749e-09
5.99925e-09
5.90905e-09
5.74455e-09
5.66005e-09
5.50577e-09
5.42651e-09
5.28162e-09
5.20718e-09
5.07092e-09
5.00091e-09
4.87261e-09
4.80669e-09
4.68574e-09
4.62359e-09
4.50945e-09
4.45079e-09
4.34295e-09
4.28657e-09
3.84098e-07
8.89859e-07
6.14318e-07
6.70654e-07
5.20829e-07
5.31214e-07
4.35388e-07
 4.3576e-07
 3.6885e-07
3.66667e-07
3.17229e-07
3.14545e-07
 2.7652e-07
2.73959e-07
2.43819e-07
2.41557e-07
2.17097e-07
2.15161e-07
1.94929e-07
1.93294e-07
1.76294e-07
1.74922e-07
1.60449e-07
  1.593e-07
1.46838e-07
1.45878e-07
1.35041e-07
1.34239e-07
1.24736e-07
1.24066e-07
 1.1567e-07
1.15111e-07
1.07642e-07
1.07177e-07
1.00494e-07
1.00108e-07
9.40949e-08
9.37753e-08
8.83393e-08
8.80764e-08
8.31399e-08
8.29252e-08
7.84242e-08
7.82506e-08
7.41312e-08
7.39928e-08
7.02098e-08
7.01016e-08
6.66164e-08
6.65342e-08
6.33138e-08
 6.3254e-08
6.02702e-08
6.02296e-08
 5.7458e-08
5.74341e-08
5.48534e-08
5.48439e-08
5.24355e-08
5.24385e-08
5.01862e-08
   5.02e-08
4.80896e-08
4.81127e-08
4.61315e-08
4.61627e-08
4.42995e-08
4.43377e-08
4.25826e-08
4.26269e-08
 4.0971e-08
4.10204e-08
3.94558e-08
3.95097e-08
3.80293e-08
 3.8087e-08
3.66843e-08
3.67454e-08
3.54145e-08
3.54784e-08
3.42143e-08
3.42805e-08
3.30784e-08
3.31466e-08
3.20021e-08
 3.2072e-08
3.09811e-08
3.10524e-08
3.00117e-08
3.00841e-08
2.90902e-08
2.91635e-08
2.82134e-08
2.82874e-08
2.73784e-08
2.74529e-08
2.65825e-08
2.66573e-08
2.58231e-08
2.58981e-08
2.50987e-08
 2.5166e-08
 0.00686964
 0.00313029
 0.00269578
 0.00191239
 0.00172397
 0.00137967
 0.00127421
 0.00107987
 0.00101241
0.000887392
0.000840513
0.000753268
0.000718791
0.000654423
0.000627998
0.000578539
0.000557639
0.000518442
0.000501497
0.000469665
0.000455649
0.000429282
0.000417496
0.000395298
0.000385248
0.000366301
0.000357631
 0.00034127
0.000333713
0.000319441
0.000312796
0.000300237
0.000294348
0.000283212
0.000277957
0.000268014
0.000263296
0.000254364
0.000250104
0.000242037
0.000238172
0.000230849
0.000227327
 0.00022065
0.000217426
0.000211314
0.000208352
0.000202736
0.000200006
0.000194826
0.000192302
0.000187511
0.000185169
0.000180725
0.000178547
0.000174413
0.000172382
0.000168526
0.000166628
0.000163024
0.000161246
 0.00015787
0.000156201
0.000153031
0.000151462
 0.00014848
0.000147002
0.000144192
0.000142796
0.000140144
0.000138825
0.000136317
0.000135069
0.000132694
 0.00013151
0.000129258
0.000128134
0.000125996
0.000124927
0.000122893
0.000121876
 0.00011994
0.000118971
0.000117126
0.000116201
 0.00011444
0.000113557
0.000111875
 0.00011103
0.000109422
0.000108613
0.000107074
  0.0001063
0.000104825
0.000104082
0.000102668
0.000101956
0.000100599
 9.9914e-05
9.86107e-05
9.79408e-05
 0.00999952
          1
6.90809e-05
3.14741e-05
2.70744e-05
1.92039e-05
1.72988e-05
1.38428e-05
1.27776e-05
1.08284e-05
1.01477e-05
8.89442e-06
8.42169e-06
7.54756e-06
7.20008e-06
6.55542e-06
6.28921e-06
5.79405e-06
5.58358e-06
5.19127e-06
5.02068e-06
4.70217e-06
4.56111e-06
4.29734e-06
4.17875e-06
3.95672e-06
3.85562e-06
3.66615e-06
3.57894e-06
3.41535e-06
3.33935e-06
3.19668e-06
3.12986e-06
3.00432e-06
2.94511e-06
2.83381e-06
2.78098e-06
2.68161e-06
2.63418e-06
2.54493e-06
2.50211e-06
 2.4215e-06
2.38265e-06
2.30949e-06
2.27409e-06
2.20739e-06
2.17499e-06
2.11393e-06
2.08417e-06
2.02806e-06
2.00063e-06
1.94889e-06
1.92352e-06
1.87567e-06
1.85215e-06
1.80775e-06
1.78587e-06
1.74458e-06
1.72418e-06
1.68567e-06
1.66661e-06
1.63061e-06
1.61275e-06
1.57903e-06
1.56227e-06
1.53061e-06
1.51485e-06
1.48508e-06
1.47023e-06
1.44217e-06
1.42815e-06
1.40167e-06
1.38842e-06
1.36338e-06
1.35084e-06
1.32713e-06
1.31524e-06
1.29275e-06
1.28146e-06
1.26011e-06
1.24938e-06
1.22908e-06
1.21886e-06
1.19954e-06
 1.1898e-06
1.17138e-06
1.16209e-06
1.14451e-06
1.13564e-06
1.11885e-06
1.11036e-06
1.09431e-06
1.08619e-06
1.07083e-06
1.06305e-06
1.04833e-06
1.04087e-06
1.02675e-06
1.01959e-06
1.00605e-06
9.99172e-07
9.86162e-07
9.79435e-07
