2.56432e-06
1.57376e-06
1.13363e-06
8.51597e-07
6.70913e-07
5.40872e-07
4.47291e-07
3.75408e-07
3.20305e-07
2.76136e-07
2.40857e-07
2.11708e-07
1.87733e-07
1.67467e-07
1.50423e-07
1.35759e-07
1.23202e-07
 1.1227e-07
1.02667e-07
 9.4642e-08
8.56859e-08
3.43407e-06
3.06746e-06
2.56517e-06
 2.2173e-06
1.91601e-06
1.68825e-06
1.49244e-06
1.33711e-06
1.20164e-06
1.09071e-06
9.92476e-07
9.10183e-07
8.36328e-07
 7.7338e-07
7.16233e-07
 6.6687e-07
6.21583e-07
5.82153e-07
5.45233e-07
5.14471e-07
4.78601e-07
4.51912e-07
 0.00199909
 0.00160018
 0.00135961
  0.0011842
  0.0010524
 0.00094752
0.000862749
0.000792034
0.000732507
0.000681329
0.000637081
0.000598222
0.000563976
0.000533421
0.000506098
0.000481425
0.000459085
0.000438789
0.000419969
0.000403756
0.000384542
 0.00998273
          1
2.03673e-05
1.62127e-05
1.37282e-05
1.19307e-05
1.05844e-05
9.51792e-06
8.65731e-06
7.94168e-06
7.33976e-06
6.82349e-06
 6.3773e-06
5.98619e-06
5.64154e-06
5.33453e-06
5.05996e-06
4.81236e-06
4.58815e-06
4.38462e-06
4.19603e-06
4.03325e-06
3.84104e-06
