2.55202e-06
1.57424e-06
1.13092e-06
8.52198e-07
6.69401e-07
5.41695e-07
4.45802e-07
3.76959e-07
3.17561e-07
2.80706e-07
2.31298e-07
  3.412e-06
 3.0561e-06
2.55948e-06
2.21164e-06
1.91317e-06
1.68506e-06
1.49012e-06
1.33631e-06
1.19705e-06
1.09698e-06
 9.7272e-07
8.85102e-07
 0.00199689
 0.00160062
  0.0013587
 0.00118475
 0.00105152
0.000948399
 0.00086138
0.000793951
0.000729193
0.000687295
0.000624942
 0.00998284
          1
2.03466e-05
1.62186e-05
1.37202e-05
1.19368e-05
1.05765e-05
9.52679e-06
8.64469e-06
7.96028e-06
7.30836e-06
6.88137e-06
6.25562e-06
