2.55693e-06
1.57004e-06
1.13119e-06
8.49938e-07
6.69693e-07
5.39958e-07
4.46578e-07
3.74845e-07
3.19847e-07
2.75761e-07
2.40544e-07
2.11446e-07
1.87509e-07
1.67275e-07
1.50257e-07
1.35614e-07
1.23075e-07
1.12159e-07
1.02568e-07
9.45535e-08
8.56084e-08
3.41937e-06
3.05533e-06
2.55579e-06
2.20955e-06
1.90964e-06
1.68282e-06
1.48782e-06
1.33308e-06
1.19812e-06
1.08758e-06
9.89702e-07
9.07687e-07
8.34082e-07
7.71337e-07
7.14376e-07
6.65167e-07
6.20021e-07
5.80709e-07
5.43901e-07
5.13228e-07
4.77464e-07
 4.5085e-07
 0.00199909
 0.00160018
 0.00135961
  0.0011842
  0.0010524
 0.00094752
0.000862749
0.000792034
0.000732507
0.000681329
0.000637081
0.000598222
0.000563976
0.000533421
0.000506098
0.000481425
0.000459085
0.000438789
0.000419969
0.000403756
0.000384542
  0.0099828
          1
2.03661e-05
1.62122e-05
 1.3728e-05
1.19306e-05
1.05844e-05
9.51793e-06
8.65735e-06
7.94173e-06
7.33982e-06
6.82355e-06
6.37736e-06
5.98625e-06
5.64161e-06
5.33459e-06
5.06002e-06
4.81241e-06
 4.5882e-06
4.38468e-06
4.19609e-06
 4.0333e-06
3.84109e-06
