2.55691e-06
1.57005e-06
1.13118e-06
8.49941e-07
6.69689e-07
 5.3996e-07
4.46577e-07
3.74846e-07
3.19846e-07
2.75762e-07
2.40543e-07
2.11446e-07
1.87509e-07
1.67275e-07
1.50257e-07
1.35613e-07
 1.2308e-07
1.12139e-07
1.02642e-07
9.42531e-08
8.68861e-08
8.03129e-08
7.44837e-08
6.92384e-08
6.45477e-08
6.02956e-08
5.64657e-08
5.29715e-08
4.98043e-08
4.68984e-08
4.42498e-08
4.18075e-08
3.95703e-08
3.74982e-08
3.55918e-08
3.38188e-08
3.21811e-08
3.06527e-08
2.92356e-08
2.79087e-08
2.66745e-08
2.55153e-08
2.44339e-08
2.34154e-08
2.24627e-08
2.15631e-08
2.07194e-08
1.99209e-08
1.91703e-08
1.84584e-08
1.77878e-08
1.71504e-08
1.65488e-08
1.59759e-08
1.54342e-08
1.49174e-08
1.44279e-08
1.39602e-08
1.35164e-08
1.30917e-08
1.26881e-08
1.23014e-08
1.19334e-08
1.15802e-08
1.12437e-08
1.09203e-08
1.06118e-08
 1.0315e-08
1.00314e-08
9.75832e-09
9.49714e-09
9.24534e-09
9.00424e-09
8.77158e-09
8.54856e-09
8.33314e-09
8.12645e-09
7.92661e-09
 7.7347e-09
7.54899e-09
7.37048e-09
7.19759e-09
7.03127e-09
6.87005e-09
6.71484e-09
6.56428e-09
6.41921e-09
6.27838e-09
6.14259e-09
6.01067e-09
5.88339e-09
5.75966e-09
5.64019e-09
5.52398e-09
5.41169e-09
5.30241e-09
5.19675e-09
5.09385e-09
 4.9943e-09
4.89749e-09
4.79931e-09
3.41932e-06
3.05532e-06
2.55579e-06
2.20954e-06
1.90964e-06
1.68282e-06
1.48782e-06
1.33307e-06
1.19812e-06
1.08758e-06
9.89703e-07
9.07683e-07
8.34083e-07
7.71333e-07
7.14379e-07
6.65157e-07
6.20045e-07
5.80627e-07
5.44197e-07
5.12076e-07
4.82174e-07
4.55609e-07
 4.3072e-07
4.08467e-07
3.87501e-07
 3.6865e-07
  3.508e-07
3.34676e-07
3.19337e-07
3.05423e-07
2.92134e-07
2.80035e-07
2.68435e-07
 2.5784e-07
2.47648e-07
2.38311e-07
2.29302e-07
2.21027e-07
2.13019e-07
2.05647e-07
1.98494e-07
1.91896e-07
1.85476e-07
1.79544e-07
1.73759e-07
1.68403e-07
 1.6317e-07
1.58317e-07
1.53565e-07
1.49152e-07
1.44823e-07
1.40798e-07
1.36842e-07
1.33159e-07
1.29532e-07
1.26153e-07
 1.2282e-07
1.19711e-07
 1.1664e-07
1.13773e-07
1.10936e-07
1.08286e-07
 1.0566e-07
1.03204e-07
1.00768e-07
9.84877e-08
9.62226e-08
9.41018e-08
 9.1992e-08
9.00154e-08
8.80467e-08
8.62012e-08
 8.4361e-08
8.26351e-08
8.09121e-08
7.92955e-08
7.76797e-08
 7.6163e-08
7.46455e-08
7.32207e-08
7.17935e-08
7.04529e-08
6.91088e-08
 6.7846e-08
6.65785e-08
6.53872e-08
6.41905e-08
6.30655e-08
6.19343e-08
6.08705e-08
5.97999e-08
 5.8793e-08
5.77787e-08
5.68246e-08
5.58626e-08
5.49576e-08
5.40443e-08
5.31849e-08
5.23169e-08
5.15019e-08
  5.064e-08
4.98627e-08
 0.00199909
 0.00160018
 0.00135961
  0.0011842
  0.0010524
 0.00094752
0.000862749
0.000792034
0.000732507
0.000681329
0.000637081
0.000598222
0.000563976
0.000533421
0.000506099
 0.00048142
  0.0004591
0.000438738
0.000420152
0.000403059
0.000387337
 0.00037278
0.000359304
0.000346755
0.000335074
0.000324142
0.000313919
 0.00030431
0.000295286
0.000286772
0.000278748
0.000271152
 0.00026397
 0.00025715
0.000250683
0.000244527
0.000238673
0.000233087
0.000227764
0.000222672
 0.00021781
 0.00021315
0.000208691
0.000204409
0.000200306
0.000196359
0.000192569
0.000188919
0.000185409
0.000182023
0.000178762
0.000175613
0.000172576
 0.00016964
0.000166804
0.000164059
0.000161406
0.000158835
0.000156347
0.000153933
0.000151595
0.000149325
0.000147124
0.000144985
0.000142909
 0.00014089
0.000138929
 0.00013702
0.000135164
0.000133357
0.000131599
0.000129885
0.000128216
0.000126589
0.000125003
0.000123456
0.000121947
0.000120474
0.000119037
0.000117633
0.000116263
0.000114923
0.000113615
0.000112335
0.000111085
0.000109861
0.000108665
0.000107494
0.000106348
0.000105226
0.000104128
0.000103052
0.000101999
0.000100966
9.99548e-05
9.89627e-05
9.79911e-05
9.70374e-05
9.61029e-05
9.51873e-05
9.42466e-05
  0.0099828
          1
2.03661e-05
1.62122e-05
 1.3728e-05
1.19306e-05
1.05844e-05
9.51794e-06
8.65735e-06
7.94173e-06
7.33982e-06
6.82355e-06
6.37736e-06
5.98626e-06
5.64161e-06
5.33459e-06
5.06004e-06
4.81237e-06
4.58834e-06
 4.3842e-06
4.19782e-06
4.02659e-06
3.86905e-06
3.72331e-06
3.58836e-06
3.46279e-06
3.34587e-06
3.23653e-06
3.13424e-06
3.03816e-06
2.94791e-06
2.86281e-06
2.78257e-06
2.70667e-06
2.63487e-06
2.56674e-06
 2.5021e-06
2.44061e-06
2.38211e-06
2.32632e-06
2.27313e-06
2.22229e-06
2.17372e-06
2.12719e-06
2.08265e-06
2.03991e-06
1.99892e-06
1.95952e-06
1.92168e-06
1.88524e-06
1.85019e-06
 1.8164e-06
1.78384e-06
1.75241e-06
1.72209e-06
1.69278e-06
1.66447e-06
1.63708e-06
1.61059e-06
1.58494e-06
 1.5601e-06
1.53601e-06
1.51268e-06
1.49002e-06
1.46805e-06
1.44671e-06
1.42599e-06
1.40584e-06
1.38627e-06
1.36722e-06
 1.3487e-06
1.33067e-06
1.31312e-06
1.29602e-06
1.27937e-06
1.26313e-06
1.24731e-06
1.23187e-06
1.21682e-06
1.20212e-06
1.18778e-06
1.17377e-06
 1.1601e-06
1.14673e-06
1.13368e-06
1.12091e-06
1.10843e-06
1.09622e-06
1.08429e-06
 1.0726e-06
1.06117e-06
1.04998e-06
1.03902e-06
1.02829e-06
1.01778e-06
1.00747e-06
9.97383e-07
9.87486e-07
 9.7779e-07
9.68277e-07
9.58951e-07
9.49818e-07
 9.4043e-07
