2.47402e-06
1.53461e-06
1.10486e-06
8.34424e-07
 6.5636e-07
5.31896e-07
4.38175e-07
3.70895e-07
3.12688e-07
2.76611e-07
2.28111e-07
3.25765e-06
2.92823e-06
2.46019e-06
2.12958e-06
1.84559e-06
 1.6274e-06
1.44103e-06
1.29331e-06
 1.1598e-06
1.06334e-06
9.43988e-07
8.59346e-07
 0.00199689
 0.00160062
  0.0013587
 0.00118475
 0.00105152
0.000948399
 0.00086138
0.000793951
0.000729193
0.000687295
0.000624942
 0.00998361
          1
2.03338e-05
1.62135e-05
1.37178e-05
1.19357e-05
1.05762e-05
9.52692e-06
8.64503e-06
7.96083e-06
7.30889e-06
 6.8821e-06
6.25628e-06
