6.75108e-07
4.91377e-07
 3.8716e-07
3.14955e-07
2.63275e-07
2.23938e-07
1.93466e-07
1.69039e-07
1.49247e-07
1.32837e-07
1.19135e-07
1.07496e-07
9.75634e-08
8.89714e-08
8.15142e-08
7.49719e-08
 6.9212e-08
6.41175e-08
5.95208e-08
 5.5649e-08
 5.1193e-08
3.71055e-07
3.85368e-07
3.68041e-07
3.47463e-07
3.25319e-07
3.04671e-07
2.85179e-07
2.67533e-07
2.51263e-07
2.36571e-07
2.23073e-07
2.10839e-07
1.99576e-07
1.89316e-07
1.79834e-07
1.71151e-07
1.63089e-07
1.55685e-07
1.48718e-07
1.42564e-07
1.35546e-07
1.29819e-07
 0.00199909
 0.00160018
 0.00135961
  0.0011842
  0.0010524
 0.00094752
0.000862749
0.000792034
0.000732507
0.000681329
0.000637081
0.000598222
0.000563976
0.000533421
0.000506098
0.000481425
0.000459085
0.000438789
0.000419969
0.000403756
0.000384542
 0.00999804
          1
2.00539e-05
1.60487e-05
1.36318e-05
1.18702e-05
1.05468e-05
 9.4939e-06
8.64305e-06
7.93347e-06
7.33624e-06
 6.8229e-06
6.37912e-06
5.98947e-06
5.64611e-06
5.33981e-06
5.06593e-06
4.81865e-06
4.59477e-06
 4.3914e-06
4.20285e-06
4.04036e-06
3.84794e-06
