6.74034e-07
4.91627e-07
3.86758e-07
3.15204e-07
2.62923e-07
2.24281e-07
1.92971e-07
1.69702e-07
 1.4816e-07
1.34724e-07
1.15397e-07
3.70304e-07
3.85174e-07
3.67941e-07
3.47268e-07
3.25367e-07
3.04445e-07
2.85323e-07
2.67278e-07
2.51388e-07
2.36658e-07
2.21891e-07
2.06928e-07
 0.00199689
 0.00160062
  0.0013587
 0.00118475
 0.00105152
0.000948399
 0.00086138
0.000793951
0.000729193
0.000687295
0.000624942
 0.00999805
          1
 2.0032e-05
1.60532e-05
1.36227e-05
1.18758e-05
 1.0538e-05
9.50273e-06
8.62935e-06
7.95266e-06
7.30314e-06
 6.8825e-06
6.25746e-06
