9.48657e-08
7.47407e-08
6.26093e-08
5.37876e-08
4.71753e-08
4.19307e-08
3.77049e-08
3.41929e-08
 3.1247e-08
2.87244e-08
2.65517e-08
2.46517e-08
2.29839e-08
2.15025e-08
2.01832e-08
1.89973e-08
1.79281e-08
1.69611e-08
1.60688e-08
1.53022e-08
1.44022e-08
8.70873e-09
 1.0152e-08
1.08292e-08
1.12168e-08
1.14098e-08
1.14968e-08
1.15035e-08
1.14634e-08
1.13849e-08
1.12842e-08
 1.1164e-08
1.10335e-08
1.08932e-08
1.07487e-08
1.05996e-08
1.04497e-08
1.02983e-08
1.01477e-08
9.99825e-09
9.84753e-09
9.70869e-09
9.52539e-09
 0.00199909
 0.00160018
 0.00135961
  0.0011842
  0.0010524
 0.00094752
0.000862749
0.000792034
0.000732507
0.000681329
0.000637081
0.000598222
0.000563976
0.000533421
0.000506098
0.000481425
0.000459085
0.000438789
0.000419969
0.000403756
0.000384542
 0.00999986
          1
1.99925e-05
1.60031e-05
1.35972e-05
 1.1843e-05
1.05249e-05
9.47599e-06
8.62819e-06
7.92097e-06
7.32564e-06
 6.8138e-06
6.37128e-06
5.98266e-06
5.64016e-06
5.33458e-06
5.06131e-06
4.81456e-06
4.59114e-06
4.38816e-06
4.19994e-06
 4.0378e-06
3.84564e-06
