 9.4756e-08
7.47634e-08
6.25644e-08
5.38149e-08
4.71324e-08
4.19737e-08
3.76387e-08
3.42854e-08
3.10882e-08
  2.901e-08
2.59696e-08
8.69818e-09
1.01499e-08
1.08268e-08
1.12141e-08
1.14101e-08
1.14926e-08
1.15074e-08
1.14538e-08
1.14014e-08
1.12382e-08
1.13239e-08
1.09624e-08
 0.00199689
 0.00160062
  0.0013587
 0.00118475
 0.00105152
0.000948399
 0.00086138
0.000793951
0.000729193
0.000687295
0.000624942
 0.00999986
          1
1.99705e-05
1.60075e-05
1.35881e-05
1.18485e-05
1.05161e-05
9.48478e-06
8.61449e-06
7.94015e-06
7.29249e-06
6.87349e-06
6.24988e-06
