4.11959e-07
 4.6013e-07
3.44579e-07
3.21221e-07
2.56799e-07
2.38966e-07
1.96709e-07
1.85777e-07
1.54728e-07
1.49517e-07
 1.2395e-07
4.82078e-07
6.79242e-07
6.57565e-07
6.29267e-07
5.96321e-07
5.55583e-07
5.23893e-07
 4.8909e-07
4.58669e-07
4.34269e-07
4.00967e-07
 3.7152e-07
0.000963273
0.000903672
0.000807018
0.000757883
0.000689482
0.000655232
0.000601577
 0.00057885
0.000532782
0.000520432
0.000476151
 0.00999508
          1
9.75957e-06
9.11811e-06
8.12874e-06
7.62415e-06
6.93057e-06
6.58105e-06
6.03978e-06
5.80795e-06
5.34486e-06
5.21803e-06
4.77301e-06
