5.72333e-07
4.58766e-07
3.78488e-07
3.18635e-07
2.72484e-07
2.35995e-07
2.06556e-07
1.82421e-07
1.62353e-07
1.45476e-07
1.31131e-07
1.18833e-07
1.08201e-07
9.89473e-08
9.08392e-08
8.36945e-08
 7.7364e-08
7.17292e-08
6.66896e-08
6.21649e-08
5.80863e-08
5.43971e-08
5.10488e-08
4.80007e-08
4.52178e-08
4.26701e-08
4.03318e-08
3.81804e-08
3.61966e-08
3.43634e-08
3.26658e-08
3.10908e-08
2.96269e-08
2.82638e-08
2.69925e-08
2.58049e-08
2.46939e-08
2.36529e-08
2.26763e-08
2.17588e-08
2.08957e-08
2.00829e-08
1.93165e-08
 1.8593e-08
1.79093e-08
1.72625e-08
1.66501e-08
1.60696e-08
1.55188e-08
1.49958e-08
1.44987e-08
1.40259e-08
1.35757e-08
1.31468e-08
1.27379e-08
1.23477e-08
1.19751e-08
 1.1619e-08
1.12786e-08
1.09529e-08
 1.0641e-08
1.03422e-08
1.00558e-08
9.78107e-09
9.51743e-09
9.26427e-09
9.02104e-09
8.78725e-09
8.56239e-09
8.34603e-09
8.13774e-09
7.93713e-09
7.74382e-09
7.55747e-09
7.37774e-09
7.20433e-09
7.03695e-09
6.87531e-09
6.71916e-09
6.56825e-09
6.42235e-09
6.28125e-09
6.14473e-09
 6.0126e-09
5.88468e-09
5.76078e-09
5.64074e-09
 5.5244e-09
5.41162e-09
5.30224e-09
5.19613e-09
5.09317e-09
4.99323e-09
 4.8962e-09
4.80195e-09
 4.7104e-09
4.62142e-09
4.53495e-09
 4.4508e-09
4.36971e-09
4.28289e-09
 9.3875e-07
8.62091e-07
7.89257e-07
 7.2385e-07
 6.6582e-07
6.14467e-07
5.68968e-07
 5.2852e-07
4.92441e-07
 4.6012e-07
4.31064e-07
4.04834e-07
3.81077e-07
3.59479e-07
3.39785e-07
3.21768e-07
3.05241e-07
2.90037e-07
2.76015e-07
2.63051e-07
 2.5104e-07
2.39886e-07
2.29507e-07
2.19831e-07
2.10793e-07
2.02338e-07
1.94413e-07
1.86975e-07
1.79983e-07
  1.734e-07
1.67195e-07
1.61338e-07
1.55803e-07
1.50565e-07
1.45604e-07
1.40898e-07
1.36432e-07
1.32187e-07
 1.2815e-07
1.24306e-07
1.20642e-07
1.17148e-07
1.13813e-07
1.10627e-07
1.07581e-07
1.04666e-07
1.01875e-07
9.92009e-08
9.66369e-08
9.41768e-08
 9.1815e-08
 8.9546e-08
 8.7365e-08
8.52673e-08
8.32487e-08
8.13049e-08
7.94324e-08
7.76275e-08
7.58869e-08
7.42075e-08
7.25864e-08
7.10208e-08
6.95082e-08
6.80461e-08
6.66322e-08
6.52644e-08
6.39406e-08
6.26589e-08
6.14175e-08
6.02146e-08
5.90487e-08
5.79181e-08
5.68215e-08
5.57575e-08
5.47246e-08
5.37218e-08
5.27478e-08
5.18014e-08
5.08817e-08
4.99875e-08
 4.9118e-08
4.82721e-08
4.74491e-08
4.66481e-08
4.58683e-08
4.51089e-08
4.43691e-08
4.36484e-08
4.29461e-08
4.22614e-08
4.15939e-08
4.09428e-08
4.03077e-08
3.96881e-08
3.90833e-08
 3.8493e-08
3.79167e-08
3.73539e-08
3.68037e-08
3.62712e-08
3.56985e-08
3.51867e-08
      0.001
0.000899999
0.000819995
 0.00075399
0.000698385
 0.00065078
0.000609495
0.000573307
0.000541298
0.000512766
0.000487159
 0.00046404
0.000443056
0.000423921
0.000406395
0.000390281
0.000375413
 0.00036165
0.000348872
0.000336975
0.000325871
0.000315482
 0.00030574
0.000296587
 0.00028797
0.000279844
0.000272166
0.000264901
0.000258016
0.000251482
0.000245272
0.000239364
0.000233734
0.000228365
0.000223237
0.000218336
0.000213646
0.000209155
0.000204848
0.000200717
0.000196749
0.000192935
0.000189267
0.000185736
0.000182335
0.000179057
0.000175894
0.000172842
0.000169894
0.000167045
 0.00016429
0.000161625
0.000159045
0.000156546
0.000154125
0.000151777
  0.0001495
0.000147291
0.000145146
0.000143062
0.000141038
 0.00013907
0.000137157
0.000135295
0.000133483
 0.00013172
0.000130002
0.000128328
0.000126698
0.000125108
0.000123557
0.000122045
0.000120569
0.000119128
0.000117722
0.000116348
0.000115006
0.000113695
0.000112413
0.000111159
0.000109934
0.000108735
0.000107562
0.000106414
 0.00010529
 0.00010419
0.000103113
0.000102057
0.000101023
 0.00010001
9.90171e-05
9.80435e-05
9.70888e-05
9.61526e-05
9.52342e-05
9.43332e-05
9.34491e-05
9.25815e-05
9.17291e-05
9.09001e-05
9.00032e-05
 0.00999051
          1
1.00412e-05
9.03098e-06
 8.2236e-06
7.55821e-06
6.99814e-06
6.51902e-06
6.10378e-06
5.74002e-06
5.41842e-06
5.13188e-06
4.87482e-06
4.64283e-06
4.43233e-06
4.24042e-06
 4.0647e-06
3.90318e-06
3.75417e-06
3.61627e-06
3.48826e-06
 3.3691e-06
3.25789e-06
3.15386e-06
3.05633e-06
 2.9647e-06
2.87845e-06
2.79711e-06
2.72027e-06
2.64757e-06
2.57868e-06
2.51331e-06
2.45118e-06
2.39207e-06
2.33576e-06
2.28206e-06
2.23077e-06
2.18175e-06
2.13485e-06
2.08994e-06
2.04687e-06
2.00556e-06
1.96588e-06
1.92776e-06
1.89108e-06
1.85578e-06
1.82178e-06
  1.789e-06
1.75739e-06
1.72687e-06
 1.6974e-06
1.66893e-06
1.64139e-06
1.61475e-06
1.58896e-06
1.56399e-06
1.53979e-06
1.51633e-06
1.49357e-06
1.47149e-06
1.45005e-06
1.42923e-06
  1.409e-06
1.38933e-06
1.37021e-06
1.35161e-06
 1.3335e-06
1.31588e-06
1.29871e-06
1.28199e-06
1.26569e-06
1.24981e-06
1.23431e-06
 1.2192e-06
1.20445e-06
1.19006e-06
1.17601e-06
1.16228e-06
1.14887e-06
1.13577e-06
1.12296e-06
1.11044e-06
1.09819e-06
1.08622e-06
 1.0745e-06
1.06303e-06
 1.0518e-06
1.04081e-06
1.03004e-06
 1.0195e-06
1.00917e-06
9.99045e-07
9.89123e-07
9.79396e-07
9.69859e-07
9.60505e-07
9.51331e-07
9.42329e-07
9.33497e-07
9.24829e-07
9.16313e-07
9.08031e-07
8.99071e-07
