5.65152e-07
4.53862e-07
3.74579e-07
3.15634e-07
2.69987e-07
2.33992e-07
2.04836e-07
1.81007e-07
1.61105e-07
1.44439e-07
1.30188e-07
1.18053e-07
1.07461e-07
9.83572e-08
9.02264e-08
 8.3268e-08
 7.6798e-08
 7.1511e-08
6.59909e-08
6.24445e-08
5.65671e-08
9.18959e-07
8.45417e-07
7.74703e-07
7.10994e-07
6.54427e-07
6.04218e-07
 5.5977e-07
5.20139e-07
4.84844e-07
4.53131e-07
4.24673e-07
3.98914e-07
3.75612e-07
3.54411e-07
3.35026e-07
3.17431e-07
3.00954e-07
2.86491e-07
2.71704e-07
2.61039e-07
2.44747e-07
2.33456e-07
0.000999876
0.000900011
0.000819951
0.000754003
0.000698355
0.000650795
0.000609469
0.000573326
 0.00054127
0.000512792
0.000487122
0.000464081
0.000442998
0.000423997
 0.00040628
0.000390454
0.000375129
0.000362133
0.000347995
0.000338643
0.000322524
 0.00999071
          1
1.00398e-05
9.03098e-06
8.22311e-06
7.55833e-06
6.99786e-06
6.51922e-06
6.10358e-06
5.74028e-06
5.41823e-06
5.13223e-06
4.87456e-06
4.64332e-06
4.43185e-06
4.24126e-06
4.06367e-06
3.90496e-06
3.75149e-06
3.62111e-06
3.47971e-06
3.38569e-06
3.22448e-06
