5.07036e-07
4.10472e-07
3.40952e-07
2.88811e-07
2.48174e-07
2.15934e-07
1.89696e-07
1.68153e-07
1.50093e-07
1.34912e-07
1.21891e-07
1.10769e-07
1.01036e-07
9.26492e-08
8.51397e-08
7.87013e-08
7.26985e-08
6.77895e-08
6.26459e-08
5.93447e-08
 5.3851e-08
7.63874e-07
7.08512e-07
6.53694e-07
6.03398e-07
5.58147e-07
5.17573e-07
 4.8135e-07
4.48827e-07
4.19684e-07
 3.9336e-07
3.69627e-07
 3.4805e-07
3.28463e-07
3.10568e-07
 2.9417e-07
2.79218e-07
2.65209e-07
2.52838e-07
2.40223e-07
2.31026e-07
2.17093e-07
2.07312e-07
0.000999876
0.000900011
0.000819951
0.000754003
0.000698355
0.000650795
0.000609469
0.000573326
 0.00054127
0.000512792
0.000487122
0.000464081
0.000442998
0.000423997
 0.00040628
0.000390454
0.000375129
0.000362133
0.000347995
0.000338643
0.000322524
 0.00999226
          1
1.00355e-05
9.02822e-06
8.22139e-06
7.55729e-06
6.99731e-06
6.51899e-06
 6.1036e-06
5.74047e-06
5.41855e-06
5.13264e-06
4.87504e-06
4.64385e-06
4.43241e-06
4.24185e-06
4.06427e-06
3.90558e-06
 3.7521e-06
3.62174e-06
 3.4803e-06
3.38633e-06
3.22508e-06
