5.07413e-07
4.10449e-07
3.41036e-07
2.88795e-07
2.48215e-07
 2.1592e-07
1.89724e-07
1.68139e-07
1.50116e-07
1.34897e-07
1.21915e-07
1.10749e-07
1.01066e-07
 9.2615e-08
8.51902e-08
7.86322e-08
7.28083e-08
6.76128e-08
6.29573e-08
5.87692e-08
5.49872e-08
5.15606e-08
4.84455e-08
4.56053e-08
4.30084e-08
4.06278e-08
3.84397e-08
3.64242e-08
3.45632e-08
3.28415e-08
3.12454e-08
 2.9763e-08
2.83836e-08
2.70981e-08
2.58978e-08
2.47757e-08
2.37248e-08
2.27395e-08
2.18141e-08
2.09442e-08
2.01252e-08
1.93533e-08
1.86249e-08
1.79369e-08
1.72862e-08
1.66702e-08
1.60866e-08
 1.5533e-08
1.50075e-08
1.45082e-08
1.40333e-08
1.35814e-08
1.31509e-08
1.27405e-08
 1.2349e-08
1.19752e-08
1.16181e-08
1.12768e-08
1.09502e-08
1.06376e-08
1.03381e-08
1.00511e-08
9.77587e-09
9.51177e-09
9.25819e-09
9.01461e-09
8.78049e-09
8.55536e-09
8.33875e-09
8.13026e-09
7.92947e-09
7.73601e-09
7.54953e-09
 7.3697e-09
 7.1962e-09
7.02875e-09
6.86705e-09
6.71087e-09
6.55993e-09
6.41403e-09
6.27292e-09
6.13642e-09
6.00431e-09
5.87641e-09
5.75254e-09
5.63254e-09
5.51625e-09
5.40352e-09
 5.2942e-09
5.18815e-09
5.08525e-09
4.98538e-09
4.88841e-09
4.79424e-09
4.70276e-09
4.61386e-09
4.52746e-09
4.44346e-09
4.36171e-09
 4.2829e-09
4.19851e-09
7.64834e-07
7.08879e-07
6.53938e-07
6.03594e-07
5.58263e-07
5.17699e-07
4.81418e-07
4.48918e-07
4.19728e-07
 3.9343e-07
3.69659e-07
3.48103e-07
3.28493e-07
3.10597e-07
 2.9422e-07
2.79189e-07
2.65358e-07
2.52597e-07
2.40798e-07
2.29861e-07
2.19704e-07
 2.1025e-07
2.01436e-07
1.93201e-07
1.85496e-07
1.78273e-07
1.71493e-07
1.65117e-07
1.59115e-07
1.53456e-07
1.48114e-07
1.43064e-07
1.38285e-07
1.33757e-07
1.29463e-07
1.25385e-07
 1.2151e-07
1.17823e-07
1.14313e-07
1.10967e-07
1.07775e-07
1.04728e-07
1.01816e-07
9.90319e-08
9.63677e-08
9.38161e-08
9.13711e-08
8.90261e-08
8.67761e-08
8.46154e-08
8.25396e-08
8.05437e-08
7.86241e-08
7.67762e-08
7.49969e-08
7.32822e-08
7.16295e-08
7.00352e-08
 6.8497e-08
6.70117e-08
6.55773e-08
 6.4191e-08
 6.2851e-08
6.15548e-08
6.03009e-08
 5.9087e-08
5.79116e-08
5.67729e-08
5.56696e-08
5.45998e-08
5.35626e-08
5.25561e-08
5.15796e-08
5.06314e-08
4.97108e-08
4.88164e-08
4.79474e-08
4.71026e-08
4.62813e-08
4.54824e-08
4.47053e-08
 4.3949e-08
4.32129e-08
 4.2496e-08
 4.1798e-08
4.11178e-08
4.04552e-08
3.98092e-08
3.91796e-08
3.85655e-08
3.79666e-08
3.73822e-08
3.68121e-08
3.62555e-08
3.57122e-08
3.51817e-08
3.46636e-08
3.41574e-08
3.36625e-08
3.31832e-08
3.26678e-08
3.22068e-08
      0.001
0.000899999
0.000819995
 0.00075399
0.000698385
 0.00065078
0.000609495
0.000573307
0.000541298
0.000512766
0.000487159
 0.00046404
0.000443056
0.000423921
0.000406395
0.000390281
0.000375413
 0.00036165
0.000348872
0.000336975
0.000325871
0.000315482
 0.00030574
0.000296587
 0.00028797
0.000279844
0.000272166
0.000264901
0.000258016
0.000251482
0.000245272
0.000239364
0.000233734
0.000228365
0.000223237
0.000218336
0.000213646
0.000209155
0.000204848
0.000200717
0.000196749
0.000192935
0.000189267
0.000185736
0.000182335
0.000179057
0.000175894
0.000172842
0.000169894
0.000167045
 0.00016429
0.000161625
0.000159045
0.000156546
0.000154125
0.000151777
  0.0001495
0.000147291
0.000145146
0.000143062
0.000141038
 0.00013907
0.000137157
0.000135295
0.000133483
 0.00013172
0.000130002
0.000128328
0.000126698
0.000125108
0.000123557
0.000122045
0.000120569
0.000119128
0.000117722
0.000116348
0.000115006
0.000113695
0.000112413
0.000111159
0.000109934
0.000108735
0.000107562
0.000106414
 0.00010529
 0.00010419
0.000103113
0.000102057
0.000101023
 0.00010001
9.90171e-05
9.80435e-05
9.70888e-05
9.61526e-05
9.52342e-05
9.43332e-05
9.34491e-05
9.25815e-05
9.17291e-05
9.09001e-05
9.00032e-05
 0.00999225
          1
1.00365e-05
9.02799e-06
8.22175e-06
 7.5571e-06
6.99756e-06
6.51881e-06
6.10383e-06
5.74026e-06
5.41881e-06
5.13237e-06
4.87538e-06
4.64344e-06
4.43297e-06
4.24109e-06
4.06539e-06
3.90387e-06
3.75487e-06
3.61697e-06
3.48896e-06
3.36979e-06
3.25858e-06
3.15454e-06
  3.057e-06
2.96535e-06
2.87909e-06
2.79774e-06
2.72089e-06
2.64818e-06
2.57928e-06
2.51389e-06
2.45176e-06
2.39264e-06
2.33632e-06
 2.2826e-06
2.23131e-06
2.18228e-06
2.13537e-06
2.09044e-06
2.04737e-06
2.00604e-06
1.96636e-06
1.92822e-06
1.89154e-06
1.85623e-06
1.82222e-06
1.78943e-06
1.75781e-06
1.72729e-06
1.69781e-06
1.66933e-06
1.64179e-06
1.61514e-06
1.58935e-06
1.56436e-06
1.54016e-06
1.51669e-06
1.49393e-06
1.47184e-06
 1.4504e-06
1.42957e-06
1.40933e-06
1.38966e-06
1.37054e-06
1.35193e-06
1.33382e-06
1.31619e-06
1.29902e-06
1.28229e-06
1.26599e-06
 1.2501e-06
 1.2346e-06
1.21949e-06
1.20474e-06
1.19034e-06
1.17628e-06
1.16255e-06
1.14914e-06
1.13603e-06
1.12322e-06
 1.1107e-06
1.09845e-06
1.08647e-06
1.07474e-06
1.06327e-06
1.05204e-06
1.04105e-06
1.03028e-06
1.01973e-06
 1.0094e-06
9.99274e-07
 9.8935e-07
 9.7962e-07
 9.7008e-07
9.60724e-07
9.51547e-07
9.42544e-07
9.33709e-07
9.25039e-07
9.16521e-07
9.08236e-07
8.99274e-07
