4.53503e-08
4.02589e-08
3.61991e-08
3.28617e-08
3.00615e-08
2.76736e-08
2.56116e-08
2.38122e-08
2.22273e-08
2.08212e-08
 1.9565e-08
 1.8436e-08
1.74162e-08
1.64906e-08
1.56468e-08
1.48748e-08
1.41659e-08
1.35127e-08
1.29093e-08
1.23502e-08
 1.1831e-08
1.13475e-08
1.08963e-08
1.04745e-08
1.00793e-08
9.70845e-09
9.35974e-09
9.03137e-09
8.72175e-09
8.42925e-09
8.15271e-09
7.89069e-09
7.64246e-09
7.40661e-09
7.18265e-09
 6.9695e-09
6.76651e-09
6.57307e-09
6.38842e-09
6.21216e-09
6.04361e-09
5.88244e-09
5.72809e-09
5.58024e-09
5.43845e-09
5.30243e-09
 5.1718e-09
5.04632e-09
4.92566e-09
 4.8096e-09
4.69787e-09
4.59028e-09
4.48658e-09
 4.3866e-09
4.29014e-09
4.19705e-09
4.10714e-09
4.02029e-09
3.93634e-09
3.85515e-09
3.77661e-09
3.70059e-09
3.62698e-09
3.55569e-09
 3.4866e-09
3.41962e-09
3.35466e-09
3.29165e-09
 3.2305e-09
3.17113e-09
3.11348e-09
3.05747e-09
3.00304e-09
2.95013e-09
2.89869e-09
2.84865e-09
2.79996e-09
2.75258e-09
2.70645e-09
2.66153e-09
2.61777e-09
2.57514e-09
 2.5336e-09
 2.4931e-09
2.45362e-09
2.41511e-09
2.37754e-09
2.34089e-09
2.30511e-09
2.27019e-09
 2.2361e-09
 2.2028e-09
2.17027e-09
2.13849e-09
2.10744e-09
2.07709e-09
2.04742e-09
2.01841e-09
1.99001e-09
 1.9625e-09
1.93284e-09
 7.9728e-09
8.50048e-09
8.85184e-09
9.08546e-09
9.23535e-09
9.32417e-09
9.36772e-09
9.37704e-09
9.35995e-09
9.32269e-09
9.26958e-09
9.20442e-09
 9.1295e-09
9.04745e-09
8.95989e-09
8.86797e-09
8.77294e-09
8.67576e-09
  8.577e-09
 8.4772e-09
8.37721e-09
8.27681e-09
8.17691e-09
8.07727e-09
7.97847e-09
7.88045e-09
7.78365e-09
7.68778e-09
7.59314e-09
7.49993e-09
7.40788e-09
7.31732e-09
7.22808e-09
7.14036e-09
7.05395e-09
6.96905e-09
6.88561e-09
6.80346e-09
6.72293e-09
6.64357e-09
6.56585e-09
6.48926e-09
6.41424e-09
6.34035e-09
6.26797e-09
6.19669e-09
6.12685e-09
 6.0581e-09
 5.9907e-09
5.92438e-09
5.85934e-09
5.79534e-09
5.73257e-09
 5.6708e-09
 5.6102e-09
5.55058e-09
5.49206e-09
5.43448e-09
5.37796e-09
5.32234e-09
5.26772e-09
5.21397e-09
5.16118e-09
5.10923e-09
5.05819e-09
5.00795e-09
4.95858e-09
4.90998e-09
4.86221e-09
4.81519e-09
4.76895e-09
4.72342e-09
4.67865e-09
4.63456e-09
4.59119e-09
4.54847e-09
4.50645e-09
4.46505e-09
4.42431e-09
4.38417e-09
4.34467e-09
4.30574e-09
4.26742e-09
4.22966e-09
4.19247e-09
4.15581e-09
4.11971e-09
4.08413e-09
4.04907e-09
4.01451e-09
3.98046e-09
3.94688e-09
3.91379e-09
3.88115e-09
3.84898e-09
3.81726e-09
3.78598e-09
3.75513e-09
3.72468e-09
3.69491e-09
3.66273e-09
 3.6334e-09
      0.001
0.000899999
0.000819995
 0.00075399
0.000698385
 0.00065078
0.000609495
0.000573307
0.000541298
0.000512766
0.000487159
 0.00046404
0.000443056
0.000423921
0.000406395
0.000390281
0.000375413
 0.00036165
0.000348872
0.000336975
0.000325871
0.000315482
 0.00030574
0.000296587
 0.00028797
0.000279844
0.000272166
0.000264901
0.000258016
0.000251482
0.000245272
0.000239364
0.000233734
0.000228365
0.000223237
0.000218336
0.000213646
0.000209155
0.000204848
0.000200717
0.000196749
0.000192935
0.000189267
0.000185736
0.000182335
0.000179057
0.000175894
0.000172842
0.000169894
0.000167045
 0.00016429
0.000161625
0.000159045
0.000156546
0.000154125
0.000151777
  0.0001495
0.000147291
0.000145146
0.000143062
0.000141038
 0.00013907
0.000137157
0.000135295
0.000133483
 0.00013172
0.000130002
0.000128328
0.000126698
0.000125108
0.000123557
0.000122045
0.000120569
0.000119128
0.000117722
0.000116348
0.000115006
0.000113695
0.000112413
0.000111159
0.000109934
0.000108735
0.000107562
0.000106414
 0.00010529
 0.00010419
0.000103113
0.000102057
0.000101023
 0.00010001
9.90171e-05
9.80435e-05
9.70888e-05
9.61526e-05
9.52342e-05
9.43332e-05
9.34491e-05
9.25815e-05
9.17291e-05
9.09001e-05
9.00032e-05
 0.00999982
          1
1.00007e-05
9.00062e-06
8.20052e-06
7.54042e-06
6.98432e-06
6.50823e-06
6.09535e-06
5.73344e-06
5.41332e-06
5.12797e-06
4.87187e-06
4.64066e-06
4.43081e-06
4.23944e-06
4.06416e-06
3.90301e-06
3.75432e-06
3.61668e-06
3.48888e-06
3.36991e-06
3.25886e-06
3.15496e-06
3.05753e-06
  2.966e-06
2.87982e-06
2.79854e-06
2.72176e-06
2.64911e-06
2.58025e-06
2.51491e-06
2.45281e-06
2.39371e-06
2.33742e-06
2.28372e-06
2.23244e-06
2.18342e-06
2.13652e-06
 2.0916e-06
2.04854e-06
2.00722e-06
1.96754e-06
 1.9294e-06
1.89271e-06
 1.8574e-06
1.82339e-06
 1.7906e-06
1.75898e-06
1.72845e-06
1.69897e-06
1.67048e-06
1.64293e-06
1.61627e-06
1.59047e-06
1.56548e-06
1.54127e-06
1.51779e-06
1.49502e-06
1.47293e-06
1.45148e-06
1.43064e-06
 1.4104e-06
1.39072e-06
1.37158e-06
1.35296e-06
1.33485e-06
1.31721e-06
1.30003e-06
1.28329e-06
1.26699e-06
1.25109e-06
1.23558e-06
1.22045e-06
1.20569e-06
1.19129e-06
1.17722e-06
1.16348e-06
1.15006e-06
1.13695e-06
1.12413e-06
 1.1116e-06
1.09934e-06
1.08735e-06
1.07562e-06
1.06414e-06
1.05291e-06
 1.0419e-06
1.03113e-06
1.02057e-06
1.01023e-06
 1.0001e-06
 9.9017e-07
9.80433e-07
9.70886e-07
9.61524e-07
 9.5234e-07
 9.4333e-07
9.34489e-07
9.25812e-07
9.17288e-07
9.08998e-07
9.00028e-07
