4.35206e-08
4.04691e-08
3.55586e-08
3.30689e-08
2.96263e-08
2.79009e-08
2.52285e-08
2.40871e-08
2.18189e-08
2.11946e-08
1.90373e-08
7.62074e-09
8.46891e-09
 8.7495e-09
9.04969e-09
9.18863e-09
9.28243e-09
9.35302e-09
9.32131e-09
9.38434e-09
 9.2109e-09
9.44106e-09
9.15227e-09
0.000963273
0.000903672
0.000807018
0.000757883
0.000689482
0.000655232
0.000601577
 0.00057885
0.000532782
0.000520432
0.000476151
 0.00999982
          1
 9.6335e-06
 9.0374e-06
8.07076e-06
7.57938e-06
6.89529e-06
6.55277e-06
6.01617e-06
5.78889e-06
5.32815e-06
5.20465e-06
 4.7618e-06
