7.75095e-08
1.20273e-07
9.70794e-08
9.94001e-08
8.53851e-08
8.36266e-08
 7.3713e-08
7.14091e-08
6.38634e-08
6.17421e-08
5.57293e-08
5.39565e-08
4.89957e-08
 4.7593e-08
4.33742e-08
4.23285e-08
3.86328e-08
3.79313e-08
3.45888e-08
3.42328e-08
3.10975e-08
2.55833e-08
1.51054e-07
 1.5354e-07
  1.662e-07
1.63777e-07
1.62899e-07
1.59144e-07
1.54941e-07
1.50859e-07
1.45848e-07
1.41776e-07
1.36806e-07
1.32834e-07
1.28257e-07
1.24358e-07
1.20371e-07
1.16425e-07
1.13213e-07
1.08994e-07
1.06838e-07
1.01929e-07
9.83262e-08
0.000484798
 0.00047576
0.000447355
0.000432893
0.000410375
0.000397398
0.000378597
0.000367475
0.000351301
0.000341891
0.000327645
0.000319763
0.000306936
0.000300451
0.000288625
0.000283481
0.000272265
0.000268515
 0.00025747
0.000255335
0.000243864
 0.00999939
          1
4.90765e-06
4.79081e-06
4.49855e-06
4.34829e-06
4.11959e-06
3.98725e-06
3.79731e-06
 3.6846e-06
3.52164e-06
3.42655e-06
3.28328e-06
3.20375e-06
3.07491e-06
3.00951e-06
2.89085e-06
2.83898e-06
2.72652e-06
2.68868e-06
2.57799e-06
2.55637e-06
2.44138e-06
