 7.6725e-08
1.20694e-07
9.73063e-08
9.97859e-08
8.56688e-08
8.39511e-08
7.39719e-08
7.16794e-08
6.40875e-08
6.19682e-08
 5.5921e-08
5.41471e-08
4.91597e-08
4.77551e-08
4.35151e-08
4.24677e-08
3.87544e-08
3.80516e-08
3.46944e-08
3.43378e-08
3.11896e-08
2.15361e-08
1.50209e-07
1.53241e-07
1.66393e-07
1.64163e-07
1.63426e-07
 1.5975e-07
1.55587e-07
1.51536e-07
1.46528e-07
1.42464e-07
1.37482e-07
1.33506e-07
1.28913e-07
1.25001e-07
1.20998e-07
1.17034e-07
1.13809e-07
1.09568e-07
1.07403e-07
1.02467e-07
9.88457e-08
0.000484798
 0.00047576
0.000447355
0.000432893
0.000410375
0.000397398
0.000378597
0.000367475
0.000351301
0.000341891
0.000327645
0.000319763
0.000306936
0.000300451
0.000288625
0.000283481
0.000272265
0.000268515
 0.00025747
0.000255335
0.000243864
 0.00999947
          1
4.90899e-06
4.79161e-06
4.49914e-06
4.34875e-06
4.11997e-06
3.98757e-06
3.79758e-06
3.68484e-06
3.52185e-06
3.42674e-06
3.28344e-06
 3.2039e-06
3.07505e-06
3.00964e-06
2.89096e-06
2.83909e-06
2.72662e-06
2.68877e-06
2.57807e-06
2.55645e-06
2.44145e-06
