-4.33735e-08
 1.17475e-07
 7.26059e-08
 9.84072e-08
 7.49944e-08
 8.31913e-08
 6.81033e-08
 7.11594e-08
 6.04863e-08
 6.15111e-08
  5.3628e-08
-4.22368e-07
-2.31788e-08
 1.39259e-08
 7.11561e-08
 8.60157e-08
 1.00675e-07
 1.07469e-07
 1.10322e-07
 1.13292e-07
 1.12049e-07
 1.12884e-07
 1.09918e-07
  0.00044275
 0.000477862
 0.000433129
 0.000435027
 0.000401539
 0.000399607
 0.000371927
  0.00036981
 0.000345695
 0.000344414
  0.00032256
   0.0100083
           1
 4.59097e-06
 4.87431e-06
 4.39922e-06
 4.40552e-06
 4.05821e-06
 4.03409e-06
 3.74997e-06
 3.72665e-06
 3.48045e-06
 3.46675e-06
 3.24432e-06
