1.33482e-07
1.20165e-07
1.08851e-07
9.91072e-08
9.06655e-08
8.32814e-08
  7.679e-08
7.10421e-08
6.59318e-08
6.13613e-08
5.72597e-08
5.35602e-08
5.02144e-08
4.71753e-08
 4.4408e-08
 4.1879e-08
3.95628e-08
3.74346e-08
3.54757e-08
3.36671e-08
3.19951e-08
3.04445e-08
2.90056e-08
2.76659e-08
2.64183e-08
2.52529e-08
2.41639e-08
2.31436e-08
2.21873e-08
2.12888e-08
2.04444e-08
 1.9649e-08
1.88997e-08
1.81921e-08
 1.7524e-08
1.68918e-08
1.62935e-08
1.57263e-08
1.51884e-08
1.46775e-08
1.41922e-08
1.37304e-08
 1.3291e-08
1.28722e-08
1.24731e-08
 1.2092e-08
1.17284e-08
1.13808e-08
1.10485e-08
1.07305e-08
1.04261e-08
1.01344e-08
 9.8548e-09
9.58657e-09
9.32922e-09
9.08203e-09
8.84459e-09
8.61628e-09
8.39675e-09
8.18545e-09
7.98206e-09
7.78612e-09
7.59734e-09
 7.4153e-09
7.23976e-09
7.07034e-09
6.90683e-09
6.74889e-09
6.59633e-09
6.44885e-09
6.30628e-09
6.16837e-09
6.03494e-09
5.90577e-09
5.78072e-09
5.65958e-09
5.54222e-09
5.42846e-09
5.31817e-09
5.21119e-09
5.10741e-09
5.00669e-09
4.90893e-09
4.81399e-09
4.72178e-09
4.63219e-09
4.54513e-09
4.46048e-09
4.37819e-09
4.29814e-09
4.22027e-09
4.14448e-09
4.07073e-09
3.99891e-09
3.92899e-09
3.86088e-09
 3.7945e-09
3.72991e-09
3.66648e-09
3.60713e-09
3.53618e-09
2.40711e-07
2.29651e-07
2.19206e-07
2.09329e-07
2.00046e-07
1.91324e-07
1.83142e-07
1.75465e-07
1.68263e-07
1.61499e-07
1.55146e-07
 1.4917e-07
1.43546e-07
1.38247e-07
 1.3325e-07
1.28531e-07
1.24071e-07
1.19853e-07
1.15857e-07
1.12069e-07
1.08475e-07
1.05062e-07
1.01816e-07
9.87286e-08
9.57871e-08
9.29847e-08
9.03101e-08
8.77576e-08
8.53179e-08
8.29859e-08
8.07536e-08
 7.8617e-08
7.65685e-08
7.46054e-08
7.27207e-08
7.09123e-08
6.91739e-08
6.75039e-08
6.58966e-08
6.43507e-08
6.28613e-08
6.14273e-08
6.00442e-08
5.87111e-08
5.74241e-08
5.61825e-08
5.49826e-08
 5.3824e-08
5.27034e-08
5.16203e-08
5.05718e-08
4.95576e-08
 4.8575e-08
4.76238e-08
4.67015e-08
4.58081e-08
4.49412e-08
4.41007e-08
4.32846e-08
4.24929e-08
4.17237e-08
4.09769e-08
4.02509e-08
3.95456e-08
3.88595e-08
3.81926e-08
3.75435e-08
3.69122e-08
3.62973e-08
3.56989e-08
3.51159e-08
3.45482e-08
3.39947e-08
3.34556e-08
3.29297e-08
3.24171e-08
3.19169e-08
3.14292e-08
 3.0953e-08
3.04885e-08
3.00347e-08
2.95919e-08
2.91591e-08
2.87366e-08
2.83236e-08
2.79201e-08
2.75256e-08
  2.714e-08
2.67628e-08
2.63941e-08
2.60332e-08
2.56803e-08
2.53348e-08
2.49968e-08
2.46657e-08
2.43418e-08
2.40243e-08
 2.3714e-08
2.34075e-08
2.31195e-08
2.27739e-08
2.24884e-08
     0.0005
   0.000475
0.000452499
0.000432122
 0.00041357
0.000396599
0.000381008
0.000366631
0.000353328
0.000340979
0.000329483
0.000318752
0.000308712
0.000299296
0.000290447
0.000282114
0.000274253
0.000266824
0.000259793
0.000253127
0.000246798
0.000240782
0.000235055
0.000229597
0.000224389
0.000219414
0.000214656
0.000210103
 0.00020574
0.000201556
 0.00019754
0.000193682
0.000189972
0.000186404
0.000182967
0.000179656
0.000176463
0.000173382
0.000170407
0.000167533
0.000164755
0.000162068
0.000159468
 0.00015695
0.000154511
0.000152147
0.000149854
0.000147629
 0.00014547
0.000143373
0.000141336
0.000139357
0.000137432
 0.00013556
0.000133738
0.000131965
0.000130238
0.000128556
0.000126917
0.000125319
0.000123761
0.000122242
0.000120759
0.000119312
0.000117899
 0.00011652
0.000115172
0.000113855
0.000112569
 0.00011131
 0.00011008
0.000108877
  0.0001077
0.000106548
 0.00010542
0.000104316
0.000103235
0.000102176
0.000101139
0.000100122
9.91262e-05
9.81496e-05
9.71921e-05
9.62531e-05
9.53321e-05
9.44286e-05
 9.3542e-05
 9.2672e-05
 9.1818e-05
9.09796e-05
9.01564e-05
8.93479e-05
8.85539e-05
8.77738e-05
8.70073e-05
8.62542e-05
8.55138e-05
8.47871e-05
 8.4067e-05
8.33881e-05
8.25681e-05
 0.00999509
          1
 5.0038e-06
4.75321e-06
4.52771e-06
4.32352e-06
4.13763e-06
3.96761e-06
3.81144e-06
3.66744e-06
 3.5342e-06
3.41054e-06
3.29542e-06
3.18798e-06
3.08746e-06
 2.9932e-06
2.90462e-06
2.82121e-06
2.74253e-06
2.66818e-06
 2.5978e-06
2.53109e-06
2.46776e-06
2.40756e-06
2.35025e-06
2.29564e-06
2.24353e-06
2.19376e-06
2.14616e-06
2.10061e-06
2.05696e-06
2.01511e-06
1.97493e-06
1.93634e-06
1.89924e-06
1.86354e-06
1.82916e-06
1.79604e-06
1.76411e-06
1.73329e-06
1.70354e-06
 1.6748e-06
1.64702e-06
1.62015e-06
1.59414e-06
1.56896e-06
1.54457e-06
1.52092e-06
1.49799e-06
1.47575e-06
1.45416e-06
1.43319e-06
1.41282e-06
1.39303e-06
1.37378e-06
1.35506e-06
1.33684e-06
1.31911e-06
1.30185e-06
1.28503e-06
1.26864e-06
1.25267e-06
1.23709e-06
 1.2219e-06
1.20707e-06
1.19261e-06
1.17848e-06
1.16469e-06
1.15122e-06
1.13805e-06
1.12518e-06
1.11261e-06
1.10031e-06
1.08828e-06
1.07651e-06
1.06499e-06
1.05372e-06
1.04268e-06
1.03187e-06
1.02129e-06
1.01092e-06
1.00075e-06
9.90795e-07
9.81033e-07
 9.7146e-07
9.62074e-07
9.52866e-07
9.43834e-07
9.34971e-07
9.26274e-07
9.17737e-07
9.09355e-07
9.01126e-07
8.93044e-07
8.85106e-07
8.77308e-07
8.69647e-07
8.62118e-07
8.54716e-07
8.47452e-07
8.40254e-07
8.33466e-07
 8.2527e-07
