8.32956e-08
 1.1588e-07
9.45631e-08
9.55577e-08
 8.2528e-08
8.04402e-08
7.11589e-08
6.87716e-08
6.16717e-08
5.95425e-08
5.38623e-08
5.21045e-08
4.74021e-08
4.60189e-08
4.20074e-08
4.09785e-08
3.74536e-08
3.67638e-08
3.35657e-08
3.32153e-08
 3.0205e-08
5.69127e-08
1.55208e-07
1.53534e-07
1.62212e-07
 1.5839e-07
 1.5647e-07
1.52199e-07
1.47777e-07
1.43546e-07
1.38604e-07
1.34556e-07
1.29759e-07
1.25903e-07
1.21524e-07
1.17792e-07
1.13991e-07
1.10252e-07
1.07192e-07
1.03215e-07
1.01157e-07
9.65369e-08
9.31316e-08
0.000484798
 0.00047576
0.000447355
0.000432893
0.000410375
0.000397398
0.000378597
0.000367475
0.000351301
0.000341891
0.000327645
0.000319763
0.000306936
0.000300451
0.000288625
0.000283481
0.000272265
0.000268515
 0.00025747
0.000255335
0.000243864
 0.00999876
          1
4.89612e-06
4.78403e-06
4.49352e-06
4.34435e-06
4.11639e-06
3.98455e-06
3.79501e-06
3.68259e-06
3.51989e-06
3.42498e-06
3.28187e-06
3.20247e-06
3.07375e-06
3.00845e-06
2.88988e-06
2.83808e-06
2.72569e-06
2.68789e-06
2.57727e-06
2.55568e-06
2.44075e-06
