1.26917e-07
1.14484e-07
1.03865e-07
9.47149e-08
8.67603e-08
7.97984e-08
 7.3662e-08
6.82253e-08
6.33811e-08
5.90454e-08
5.51478e-08
5.16302e-08
4.84435e-08
4.55474e-08
4.29066e-08
4.04918e-08
3.82776e-08
3.62419e-08
 3.4366e-08
3.26335e-08
3.10294e-08
2.95425e-08
2.81598e-08
2.68734e-08
2.56731e-08
2.45525e-08
2.35037e-08
2.25213e-08
2.15994e-08
2.07333e-08
1.99184e-08
1.91509e-08
 1.8427e-08
1.77436e-08
1.70977e-08
1.64864e-08
1.59076e-08
1.53586e-08
1.48379e-08
1.43429e-08
1.38728e-08
 1.3425e-08
 1.2999e-08
1.25926e-08
1.22054e-08
1.18355e-08
1.14825e-08
1.11447e-08
1.08219e-08
1.05128e-08
1.02169e-08
9.93314e-09
9.66124e-09
 9.4002e-09
9.14975e-09
8.90905e-09
8.67785e-09
8.45543e-09
8.24156e-09
8.03561e-09
7.83738e-09
7.64631e-09
7.46222e-09
7.28463e-09
7.11337e-09
6.94801e-09
6.78842e-09
6.63421e-09
6.48524e-09
6.34118e-09
6.20192e-09
6.06715e-09
5.93676e-09
 5.8105e-09
5.68825e-09
5.56979e-09
5.45502e-09
5.34373e-09
5.23583e-09
5.13115e-09
5.02959e-09
  4.931e-09
 4.8353e-09
4.74233e-09
4.65204e-09
4.56428e-09
  4.479e-09
4.39606e-09
4.31543e-09
4.23697e-09
4.16065e-09
4.08636e-09
4.01405e-09
3.94363e-09
3.87505e-09
3.80824e-09
3.74313e-09
3.67976e-09
3.61753e-09
3.55928e-09
3.48964e-09
2.19526e-07
2.09926e-07
2.00749e-07
1.92036e-07
1.83806e-07
1.76046e-07
1.68744e-07
1.61872e-07
 1.5541e-07
1.49327e-07
1.43601e-07
1.38205e-07
1.33119e-07
1.28317e-07
1.23782e-07
1.19494e-07
1.15437e-07
1.11593e-07
1.07948e-07
1.04489e-07
1.01204e-07
9.80792e-08
9.51069e-08
9.22751e-08
8.95767e-08
8.70016e-08
8.45438e-08
8.21947e-08
7.99492e-08
   7.78e-08
7.57423e-08
7.37703e-08
7.18797e-08
7.00654e-08
6.83239e-08
6.66504e-08
6.50422e-08
 6.3495e-08
6.20064e-08
6.05728e-08
5.91918e-08
5.78607e-08
5.65769e-08
5.53384e-08
5.41427e-08
 5.2988e-08
5.18722e-08
5.07939e-08
4.97509e-08
 4.8742e-08
4.77653e-08
4.68199e-08
4.59039e-08
4.50166e-08
4.41562e-08
4.33221e-08
4.25127e-08
4.17276e-08
4.09652e-08
4.02251e-08
 3.9506e-08
3.88075e-08
3.81283e-08
3.74682e-08
 3.6826e-08
3.62014e-08
3.55935e-08
3.50019e-08
3.44257e-08
3.38647e-08
3.33181e-08
3.27856e-08
3.22663e-08
3.17604e-08
3.12668e-08
3.07855e-08
3.03158e-08
2.98576e-08
2.94102e-08
2.89736e-08
2.85472e-08
2.81308e-08
2.77238e-08
2.73264e-08
2.69378e-08
2.65582e-08
2.61868e-08
2.58238e-08
2.54687e-08
2.51214e-08
2.47815e-08
 2.4449e-08
2.41234e-08
2.38048e-08
2.34927e-08
2.31873e-08
 2.2888e-08
2.25953e-08
2.23062e-08
2.20344e-08
2.17083e-08
2.14388e-08
     0.0005
   0.000475
0.000452499
0.000432122
 0.00041357
0.000396599
0.000381008
0.000366631
0.000353328
0.000340979
0.000329483
0.000318752
0.000308712
0.000299296
0.000290447
0.000282114
0.000274253
0.000266824
0.000259793
0.000253127
0.000246798
0.000240782
0.000235055
0.000229597
0.000224389
0.000219414
0.000214656
0.000210103
 0.00020574
0.000201556
 0.00019754
0.000193682
0.000189972
0.000186404
0.000182967
0.000179656
0.000176463
0.000173382
0.000170407
0.000167533
0.000164755
0.000162068
0.000159468
 0.00015695
0.000154511
0.000152147
0.000149854
0.000147629
 0.00014547
0.000143373
0.000141336
0.000139357
0.000137432
 0.00013556
0.000133738
0.000131965
0.000130238
0.000128556
0.000126917
0.000125319
0.000123761
0.000122242
0.000120759
0.000119312
0.000117899
 0.00011652
0.000115172
0.000113855
0.000112569
 0.00011131
 0.00011008
0.000108877
  0.0001077
0.000106548
 0.00010542
0.000104316
0.000103235
0.000102176
0.000101139
0.000100122
9.91262e-05
9.81496e-05
9.71921e-05
9.62531e-05
9.53321e-05
9.44286e-05
 9.3542e-05
 9.2672e-05
 9.1818e-05
9.09796e-05
9.01564e-05
8.93479e-05
8.85539e-05
8.77738e-05
8.70073e-05
8.62542e-05
8.55138e-05
8.47871e-05
 8.4067e-05
8.33881e-05
8.25681e-05
 0.00999551
          1
5.00368e-06
4.75313e-06
4.52766e-06
4.32349e-06
4.13763e-06
3.96763e-06
3.81147e-06
3.66748e-06
3.53426e-06
 3.4106e-06
3.29549e-06
3.18806e-06
3.08754e-06
2.99328e-06
 2.9047e-06
 2.8213e-06
2.74262e-06
2.66827e-06
2.59789e-06
2.53118e-06
2.46785e-06
2.40765e-06
2.35035e-06
2.29573e-06
2.24362e-06
2.19385e-06
2.14626e-06
 2.1007e-06
2.05705e-06
2.01519e-06
1.97502e-06
1.93643e-06
1.89932e-06
1.86362e-06
1.82925e-06
1.79613e-06
1.76419e-06
1.73337e-06
1.70362e-06
1.67488e-06
 1.6471e-06
1.62022e-06
1.59422e-06
1.56904e-06
1.54464e-06
  1.521e-06
1.49807e-06
1.47582e-06
1.45423e-06
1.43326e-06
1.41289e-06
 1.3931e-06
1.37385e-06
1.35513e-06
1.33691e-06
1.31918e-06
1.30191e-06
1.28509e-06
 1.2687e-06
1.25273e-06
1.23715e-06
1.22196e-06
1.20713e-06
1.19267e-06
1.17854e-06
1.16475e-06
1.15127e-06
1.13811e-06
1.12524e-06
1.11266e-06
1.10036e-06
1.08833e-06
1.07656e-06
1.06504e-06
1.05377e-06
1.04273e-06
1.03193e-06
1.02134e-06
1.01097e-06
1.00081e-06
9.90846e-07
9.81083e-07
 9.7151e-07
9.62123e-07
9.52915e-07
9.43882e-07
9.35019e-07
9.26321e-07
9.17784e-07
9.09402e-07
9.01172e-07
 8.9309e-07
8.85152e-07
8.77353e-07
8.69691e-07
8.62162e-07
 8.5476e-07
8.47495e-07
8.40297e-07
8.33509e-07
8.25313e-07
