-1.25631e-08
 1.16421e-07
 7.46511e-08
 9.58736e-08
 7.38326e-08
 8.06553e-08
 6.63283e-08
 6.88939e-08
 5.86789e-08
 5.95507e-08
 5.19432e-08
-2.88219e-07
 3.25195e-08
 5.09697e-08
 9.55136e-08
 1.02306e-07
 1.12861e-07
 1.15201e-07
 1.16541e-07
 1.16681e-07
 1.14993e-07
 1.13827e-07
 1.09991e-07
  0.00044275
 0.000477862
 0.000433129
 0.000435027
 0.000401539
 0.000399607
 0.000371927
  0.00036981
 0.000345695
 0.000344414
  0.00032256
   0.0100057
           1
 4.56119e-06
 4.85445e-06
 4.38544e-06
 4.39382e-06
 4.04928e-06
 4.02593e-06
 3.74347e-06
 3.72046e-06
 3.47543e-06
  3.4618e-06
 3.24024e-06
