5.28616e-08
8.33715e-08
6.30645e-08
6.89287e-08
 5.6686e-08
5.86786e-08
4.99993e-08
5.07834e-08
4.41726e-08
4.44657e-08
3.92591e-08
  2.321e-08
9.06351e-08
8.06193e-08
8.93476e-08
8.47644e-08
8.56447e-08
8.26515e-08
8.13955e-08
7.89747e-08
7.71553e-08
7.48781e-08
7.17143e-08
 0.00044275
0.000477862
0.000433129
0.000435027
0.000401539
0.000399607
0.000371927
 0.00036981
0.000345695
0.000344414
 0.00032256
 0.00999944
          1
4.45915e-06
4.79401e-06
4.34299e-06
4.35926e-06
4.02266e-06
 4.0023e-06
 3.7245e-06
3.70278e-06
3.46096e-06
3.44783e-06
3.22874e-06
