8.57578e-08
7.83428e-08
7.19067e-08
6.62745e-08
6.13111e-08
  5.691e-08
5.29866e-08
4.94708e-08
 4.6307e-08
4.34468e-08
4.08533e-08
3.84914e-08
3.63355e-08
3.43596e-08
3.25462e-08
 3.0875e-08
2.93334e-08
2.79063e-08
2.65838e-08
2.53546e-08
2.42109e-08
2.31441e-08
2.21478e-08
2.12155e-08
 2.0342e-08
1.95222e-08
1.87518e-08
 1.8027e-08
1.73438e-08
1.66996e-08
1.60908e-08
1.55155e-08
1.49707e-08
1.44547e-08
1.39651e-08
1.35003e-08
1.30587e-08
1.26386e-08
1.22387e-08
1.18577e-08
1.14944e-08
1.11477e-08
1.08167e-08
1.05003e-08
1.01978e-08
9.90823e-09
9.63104e-09
9.36532e-09
9.11064e-09
8.86622e-09
8.63167e-09
8.40632e-09
8.18982e-09
7.98158e-09
 7.7813e-09
7.58848e-09
7.40284e-09
7.22394e-09
7.05153e-09
6.88523e-09
6.72482e-09
6.56997e-09
6.42046e-09
6.27601e-09
6.13644e-09
6.00148e-09
5.87097e-09
5.74468e-09
5.62247e-09
5.50412e-09
5.38951e-09
5.27844e-09
5.17081e-09
5.06644e-09
4.96524e-09
4.86703e-09
4.77175e-09
4.67923e-09
4.58941e-09
4.50215e-09
4.41738e-09
4.33498e-09
4.25488e-09
4.17699e-09
4.10124e-09
4.02753e-09
3.95581e-09
3.88598e-09
3.81801e-09
 3.7518e-09
3.68732e-09
3.62448e-09
3.56325e-09
3.50356e-09
3.44537e-09
3.38862e-09
3.33325e-09
3.27932e-09
3.22628e-09
3.17661e-09
3.11714e-09
1.05746e-07
1.02774e-07
9.97418e-08
9.67104e-08
 9.3725e-08
9.08084e-08
8.79805e-08
 8.5247e-08
8.26157e-08
8.00869e-08
7.76601e-08
7.53342e-08
7.31052e-08
7.09714e-08
6.89272e-08
6.69707e-08
 6.5096e-08
6.33014e-08
6.15804e-08
5.99323e-08
5.83503e-08
5.68343e-08
5.53779e-08
5.39809e-08
5.26375e-08
5.13478e-08
5.01063e-08
4.89133e-08
4.77638e-08
4.66581e-08
4.55919e-08
4.45651e-08
4.35742e-08
4.26189e-08
4.16964e-08
4.08061e-08
3.99456e-08
3.91144e-08
3.83104e-08
3.75332e-08
3.67807e-08
3.60527e-08
3.53473e-08
3.46645e-08
3.40022e-08
3.33607e-08
 3.2738e-08
3.21344e-08
3.15482e-08
3.09796e-08
3.04269e-08
2.98904e-08
2.93688e-08
 2.8862e-08
2.83689e-08
2.78897e-08
2.74231e-08
2.69693e-08
2.65273e-08
2.60972e-08
 2.5678e-08
2.52699e-08
2.48719e-08
2.44842e-08
2.41059e-08
2.37373e-08
2.33775e-08
2.30266e-08
 2.2684e-08
2.23498e-08
2.20232e-08
2.17045e-08
 2.1393e-08
2.10889e-08
2.07915e-08
 2.0501e-08
2.02169e-08
1.99392e-08
1.96675e-08
1.94019e-08
1.91419e-08
1.88876e-08
1.86386e-08
 1.8395e-08
1.81564e-08
1.79228e-08
 1.7694e-08
1.74699e-08
1.72503e-08
1.70352e-08
1.68243e-08
1.66177e-08
1.64151e-08
1.62165e-08
1.60217e-08
1.58307e-08
1.56432e-08
1.54597e-08
1.52781e-08
1.51071e-08
1.49018e-08
1.47316e-08
     0.0005
   0.000475
0.000452499
0.000432122
 0.00041357
0.000396599
0.000381008
0.000366631
0.000353328
0.000340979
0.000329483
0.000318752
0.000308712
0.000299296
0.000290447
0.000282114
0.000274253
0.000266824
0.000259793
0.000253127
0.000246798
0.000240782
0.000235055
0.000229597
0.000224389
0.000219414
0.000214656
0.000210103
 0.00020574
0.000201556
 0.00019754
0.000193682
0.000189972
0.000186404
0.000182967
0.000179656
0.000176463
0.000173382
0.000170407
0.000167533
0.000164755
0.000162068
0.000159468
 0.00015695
0.000154511
0.000152147
0.000149854
0.000147629
 0.00014547
0.000143373
0.000141336
0.000139357
0.000137432
 0.00013556
0.000133738
0.000131965
0.000130238
0.000128556
0.000126917
0.000125319
0.000123761
0.000122242
0.000120759
0.000119312
0.000117899
 0.00011652
0.000115172
0.000113855
0.000112569
 0.00011131
 0.00011008
0.000108877
  0.0001077
0.000106548
 0.00010542
0.000104316
0.000103235
0.000102176
0.000101139
0.000100122
9.91262e-05
9.81496e-05
9.71921e-05
9.62531e-05
9.53321e-05
9.44286e-05
 9.3542e-05
 9.2672e-05
 9.1818e-05
9.09796e-05
9.01564e-05
8.93479e-05
8.85539e-05
8.77738e-05
8.70073e-05
8.62542e-05
8.55138e-05
8.47871e-05
 8.4067e-05
8.33881e-05
8.25681e-05
 0.00999779
          1
 5.0025e-06
4.75222e-06
4.52696e-06
4.32298e-06
4.13726e-06
3.96739e-06
3.81133e-06
3.66743e-06
3.53428e-06
3.41068e-06
3.29563e-06
3.18824e-06
3.08776e-06
2.99353e-06
2.90498e-06
2.82159e-06
2.74293e-06
 2.6686e-06
2.59824e-06
2.53154e-06
2.46822e-06
2.40803e-06
2.35073e-06
2.29612e-06
2.24401e-06
2.19424e-06
2.14665e-06
2.10109e-06
2.05745e-06
2.01559e-06
1.97542e-06
1.93682e-06
1.89972e-06
1.86401e-06
1.82964e-06
1.79651e-06
1.76457e-06
1.73376e-06
  1.704e-06
1.67526e-06
1.64747e-06
 1.6206e-06
1.59459e-06
 1.5694e-06
  1.545e-06
1.52136e-06
1.49842e-06
1.47618e-06
1.45458e-06
1.43361e-06
1.41324e-06
1.39344e-06
1.37419e-06
1.35546e-06
1.33724e-06
1.31951e-06
1.30224e-06
1.28541e-06
1.26902e-06
1.25304e-06
1.23746e-06
1.22227e-06
1.20744e-06
1.19297e-06
1.17884e-06
1.16504e-06
1.15157e-06
 1.1384e-06
1.12553e-06
1.11295e-06
1.10065e-06
1.08861e-06
1.07684e-06
1.06532e-06
1.05404e-06
  1.043e-06
1.03219e-06
 1.0216e-06
1.01123e-06
1.00107e-06
9.91104e-07
9.81339e-07
9.71764e-07
9.62374e-07
9.53164e-07
9.44129e-07
9.35264e-07
9.26564e-07
9.18024e-07
 9.0964e-07
9.01409e-07
8.93324e-07
8.85384e-07
8.77584e-07
 8.6992e-07
8.62389e-07
8.54985e-07
8.47718e-07
8.40518e-07
8.33728e-07
 8.2553e-07
