2.08222e-08
1.95498e-08
1.84106e-08
1.73842e-08
1.64546e-08
1.56089e-08
1.48361e-08
1.41272e-08
1.34747e-08
1.28723e-08
1.23143e-08
1.17963e-08
1.13142e-08
1.08646e-08
1.04442e-08
1.00505e-08
9.68101e-09
9.33366e-09
9.00657e-09
8.69818e-09
8.40691e-09
8.13137e-09
7.87052e-09
7.62317e-09
7.38839e-09
7.16517e-09
6.95294e-09
6.75073e-09
6.55798e-09
 6.3741e-09
6.19842e-09
6.03057e-09
5.86992e-09
5.71616e-09
5.56881e-09
5.42752e-09
5.29194e-09
5.16178e-09
5.03667e-09
4.91645e-09
4.80072e-09
4.68936e-09
4.58208e-09
4.47869e-09
4.37902e-09
4.28283e-09
4.19002e-09
4.10035e-09
4.01376e-09
   3.93e-09
3.84906e-09
 3.7707e-09
 3.6949e-09
3.62146e-09
3.55036e-09
3.48142e-09
3.41462e-09
3.34981e-09
3.28695e-09
3.22593e-09
3.16671e-09
3.10918e-09
 3.0533e-09
2.99898e-09
2.94619e-09
2.89485e-09
2.84491e-09
2.79632e-09
2.74904e-09
  2.703e-09
2.65817e-09
2.61449e-09
2.57195e-09
2.53048e-09
2.49006e-09
2.45064e-09
2.41221e-09
2.37471e-09
2.33812e-09
 2.3024e-09
2.26754e-09
 2.2335e-09
2.20026e-09
2.16779e-09
2.13607e-09
2.10506e-09
2.07476e-09
2.04513e-09
2.01617e-09
1.98784e-09
1.96013e-09
1.93302e-09
1.90649e-09
1.88053e-09
1.85511e-09
1.83023e-09
1.80586e-09
1.78203e-09
1.75851e-09
1.73641e-09
1.70982e-09
6.74371e-09
6.88041e-09
6.98162e-09
7.05475e-09
7.10435e-09
7.13455e-09
 7.1492e-09
7.15046e-09
 7.1409e-09
7.12188e-09
7.09533e-09
7.06253e-09
 7.0241e-09
6.98173e-09
6.93475e-09
6.88562e-09
6.83327e-09
6.77939e-09
6.72332e-09
6.66626e-09
6.60792e-09
6.54901e-09
6.48929e-09
6.42923e-09
6.36906e-09
6.30869e-09
6.24828e-09
6.18817e-09
6.12811e-09
6.06847e-09
6.00906e-09
5.95024e-09
5.89166e-09
 5.8338e-09
5.77632e-09
5.71951e-09
5.66323e-09
5.60758e-09
5.55257e-09
5.49817e-09
5.44444e-09
5.39137e-09
5.33894e-09
5.28723e-09
 5.2361e-09
5.18576e-09
5.13593e-09
5.08694e-09
5.03843e-09
4.99076e-09
4.94356e-09
4.89718e-09
4.85127e-09
4.80616e-09
4.76151e-09
4.71764e-09
4.67423e-09
4.63156e-09
4.58937e-09
4.54787e-09
4.50685e-09
 4.4665e-09
4.42662e-09
4.38737e-09
4.34859e-09
4.31043e-09
4.27272e-09
 4.2356e-09
4.19893e-09
4.16282e-09
4.12714e-09
4.09201e-09
4.05731e-09
4.02312e-09
3.98936e-09
3.95609e-09
3.92322e-09
3.89084e-09
3.85885e-09
3.82733e-09
3.79618e-09
3.76548e-09
3.73515e-09
3.70525e-09
3.67571e-09
3.64659e-09
3.61781e-09
3.58943e-09
3.56138e-09
3.53373e-09
 3.5064e-09
3.47943e-09
3.45279e-09
 3.4265e-09
3.40053e-09
3.37489e-09
3.34955e-09
3.32457e-09
3.29971e-09
3.27609e-09
3.24781e-09
3.22378e-09
     0.0005
   0.000475
0.000452499
0.000432122
 0.00041357
0.000396599
0.000381008
0.000366631
0.000353328
0.000340979
0.000329483
0.000318752
0.000308712
0.000299296
0.000290447
0.000282114
0.000274253
0.000266824
0.000259793
0.000253127
0.000246798
0.000240782
0.000235055
0.000229597
0.000224389
0.000219414
0.000214656
0.000210103
 0.00020574
0.000201556
 0.00019754
0.000193682
0.000189972
0.000186404
0.000182967
0.000179656
0.000176463
0.000173382
0.000170407
0.000167533
0.000164755
0.000162068
0.000159468
 0.00015695
0.000154511
0.000152147
0.000149854
0.000147629
 0.00014547
0.000143373
0.000141336
0.000139357
0.000137432
 0.00013556
0.000133738
0.000131965
0.000130238
0.000128556
0.000126917
0.000125319
0.000123761
0.000122242
0.000120759
0.000119312
0.000117899
 0.00011652
0.000115172
0.000113855
0.000112569
 0.00011131
 0.00011008
0.000108877
  0.0001077
0.000106548
 0.00010542
0.000104316
0.000103235
0.000102176
0.000101139
0.000100122
9.91262e-05
9.81496e-05
9.71921e-05
9.62531e-05
9.53321e-05
9.44286e-05
 9.3542e-05
 9.2672e-05
 9.1818e-05
9.09796e-05
9.01564e-05
8.93479e-05
8.85539e-05
8.77738e-05
8.70073e-05
8.62542e-05
8.55138e-05
8.47871e-05
 8.4067e-05
8.33881e-05
8.25681e-05
 0.00999977
          1
5.00022e-06
4.75021e-06
4.52518e-06
 4.3214e-06
4.13587e-06
3.96615e-06
3.81023e-06
3.66645e-06
3.53341e-06
3.40991e-06
3.29494e-06
3.18763e-06
3.08722e-06
2.99305e-06
2.90456e-06
2.82122e-06
2.74261e-06
2.66832e-06
  2.598e-06
2.53133e-06
2.46804e-06
2.40787e-06
 2.3506e-06
2.29602e-06
2.24393e-06
2.19418e-06
2.14661e-06
2.10107e-06
2.05744e-06
2.01559e-06
1.97543e-06
1.93685e-06
1.89975e-06
1.86406e-06
1.82969e-06
1.79658e-06
1.76465e-06
1.73384e-06
1.70409e-06
1.67535e-06
1.64757e-06
 1.6207e-06
1.59469e-06
1.56951e-06
1.54512e-06
1.52148e-06
1.49855e-06
 1.4763e-06
1.45471e-06
1.43374e-06
1.41337e-06
1.39357e-06
1.37432e-06
 1.3556e-06
1.33738e-06
1.31965e-06
1.30238e-06
1.28556e-06
1.26917e-06
1.25319e-06
1.23761e-06
1.22241e-06
1.20759e-06
1.19312e-06
1.17899e-06
1.16519e-06
1.15172e-06
1.13855e-06
1.12568e-06
 1.1131e-06
 1.1008e-06
1.08876e-06
1.07699e-06
1.06547e-06
1.05419e-06
1.04315e-06
1.03234e-06
1.02175e-06
1.01138e-06
1.00122e-06
9.91254e-07
9.81488e-07
9.71913e-07
9.62523e-07
9.53312e-07
9.44277e-07
9.35411e-07
9.26711e-07
 9.1817e-07
9.09786e-07
9.01554e-07
8.93469e-07
8.85529e-07
8.77728e-07
8.70063e-07
8.62531e-07
8.55127e-07
 8.4786e-07
8.40659e-07
8.33869e-07
 8.2567e-07
