-2.48986e-10
 4.97027e-09
 3.79275e-09
 4.77981e-09
 4.21624e-09
 4.59856e-09
 4.24464e-09
   4.427e-09
 4.17162e-09
 4.26474e-09
 4.06471e-09
  4.1112e-09
 3.94611e-09
  3.9658e-09
 3.82464e-09
   3.828e-09
 3.70428e-09
 3.69727e-09
 3.58687e-09
 3.57316e-09
  3.4733e-09
 3.45522e-09
 3.36396e-09
 3.34305e-09
 3.25896e-09
 3.23628e-09
 3.15829e-09
 3.13457e-09
 3.06184e-09
  3.0376e-09
 2.96947e-09
 2.94509e-09
 2.88103e-09
 2.85675e-09
 2.79633e-09
 2.77234e-09
 2.71519e-09
 2.69164e-09
 2.63745e-09
 2.61442e-09
 2.56292e-09
  2.5405e-09
 2.49145e-09
 2.46969e-09
 2.42288e-09
 2.40181e-09
 2.35707e-09
 2.33671e-09
 2.29387e-09
 2.27423e-09
 2.23315e-09
 2.21423e-09
 2.17478e-09
  2.1566e-09
 2.11866e-09
 2.10119e-09
 2.06466e-09
 2.04791e-09
 2.01268e-09
 1.99664e-09
 1.96263e-09
 1.94729e-09
  1.9144e-09
 1.89975e-09
 1.86791e-09
 1.85396e-09
 1.82308e-09
 1.80982e-09
 1.77982e-09
 1.76725e-09
 1.73807e-09
 1.72618e-09
 1.69776e-09
 1.68654e-09
 1.65882e-09
 1.64828e-09
 1.62118e-09
 1.61132e-09
 1.58479e-09
 1.57561e-09
 1.54958e-09
  1.5411e-09
 1.51551e-09
 1.50774e-09
 1.48253e-09
 1.47548e-09
 1.45058e-09
 1.44428e-09
 1.41962e-09
  1.4141e-09
  1.3896e-09
 1.38489e-09
 1.36048e-09
 1.35662e-09
 1.33222e-09
 1.32926e-09
 1.30478e-09
 1.30277e-09
 1.27813e-09
 1.27712e-09
 1.25225e-09
-1.85249e-08
 5.79576e-11
 4.43231e-10
  3.9098e-09
  4.0844e-09
  5.4492e-09
 5.53921e-09
 6.22233e-09
 6.26826e-09
 6.65029e-09
 6.66998e-09
 6.89479e-09
 6.89757e-09
 7.03117e-09
 7.02248e-09
 7.09921e-09
 7.08247e-09
 7.12189e-09
 7.09937e-09
 7.11336e-09
 7.08664e-09
 7.08279e-09
 7.05301e-09
  7.0364e-09
 7.00438e-09
 6.97851e-09
 6.94488e-09
 6.91222e-09
 6.87745e-09
  6.8398e-09
 6.80425e-09
 6.76293e-09
 6.72689e-09
 6.68289e-09
 6.64659e-09
 6.60068e-09
 6.56429e-09
 6.51704e-09
  6.4807e-09
 6.43257e-09
 6.39638e-09
 6.34773e-09
 6.31179e-09
  6.2629e-09
 6.22727e-09
 6.17836e-09
 6.14309e-09
 6.09434e-09
 6.05948e-09
 6.01103e-09
  5.9766e-09
 5.92858e-09
 5.89459e-09
 5.84709e-09
 5.81356e-09
 5.76666e-09
 5.73359e-09
 5.68735e-09
 5.65475e-09
 5.60923e-09
 5.57707e-09
 5.53232e-09
  5.5006e-09
 5.45666e-09
 5.42535e-09
 5.38227e-09
 5.35134e-09
 5.30916e-09
 5.27858e-09
 5.23734e-09
 5.20707e-09
 5.16681e-09
 5.13679e-09
 5.09757e-09
 5.06774e-09
 5.02962e-09
  4.9999e-09
 4.96295e-09
 4.93326e-09
 4.89755e-09
 4.86778e-09
 4.83343e-09
 4.80344e-09
 4.77058e-09
 4.74021e-09
   4.709e-09
 4.67804e-09
  4.6487e-09
 4.61688e-09
 4.58968e-09
 4.55669e-09
 4.53198e-09
 4.49738e-09
 4.47563e-09
 4.43885e-09
  4.4207e-09
   4.381e-09
 4.36728e-09
 4.32366e-09
 4.31552e-09
 4.26661e-09
 4.23863e-09
 9.84065e-05
 9.90159e-05
 9.74884e-05
 9.70752e-05
  9.5798e-05
 9.52097e-05
 9.40592e-05
  9.3415e-05
 9.23486e-05
 9.16873e-05
 9.06847e-05
 9.00227e-05
 8.90723e-05
 8.84178e-05
 8.75121e-05
 8.68696e-05
 8.60031e-05
  8.5375e-05
 8.45436e-05
 8.39312e-05
 8.31318e-05
 8.25357e-05
 8.17657e-05
 8.11861e-05
 8.04432e-05
 7.98802e-05
 7.91625e-05
 7.86159e-05
 7.79217e-05
 7.73912e-05
  7.6719e-05
 7.62042e-05
 7.55528e-05
 7.50533e-05
 7.44213e-05
 7.39368e-05
 7.33232e-05
 7.28532e-05
 7.22569e-05
  7.1801e-05
 7.12211e-05
  7.0779e-05
 7.02146e-05
 6.97858e-05
 6.92361e-05
 6.88202e-05
 6.82844e-05
 6.78811e-05
 6.73584e-05
 6.69674e-05
 6.64572e-05
 6.60782e-05
 6.55797e-05
 6.52124e-05
 6.47251e-05
 6.43691e-05
 6.38923e-05
 6.35475e-05
 6.30806e-05
 6.27468e-05
 6.22892e-05
 6.19661e-05
 6.15173e-05
 6.12048e-05
 6.07641e-05
 6.04622e-05
  6.0029e-05
 5.97376e-05
 5.93114e-05
 5.90303e-05
 5.86104e-05
 5.83399e-05
 5.79257e-05
 5.76656e-05
 5.72565e-05
 5.70071e-05
 5.66023e-05
 5.63638e-05
 5.59625e-05
 5.57353e-05
 5.53366e-05
 5.51211e-05
  5.4724e-05
 5.45209e-05
 5.41243e-05
 5.39343e-05
 5.35368e-05
  5.3361e-05
  5.2961e-05
 5.28008e-05
 5.23963e-05
 5.22535e-05
 5.18422e-05
  5.1719e-05
 5.12978e-05
 5.11975e-05
 5.07623e-05
  5.0689e-05
 5.02348e-05
 5.01942e-05
 4.97139e-05
   0.0100018
           1
 9.93199e-07
 9.94884e-07
 9.78621e-07
 9.73606e-07
 9.60411e-07
 9.54149e-07
 9.42409e-07
 9.35756e-07
 9.24944e-07
 9.18195e-07
 9.08066e-07
 9.01352e-07
 8.91773e-07
 8.85159e-07
 8.76043e-07
 8.69565e-07
 8.60854e-07
 8.54531e-07
  8.4618e-07
 8.40022e-07
 8.31997e-07
 8.26008e-07
 8.18282e-07
 8.12463e-07
 8.05011e-07
 7.99361e-07
 7.92165e-07
 7.86681e-07
 7.79722e-07
 7.74401e-07
 7.67665e-07
 7.62503e-07
 7.55975e-07
 7.50969e-07
 7.44637e-07
 7.39781e-07
 7.33634e-07
 7.28925e-07
 7.22952e-07
 7.18385e-07
 7.12577e-07
 7.08147e-07
 7.02496e-07
   6.982e-07
 6.92696e-07
  6.8853e-07
 6.83165e-07
 6.79126e-07
 6.73894e-07
 6.69978e-07
  6.6487e-07
 6.61074e-07
 6.56084e-07
 6.52406e-07
 6.47528e-07
 6.43963e-07
 6.39191e-07
 6.35738e-07
 6.31065e-07
 6.27723e-07
 6.23143e-07
 6.19908e-07
 6.15416e-07
 6.12288e-07
 6.07877e-07
 6.04855e-07
 6.00519e-07
 5.97602e-07
 5.93336e-07
 5.90523e-07
 5.86321e-07
 5.83612e-07
 5.79468e-07
 5.76865e-07
  5.7277e-07
 5.70274e-07
 5.66223e-07
 5.63836e-07
  5.5982e-07
 5.57546e-07
 5.53556e-07
   5.514e-07
 5.47426e-07
 5.45393e-07
 5.41424e-07
 5.39523e-07
 5.35545e-07
 5.33786e-07
 5.29784e-07
  5.2818e-07
 5.24133e-07
 5.22703e-07
 5.18588e-07
 5.17355e-07
 5.13141e-07
 5.12136e-07
 5.07783e-07
 5.07049e-07
 5.02504e-07
 5.02098e-07
 4.97292e-07
