-2.66814e-10
 4.97058e-09
 3.78874e-09
 4.77976e-09
 4.21425e-09
 4.59843e-09
 4.24337e-09
 4.42683e-09
 4.17068e-09
 4.26455e-09
 4.06395e-09
   4.111e-09
 3.94546e-09
  3.9656e-09
 3.82408e-09
  3.8278e-09
 3.70377e-09
 3.69709e-09
 3.58641e-09
 3.57298e-09
 3.47287e-09
 3.45504e-09
 3.36356e-09
 3.34287e-09
 3.25858e-09
 3.23611e-09
 3.15793e-09
  3.1344e-09
  3.0615e-09
 3.03744e-09
 2.96915e-09
 2.94493e-09
 2.88073e-09
 2.85659e-09
 2.79604e-09
 2.77219e-09
 2.71492e-09
  2.6915e-09
 2.63718e-09
 2.61429e-09
 2.56267e-09
 2.54037e-09
 2.49121e-09
 2.46957e-09
 2.42265e-09
 2.40169e-09
 2.35684e-09
  2.3366e-09
 2.29365e-09
 2.27412e-09
 2.23293e-09
 2.21414e-09
 2.17457e-09
 2.15651e-09
 2.11845e-09
 2.10111e-09
 2.06445e-09
 2.04783e-09
 2.01248e-09
 1.99657e-09
 1.96243e-09
 1.94722e-09
 1.91421e-09
 1.89969e-09
 1.86773e-09
  1.8539e-09
  1.8229e-09
 1.80975e-09
 1.77966e-09
 1.76718e-09
 1.73791e-09
 1.72611e-09
 1.69761e-09
 1.68648e-09
 1.65867e-09
 1.64821e-09
 1.62105e-09
 1.61125e-09
 1.58466e-09
 1.57553e-09
 1.54947e-09
 1.54102e-09
 1.51541e-09
 1.50766e-09
 1.48244e-09
  1.4754e-09
 1.45049e-09
  1.4442e-09
 1.41953e-09
 1.41402e-09
 1.38952e-09
 1.38481e-09
  1.3604e-09
 1.35655e-09
 1.33214e-09
 1.32919e-09
 1.30471e-09
  1.3027e-09
 1.27806e-09
 1.27705e-09
 1.25217e-09
-1.86241e-08
 2.69664e-11
  4.1112e-10
 3.89107e-09
 4.06527e-09
  5.4357e-09
 5.52557e-09
 6.21175e-09
 6.25764e-09
 6.64156e-09
 6.66126e-09
 6.88734e-09
 6.89017e-09
 7.02466e-09
 7.01603e-09
 7.09342e-09
 7.07676e-09
 7.11667e-09
 7.09424e-09
  7.1086e-09
 7.08198e-09
 7.07842e-09
 7.04874e-09
 7.03236e-09
 7.00044e-09
 6.97475e-09
 6.94122e-09
 6.90869e-09
 6.87403e-09
 6.83648e-09
 6.80104e-09
 6.75979e-09
 6.72386e-09
 6.67993e-09
 6.64373e-09
 6.59786e-09
 6.56157e-09
 6.51435e-09
 6.47812e-09
 6.43001e-09
 6.39393e-09
 6.34528e-09
 6.30944e-09
 6.26055e-09
 6.22502e-09
  6.1761e-09
 6.14094e-09
 6.09218e-09
 6.05741e-09
 6.00895e-09
 5.97461e-09
 5.92657e-09
 5.89268e-09
 5.84515e-09
 5.81172e-09
 5.76478e-09
 5.73182e-09
 5.68554e-09
 5.65303e-09
 5.60748e-09
 5.57541e-09
 5.53063e-09
 5.49899e-09
 5.45502e-09
 5.42379e-09
 5.38068e-09
 5.34983e-09
 5.30762e-09
 5.27711e-09
 5.23585e-09
 5.20564e-09
 5.16536e-09
  5.1354e-09
 5.09616e-09
 5.06638e-09
 5.02825e-09
 4.99858e-09
 4.96162e-09
 4.93197e-09
 4.89626e-09
 4.86652e-09
 4.83218e-09
 4.80221e-09
 4.76936e-09
 4.73901e-09
 4.70781e-09
 4.67687e-09
 4.64753e-09
 4.61574e-09
 4.58855e-09
 4.55557e-09
 4.53087e-09
 4.49628e-09
 4.47455e-09
 4.43779e-09
 4.41964e-09
 4.37996e-09
 4.36625e-09
 4.32265e-09
 4.31451e-09
 4.26562e-09
 4.23764e-09
 9.84065e-05
 9.90159e-05
 9.74884e-05
 9.70752e-05
  9.5798e-05
 9.52097e-05
 9.40592e-05
  9.3415e-05
 9.23486e-05
 9.16873e-05
 9.06847e-05
 9.00227e-05
 8.90723e-05
 8.84178e-05
 8.75121e-05
 8.68696e-05
 8.60031e-05
  8.5375e-05
 8.45436e-05
 8.39312e-05
 8.31318e-05
 8.25357e-05
 8.17657e-05
 8.11861e-05
 8.04432e-05
 7.98802e-05
 7.91625e-05
 7.86159e-05
 7.79217e-05
 7.73912e-05
  7.6719e-05
 7.62042e-05
 7.55528e-05
 7.50533e-05
 7.44213e-05
 7.39368e-05
 7.33232e-05
 7.28532e-05
 7.22569e-05
  7.1801e-05
 7.12211e-05
  7.0779e-05
 7.02146e-05
 6.97858e-05
 6.92361e-05
 6.88202e-05
 6.82844e-05
 6.78811e-05
 6.73584e-05
 6.69674e-05
 6.64572e-05
 6.60782e-05
 6.55797e-05
 6.52124e-05
 6.47251e-05
 6.43691e-05
 6.38923e-05
 6.35475e-05
 6.30806e-05
 6.27468e-05
 6.22892e-05
 6.19661e-05
 6.15173e-05
 6.12048e-05
 6.07641e-05
 6.04622e-05
  6.0029e-05
 5.97376e-05
 5.93114e-05
 5.90303e-05
 5.86104e-05
 5.83399e-05
 5.79257e-05
 5.76656e-05
 5.72565e-05
 5.70071e-05
 5.66023e-05
 5.63638e-05
 5.59625e-05
 5.57353e-05
 5.53366e-05
 5.51211e-05
  5.4724e-05
 5.45209e-05
 5.41243e-05
 5.39343e-05
 5.35368e-05
  5.3361e-05
  5.2961e-05
 5.28008e-05
 5.23963e-05
 5.22535e-05
 5.18422e-05
  5.1719e-05
 5.12978e-05
 5.11975e-05
 5.07623e-05
  5.0689e-05
 5.02348e-05
 5.01942e-05
 4.97139e-05
   0.0100018
           1
 9.93234e-07
 9.94901e-07
 9.78635e-07
 9.73616e-07
  9.6042e-07
 9.54156e-07
 9.42416e-07
 9.35762e-07
 9.24949e-07
   9.182e-07
 9.08071e-07
 9.01356e-07
 8.91777e-07
 8.85163e-07
 8.76047e-07
 8.69569e-07
 8.60857e-07
 8.54534e-07
 8.46183e-07
 8.40025e-07
    8.32e-07
 8.26011e-07
 8.18284e-07
 8.12465e-07
 8.05014e-07
 7.99363e-07
 7.92167e-07
 7.86683e-07
 7.79724e-07
 7.74403e-07
 7.67667e-07
 7.62505e-07
 7.55977e-07
  7.5097e-07
 7.44639e-07
 7.39783e-07
 7.33636e-07
 7.28926e-07
 7.22954e-07
 7.18386e-07
 7.12579e-07
 7.08149e-07
 7.02497e-07
 6.98201e-07
 6.92697e-07
 6.88532e-07
 6.83167e-07
 6.79128e-07
 6.73895e-07
 6.69979e-07
 6.64871e-07
 6.61075e-07
 6.56086e-07
 6.52407e-07
 6.47529e-07
 6.43964e-07
 6.39192e-07
 6.35739e-07
 6.31066e-07
 6.27724e-07
 6.23144e-07
 6.19909e-07
 6.15417e-07
 6.12289e-07
 6.07878e-07
 6.04856e-07
  6.0052e-07
 5.97603e-07
 5.93337e-07
 5.90524e-07
 5.86322e-07
 5.83613e-07
 5.79469e-07
 5.76866e-07
 5.72771e-07
 5.70275e-07
 5.66224e-07
 5.63837e-07
 5.59821e-07
 5.57547e-07
 5.53557e-07
 5.51401e-07
 5.47427e-07
 5.45394e-07
 5.41425e-07
 5.39524e-07
 5.35546e-07
 5.33787e-07
 5.29784e-07
 5.28181e-07
 5.24134e-07
 5.22704e-07
 5.18589e-07
 5.17356e-07
 5.13141e-07
 5.12137e-07
 5.07783e-07
  5.0705e-07
 5.02505e-07
 5.02099e-07
 4.97293e-07
