-1.59366e-09
 4.64529e-09
 3.52936e-09
 4.59641e-09
 4.10792e-09
 4.47182e-09
 4.18833e-09
 4.33019e-09
 4.13917e-09
 4.18619e-09
 4.04527e-09
-1.94989e-08
-2.58285e-09
-2.60847e-10
 2.33643e-09
 3.54552e-09
 4.33358e-09
 5.10282e-09
 5.36111e-09
 5.90181e-09
 5.95098e-09
 6.35451e-09
 6.58675e-09
 9.19175e-05
 9.90808e-05
 9.53242e-05
 9.71401e-05
 9.44976e-05
 9.52747e-05
 9.31283e-05
 9.34802e-05
 9.16224e-05
 9.17526e-05
 9.00883e-05
   0.0100018
           1
 9.26493e-07
  9.9562e-07
 9.56551e-07
 9.74327e-07
 9.47198e-07
 9.54861e-07
 9.32969e-07
 9.36463e-07
 9.17589e-07
 9.18898e-07
 9.02044e-07
