-1.03495e-08
 4.60718e-09
 1.75107e-09
 4.57767e-09
 3.33543e-09
 4.46083e-09
 3.75405e-09
 4.32325e-09
 3.85991e-09
  4.1817e-09
 3.85016e-09
 4.04195e-09
 3.79038e-09
 3.90631e-09
 3.70735e-09
  3.7757e-09
 3.61356e-09
 3.65046e-09
 3.51536e-09
 3.53061e-09
 3.41617e-09
-6.58959e-08
-1.86562e-08
-1.54643e-08
-7.09625e-09
-5.41324e-09
-2.26426e-09
-1.18074e-09
 3.31842e-10
 1.10242e-09
 1.91565e-09
 2.49759e-09
 2.95725e-09
 3.41483e-09
 3.67574e-09
 4.04618e-09
 4.18697e-09
  4.4936e-09
 4.55789e-09
 4.81622e-09
 4.82989e-09
 5.05069e-09
 5.18618e-09
 8.84925e-05
 9.91151e-05
 9.41818e-05
 9.71744e-05
 9.38113e-05
  9.5309e-05
 9.26369e-05
 9.35146e-05
 9.12391e-05
 9.17871e-05
 8.97735e-05
 9.01229e-05
 8.82977e-05
 8.85186e-05
 8.68371e-05
 8.69709e-05
 8.54037e-05
 8.54769e-05
 8.40035e-05
 8.40338e-05
 8.26392e-05
   0.0100065
           1
 9.06925e-07
 1.00377e-06
 9.51232e-07
 9.79432e-07
 9.44351e-07
 9.58661e-07
 9.31089e-07
 9.39538e-07
 9.16211e-07
 9.21512e-07
 9.00956e-07
 9.04348e-07
  8.8577e-07
  8.8792e-07
 8.70842e-07
 8.72149e-07
 8.56257e-07
 8.56975e-07
 8.42053e-07
 8.42355e-07
 8.28248e-07
