4.94182e-05
5.70576e-06
8.45206e-06
2.30778e-06
3.25179e-06
1.22763e-06
1.66672e-06
7.54918e-07
9.95661e-07
5.08226e-07
6.54803e-07
3.64075e-07
4.60082e-07
2.72901e-07
3.39272e-07
2.11748e-07
 2.5958e-07
1.68828e-07
2.04457e-07
1.37598e-07
1.64862e-07
1.14196e-07
1.35531e-07
9.62257e-08
1.13239e-07
8.21384e-08
9.59269e-08
7.08984e-08
8.22306e-08
6.17921e-08
7.12201e-08
5.43151e-08
6.22441e-08
4.81033e-08
5.48357e-08
4.28884e-08
 4.8654e-08
3.84692e-08
4.34451e-08
3.46928e-08
3.90172e-08
3.14409e-08
3.52231e-08
2.86215e-08
3.19486e-08
2.61615e-08
2.91039e-08
2.40026e-08
2.66175e-08
 2.2098e-08
2.44324e-08
2.04095e-08
2.25022e-08
1.89057e-08
 2.0789e-08
1.75608e-08
1.92618e-08
1.63533e-08
1.78948e-08
1.52653e-08
1.66666e-08
1.42814e-08
1.55591e-08
 1.3389e-08
1.45572e-08
 1.2577e-08
 1.3648e-08
1.18362e-08
1.28204e-08
1.11585e-08
1.20651e-08
1.05369e-08
1.13739e-08
9.96551e-09
1.07398e-08
9.43904e-09
1.01568e-08
8.95294e-09
9.61947e-09
8.50319e-09
 9.1233e-09
8.08628e-09
8.66419e-09
 7.6991e-09
8.23855e-09
 7.3389e-09
7.84324e-09
7.00324e-09
7.47546e-09
6.68996e-09
7.13272e-09
6.39711e-09
6.81282e-09
6.12296e-09
6.51379e-09
5.86596e-09
6.23385e-09
5.62471e-09
5.97143e-09
5.39796e-09
5.72511e-09
4.71403e-13
3.87593e-05
5.63531e-06
 1.7992e-05
4.13663e-06
1.06041e-05
3.04028e-06
7.06967e-06
2.32028e-06
5.08497e-06
1.83174e-06
3.85125e-06
1.48626e-06
3.02821e-06
1.23286e-06
2.44981e-06
1.04123e-06
2.02672e-06
8.92575e-07
1.70725e-06
7.74763e-07
1.45971e-06
6.79682e-07
1.26374e-06
6.01742e-07
1.10576e-06
5.36986e-07
9.76434e-07
4.82547e-07
8.69131e-07
4.36304e-07
7.79055e-07
 3.9666e-07
7.02658e-07
3.62392e-07
6.37268e-07
3.32553e-07
5.80839e-07
3.06396e-07
5.31783e-07
2.83327e-07
4.88853e-07
 2.6287e-07
4.51056e-07
2.44636e-07
4.17594e-07
2.28309e-07
 3.8782e-07
2.13626e-07
3.61204e-07
 2.0037e-07
3.37308e-07
1.88358e-07
 3.1577e-07
1.77436e-07
2.96284e-07
1.67474e-07
2.78595e-07
1.58359e-07
2.62485e-07
1.49997e-07
 2.4777e-07
1.42305e-07
 2.3429e-07
1.35212e-07
 2.2191e-07
1.28657e-07
2.10511e-07
1.22585e-07
 1.9999e-07
1.16949e-07
 1.9026e-07
1.11707e-07
1.81241e-07
1.06823e-07
1.72865e-07
1.02265e-07
1.65071e-07
9.80029e-08
1.57806e-07
9.40116e-08
1.51023e-07
9.02683e-08
1.44679e-07
8.67524e-08
1.38737e-07
8.34455e-08
1.33162e-07
8.03311e-08
1.27926e-07
7.73941e-08
   1.23e-07
7.46212e-08
1.18361e-07
    7.2e-08
1.13985e-07
6.95196e-08
1.09854e-07
6.71698e-08
 1.0595e-07
6.49414e-08
1.02255e-07
  0.0099999
 0.00333323
 0.00333323
  0.0019999
  0.0019999
 0.00142847
 0.00142847
 0.00111101
 0.00111101
0.000908991
0.000908991
0.000769131
0.000769131
0.000666567
0.000666567
0.000588135
0.000588135
0.000526216
0.000526216
 0.00047609
 0.00047609
0.000434683
0.000434683
  0.0003999
  0.0003999
 0.00037027
 0.00037027
0.000344728
0.000344728
0.000322481
0.000322481
 0.00030293
 0.00030293
0.000285614
0.000285614
 0.00027017
 0.00027017
 0.00025631
 0.00025631
0.000243802
0.000243802
0.000232458
0.000232458
0.000222122
0.000222122
0.000212666
0.000212666
0.000203982
0.000203982
0.000195978
0.000195978
0.000188579
0.000188579
0.000181718
0.000181718
0.000175339
0.000175339
0.000169392
0.000169392
0.000163834
0.000163834
 0.00015863
 0.00015863
0.000153746
0.000153746
0.000149154
0.000149154
0.000144828
0.000144828
0.000140745
0.000140745
0.000136886
0.000136886
0.000133233
0.000133233
 0.00012977
 0.00012977
0.000126482
0.000126482
0.000123357
0.000123357
0.000120382
0.000120382
0.000117547
0.000117547
0.000114843
0.000114843
 0.00011226
 0.00011226
 0.00010979
 0.00010979
0.000107427
0.000107427
0.000105163
0.000105163
0.000102993
0.000102993
 0.00010091
 0.00010091
9.89099e-05
9.89099e-05
  0.0099999
          1
0.000119377
3.54447e-05
3.57036e-05
2.07465e-05
2.06273e-05
 1.4638e-05
1.44877e-05
1.13051e-05
1.11716e-05
9.20867e-06
9.09656e-06
7.76871e-06
7.67529e-06
6.71869e-06
6.64038e-06
5.91908e-06
5.85281e-06
5.28981e-06
5.23316e-06
4.78167e-06
4.73277e-06
4.36273e-06
4.32013e-06
4.01138e-06
3.97397e-06
3.71247e-06
3.67937e-06
3.45507e-06
3.42559e-06
3.23109e-06
3.20467e-06
3.03441e-06
 3.0106e-06
2.86032e-06
2.83876e-06
2.70514e-06
2.68552e-06
2.56594e-06
2.54802e-06
2.44038e-06
2.42394e-06
2.32654e-06
2.31142e-06
2.22286e-06
2.20889e-06
2.12803e-06
2.11509e-06
2.04096e-06
2.02894e-06
1.96074e-06
1.94955e-06
1.88658e-06
1.87614e-06
1.81784e-06
1.80807e-06
1.75393e-06
1.74477e-06
1.69436e-06
1.68575e-06
 1.6387e-06
 1.6306e-06
1.58659e-06
1.57895e-06
1.53769e-06
1.53048e-06
1.49171e-06
1.48489e-06
 1.4484e-06
1.44194e-06
1.40754e-06
1.40141e-06
1.36892e-06
1.36309e-06
1.33236e-06
1.32682e-06
 1.2977e-06
1.29242e-06
 1.2648e-06
1.25977e-06
1.23353e-06
1.22872e-06
1.20376e-06
1.19917e-06
 1.1754e-06
1.17101e-06
1.14834e-06
1.14413e-06
 1.1225e-06
1.11847e-06
1.09779e-06
1.09393e-06
1.07415e-06
1.07044e-06
1.05151e-06
1.04795e-06
 1.0298e-06
1.02637e-06
1.00897e-06
1.00567e-06
9.88961e-07
9.85786e-07
