 4.94182e-05
 5.70576e-06
 8.45206e-06
 2.30778e-06
 3.25179e-06
 1.22763e-06
 1.66672e-06
 7.54918e-07
 9.95661e-07
 5.08226e-07
 6.54803e-07
 3.64075e-07
 4.60082e-07
 2.72902e-07
 3.39273e-07
 2.11748e-07
  2.5958e-07
 1.68828e-07
 2.04457e-07
 1.37598e-07
 1.64862e-07
-1.69402e-14
 3.87593e-05
 5.63531e-06
  1.7992e-05
 4.13663e-06
 1.06041e-05
 3.04028e-06
 7.06967e-06
 2.32028e-06
 5.08497e-06
 1.83174e-06
 3.85125e-06
 1.48626e-06
 3.02821e-06
 1.23286e-06
 2.44981e-06
 1.04123e-06
 2.02672e-06
 8.92576e-07
 1.70725e-06
 7.74763e-07
 1.45971e-06
   0.0099999
  0.00333323
  0.00333323
   0.0019999
   0.0019999
  0.00142847
  0.00142847
  0.00111101
  0.00111101
 0.000908991
 0.000908991
 0.000769131
 0.000769131
 0.000666567
 0.000666567
 0.000588135
 0.000588135
 0.000526216
 0.000526216
  0.00047609
  0.00047609
   0.0099999
           1
 0.000119377
 3.54447e-05
 3.57036e-05
 2.07465e-05
 2.06273e-05
  1.4638e-05
 1.44877e-05
 1.13051e-05
 1.11716e-05
 9.20867e-06
 9.09656e-06
 7.76871e-06
 7.67529e-06
 6.71869e-06
 6.64038e-06
 5.91908e-06
 5.85281e-06
 5.28981e-06
 5.23316e-06
 4.78167e-06
 4.73277e-06
