 1.64552e-10
 4.96348e-09
 3.83743e-09
 4.75223e-09
 4.21011e-09
 4.56503e-09
   4.223e-09
 4.39173e-09
 4.14402e-09
 4.22933e-09
 4.03474e-09
 4.07635e-09
 3.91538e-09
 3.93187e-09
 3.79398e-09
 3.79514e-09
 3.67409e-09
 3.66557e-09
 3.55739e-09
 3.54262e-09
 3.44466e-09
 3.42583e-09
 3.33622e-09
 3.31478e-09
 3.23215e-09
  3.2091e-09
  3.1324e-09
 3.10843e-09
 3.03687e-09
 3.01247e-09
  2.9454e-09
 2.92091e-09
 2.85782e-09
 2.83349e-09
 2.77396e-09
 2.74997e-09
 2.69363e-09
  2.6701e-09
 2.61666e-09
 2.59369e-09
 2.54287e-09
 2.52053e-09
 2.47211e-09
 2.45044e-09
 2.40422e-09
 2.38326e-09
 2.33906e-09
 2.31882e-09
 2.27648e-09
 2.25697e-09
 2.21636e-09
 2.19757e-09
 2.15857e-09
 2.14051e-09
 2.10298e-09
 2.08566e-09
 2.04951e-09
  2.0329e-09
 1.99803e-09
 1.98213e-09
 1.94845e-09
 1.93326e-09
 1.90068e-09
 1.88619e-09
 1.85463e-09
 1.84083e-09
 1.81022e-09
  1.7971e-09
 1.76737e-09
 1.75493e-09
 1.72601e-09
 1.71424e-09
 1.68607e-09
 1.67497e-09
 1.64749e-09
 1.63705e-09
  1.6102e-09
 1.60042e-09
 1.57414e-09
 1.56504e-09
 1.53926e-09
 1.53084e-09
  1.5055e-09
 1.49777e-09
 1.47281e-09
  1.4658e-09
 1.44114e-09
 1.43488e-09
 1.41045e-09
 1.40496e-09
 1.38069e-09
 1.37601e-09
 1.35182e-09
 1.34799e-09
  1.3238e-09
 1.32086e-09
 1.29659e-09
  1.2946e-09
 1.27017e-09
 1.26916e-09
  1.2445e-09
-1.61395e-08
 9.74712e-10
 1.20325e-09
 4.38809e-09
 4.49101e-09
 5.73972e-09
 5.78832e-09
 6.40949e-09
 6.42851e-09
 6.77276e-09
 6.77367e-09
 6.97349e-09
 6.96251e-09
 7.07867e-09
 7.05956e-09
 7.12365e-09
 7.09882e-09
 7.12882e-09
  7.0999e-09
 7.10672e-09
 7.07487e-09
 7.06549e-09
 7.03155e-09
 7.01062e-09
  6.9752e-09
 6.94592e-09
 6.90949e-09
 6.87414e-09
 6.83706e-09
 6.79727e-09
 6.75981e-09
 6.71679e-09
 6.67917e-09
 6.63383e-09
 6.59622e-09
 6.54925e-09
 6.51178e-09
 6.46371e-09
 6.42648e-09
 6.37772e-09
 6.34081e-09
 6.29169e-09
 6.25516e-09
 6.20594e-09
 6.16983e-09
  6.1207e-09
 6.08506e-09
 6.03618e-09
 6.00104e-09
 5.95254e-09
  5.9179e-09
 5.86989e-09
 5.83576e-09
 5.78832e-09
 5.75472e-09
 5.70792e-09
 5.67483e-09
 5.62873e-09
 5.59614e-09
 5.55079e-09
 5.51869e-09
 5.47414e-09
 5.44251e-09
 5.39879e-09
  5.3676e-09
 5.32475e-09
 5.29398e-09
 5.25204e-09
 5.22164e-09
 5.18065e-09
 5.15057e-09
 5.11058e-09
 5.08077e-09
 5.04182e-09
 5.01222e-09
 4.97437e-09
  4.9449e-09
 4.90822e-09
 4.87879e-09
 4.84336e-09
 4.81386e-09
 4.77978e-09
 4.75007e-09
 4.71748e-09
 4.68741e-09
 4.65646e-09
 4.62581e-09
 4.59671e-09
 4.56524e-09
 4.53825e-09
 4.50562e-09
 4.48111e-09
  4.4469e-09
 4.42532e-09
 4.38896e-09
 4.37095e-09
  4.3317e-09
 4.31808e-09
 4.27495e-09
 4.26687e-09
 4.21849e-09
  4.1908e-09
 9.84065e-05
 9.90159e-05
 9.74884e-05
 9.70752e-05
  9.5798e-05
 9.52097e-05
 9.40592e-05
  9.3415e-05
 9.23486e-05
 9.16873e-05
 9.06847e-05
 9.00227e-05
 8.90723e-05
 8.84178e-05
 8.75121e-05
 8.68696e-05
 8.60031e-05
  8.5375e-05
 8.45436e-05
 8.39312e-05
 8.31318e-05
 8.25357e-05
 8.17657e-05
 8.11861e-05
 8.04432e-05
 7.98802e-05
 7.91625e-05
 7.86159e-05
 7.79217e-05
 7.73912e-05
  7.6719e-05
 7.62042e-05
 7.55528e-05
 7.50533e-05
 7.44213e-05
 7.39368e-05
 7.33232e-05
 7.28532e-05
 7.22569e-05
  7.1801e-05
 7.12211e-05
  7.0779e-05
 7.02146e-05
 6.97858e-05
 6.92361e-05
 6.88202e-05
 6.82844e-05
 6.78811e-05
 6.73584e-05
 6.69674e-05
 6.64572e-05
 6.60782e-05
 6.55797e-05
 6.52124e-05
 6.47251e-05
 6.43691e-05
 6.38923e-05
 6.35475e-05
 6.30806e-05
 6.27468e-05
 6.22892e-05
 6.19661e-05
 6.15173e-05
 6.12048e-05
 6.07641e-05
 6.04622e-05
  6.0029e-05
 5.97376e-05
 5.93114e-05
 5.90303e-05
 5.86104e-05
 5.83399e-05
 5.79257e-05
 5.76656e-05
 5.72565e-05
 5.70071e-05
 5.66023e-05
 5.63638e-05
 5.59625e-05
 5.57353e-05
 5.53366e-05
 5.51211e-05
  5.4724e-05
 5.45209e-05
 5.41243e-05
 5.39343e-05
 5.35368e-05
  5.3361e-05
  5.2961e-05
 5.28008e-05
 5.23963e-05
 5.22535e-05
 5.18422e-05
  5.1719e-05
 5.12978e-05
 5.11975e-05
 5.07623e-05
  5.0689e-05
 5.02348e-05
 5.01942e-05
 4.97139e-05
   0.0100015
           1
 9.92476e-07
 9.94478e-07
 9.78302e-07
 9.73354e-07
 9.60197e-07
 9.53965e-07
 9.42246e-07
  9.3561e-07
 9.24811e-07
 9.18073e-07
 9.07954e-07
 9.01247e-07
 8.91675e-07
 8.85067e-07
 8.75956e-07
 8.69483e-07
 8.60776e-07
 8.54457e-07
 8.46109e-07
 8.39954e-07
 8.31932e-07
 8.25945e-07
 8.18221e-07
 8.12404e-07
 8.04955e-07
 7.99306e-07
 7.92112e-07
 7.86629e-07
 7.79672e-07
 7.74352e-07
 7.67618e-07
 7.62457e-07
 7.55931e-07
 7.50925e-07
 7.44594e-07
 7.39739e-07
 7.33593e-07
 7.28884e-07
 7.22913e-07
 7.18346e-07
  7.1254e-07
 7.08111e-07
  7.0246e-07
 6.98165e-07
 6.92661e-07
 6.88496e-07
 6.83132e-07
 6.79093e-07
 6.73861e-07
 6.69946e-07
 6.64839e-07
 6.61043e-07
 6.56054e-07
 6.52376e-07
 6.47498e-07
 6.43934e-07
 6.39162e-07
  6.3571e-07
 6.31037e-07
 6.27695e-07
 6.23116e-07
 6.19881e-07
  6.1539e-07
 6.12262e-07
 6.07851e-07
 6.04829e-07
 6.00494e-07
 5.97577e-07
 5.93312e-07
 5.90499e-07
 5.86297e-07
 5.83589e-07
 5.79444e-07
 5.76842e-07
 5.72748e-07
 5.70252e-07
 5.66201e-07
 5.63814e-07
 5.59798e-07
 5.57525e-07
 5.53535e-07
 5.51379e-07
 5.47405e-07
 5.45372e-07
 5.41404e-07
 5.39502e-07
 5.35525e-07
 5.33766e-07
 5.29764e-07
  5.2816e-07
 5.24114e-07
 5.22684e-07
 5.18569e-07
 5.17336e-07
 5.13122e-07
 5.12118e-07
 5.07764e-07
 5.07031e-07
 5.02486e-07
  5.0208e-07
 4.97274e-07
