-4.10274e-09
 4.94612e-09
  2.6234e-09
 4.51741e-09
 3.46933e-09
  4.2706e-09
 3.65779e-09
 4.08011e-09
 3.66996e-09
 3.91608e-09
 3.61789e-09
 3.76812e-09
 3.53905e-09
 3.63165e-09
 3.44875e-09
 3.50428e-09
 3.35412e-09
 3.38456e-09
 3.25874e-09
 3.27153e-09
 3.16451e-09
-3.29466e-08
-3.92196e-09
-4.10481e-09
 1.06463e-09
 1.13578e-09
 3.07878e-09
 3.18949e-09
 4.11734e-09
 4.22567e-09
 4.71935e-09
 4.81569e-09
 5.09019e-09
 5.17316e-09
 5.32492e-09
 5.39542e-09
 5.47342e-09
 5.53292e-09
 5.56435e-09
 5.61436e-09
 5.61533e-09
 5.65718e-09
 5.66605e-09
 8.84926e-05
 9.91151e-05
 9.41818e-05
 9.71744e-05
 9.38113e-05
  9.5309e-05
 9.26369e-05
 9.35146e-05
 9.12391e-05
 9.17871e-05
 8.97735e-05
 9.01229e-05
 8.82977e-05
 8.85186e-05
 8.68371e-05
 8.69709e-05
 8.54037e-05
 8.54769e-05
 8.40035e-05
 8.40338e-05
 8.26392e-05
   0.0100032
           1
 8.98538e-07
 9.98359e-07
  9.4727e-07
 9.76065e-07
 9.41641e-07
 9.56189e-07
 9.29004e-07
 9.37572e-07
 9.14505e-07
  9.1987e-07
 8.99506e-07
 9.02933e-07
 8.84505e-07
 8.86674e-07
 8.69717e-07
 8.71032e-07
 8.55242e-07
 8.55962e-07
 8.41127e-07
 8.41426e-07
 8.27392e-07
