 3.52414e-10
 4.59261e-09
 3.56189e-09
 4.35279e-09
 3.88905e-09
 4.17287e-09
 3.89971e-09
 4.01426e-09
 3.82903e-09
 3.86807e-09
 3.73134e-09
-9.88173e-09
 1.98959e-09
 2.63974e-09
 4.45301e-09
  4.8686e-09
 5.40764e-09
 5.70115e-09
 5.86788e-09
 6.08691e-09
 6.10765e-09
 6.27692e-09
 6.34909e-09
 9.19175e-05
 9.90808e-05
 9.53242e-05
 9.71401e-05
 9.44976e-05
 9.52747e-05
 9.31283e-05
 9.34802e-05
 9.16224e-05
 9.17526e-05
 9.00883e-05
   0.0100009
           1
 9.24408e-07
 9.93932e-07
 9.55425e-07
 9.73265e-07
 9.46401e-07
 9.54077e-07
 9.32347e-07
 9.35837e-07
 9.17077e-07
 9.18375e-07
 9.01599e-07
