    2.5e-05
4.28571e-06
4.84563e-06
1.81319e-06
2.02207e-06
9.95375e-07
 1.0984e-06
6.26654e-07
6.85713e-07
4.29684e-07
4.66936e-07
3.12393e-07
3.37507e-07
2.37036e-07
2.54821e-07
1.85817e-07
1.98901e-07
1.49459e-07
 1.5938e-07
1.22741e-07
1.30452e-07
1.02546e-07
1.08664e-07
8.69182e-08
9.18571e-08
 7.4583e-08
7.86301e-08
6.46798e-08
6.80394e-08
5.66116e-08
5.94323e-08
4.99533e-08
5.23452e-08
4.43957e-08
4.64424e-08
3.97101e-08
4.14753e-08
3.57238e-08
3.72572e-08
3.23048e-08
3.36456e-08
2.93509e-08
3.05302e-08
2.67816e-08
2.78246e-08
2.45333e-08
2.54603e-08
2.25548e-08
2.33825e-08
2.08048e-08
 2.1547e-08
1.92496e-08
1.99177e-08
1.78614e-08
 1.8465e-08
1.66172e-08
1.71644e-08
1.54978e-08
1.59955e-08
1.44872e-08
1.49411e-08
1.35717e-08
1.39869e-08
1.27398e-08
1.31207e-08
1.19817e-08
1.23319e-08
1.12889e-08
1.16116e-08
1.06542e-08
1.09523e-08
1.00713e-08
1.03471e-08
9.53463e-09
9.79046e-09
9.03955e-09
9.27724e-09
8.58185e-09
8.80309e-09
8.15787e-09
8.36416e-09
7.76439e-09
7.95704e-09
7.39857e-09
7.57877e-09
7.05787e-09
7.22667e-09
6.74007e-09
6.89841e-09
6.44315e-09
6.59189e-09
6.16533e-09
6.30524e-09
5.90502e-09
6.03678e-09
5.66078e-09
5.78501e-09
5.43132e-09
5.54858e-09
5.21546e-09
5.32628e-09
4.52246e-14
1.66665e-05
3.80948e-06
8.31894e-06
2.88153e-06
5.15127e-06
2.16489e-06
3.56235e-06
1.68062e-06
2.63672e-06
1.34515e-06
2.04401e-06
1.10398e-06
1.63873e-06
9.24685e-07
1.34788e-06
7.87528e-07
1.13125e-06
6.80066e-07
9.65053e-07
5.94153e-07
8.34449e-07
5.24277e-07
7.29744e-07
4.66599e-07
6.44375e-07
4.18376e-07
 5.7376e-07
3.77603e-07
5.14613e-07
3.42787e-07
4.64528e-07
3.12795e-07
4.21707e-07
2.86755e-07
3.84779e-07
2.63985e-07
 3.5269e-07
2.43948e-07
3.24611e-07
2.26213e-07
2.99889e-07
2.10433e-07
2.77997e-07
1.96323e-07
 2.5851e-07
 1.8365e-07
2.41082e-07
1.72221e-07
2.25427e-07
1.61875e-07
2.11307e-07
1.52476e-07
1.98524e-07
1.43908e-07
1.86911e-07
1.36076e-07
1.76326e-07
1.28894e-07
 1.6665e-07
1.22291e-07
1.57778e-07
1.16205e-07
1.49624e-07
1.10582e-07
1.42109e-07
1.05376e-07
1.35167e-07
1.00544e-07
 1.2874e-07
9.60522e-08
1.22779e-07
9.18675e-08
1.17237e-07
8.79623e-08
1.12075e-07
8.43116e-08
 1.0726e-07
8.08932e-08
 1.0276e-07
7.76874e-08
9.85471e-08
7.46766e-08
9.45977e-08
7.18448e-08
9.08896e-08
 6.9178e-08
8.74031e-08
6.66631e-08
8.41206e-08
6.42887e-08
8.10262e-08
6.20442e-08
7.81056e-08
5.99201e-08
7.53457e-08
5.79078e-08
7.27346e-08
5.59993e-08
7.02618e-08
5.41876e-08
6.79174e-08
  0.0099999
 0.00333323
 0.00333323
  0.0019999
  0.0019999
 0.00142847
 0.00142847
 0.00111101
 0.00111101
0.000908991
0.000908991
0.000769131
0.000769131
0.000666567
0.000666567
0.000588135
0.000588135
0.000526216
0.000526216
 0.00047609
 0.00047609
0.000434683
0.000434683
  0.0003999
  0.0003999
 0.00037027
 0.00037027
0.000344728
0.000344728
0.000322481
0.000322481
 0.00030293
 0.00030293
0.000285614
0.000285614
 0.00027017
 0.00027017
 0.00025631
 0.00025631
0.000243802
0.000243802
0.000232458
0.000232458
0.000222122
0.000222122
0.000212666
0.000212666
0.000203982
0.000203982
0.000195978
0.000195978
0.000188579
0.000188579
0.000181718
0.000181718
0.000175339
0.000175339
0.000169392
0.000169392
0.000163834
0.000163834
 0.00015863
 0.00015863
0.000153746
0.000153746
0.000149154
0.000149154
0.000144828
0.000144828
0.000140745
0.000140745
0.000136886
0.000136886
0.000133233
0.000133233
 0.00012977
 0.00012977
0.000126482
0.000126482
0.000123357
0.000123357
0.000120382
0.000120382
0.000117547
0.000117547
0.000114843
0.000114843
 0.00011226
 0.00011226
 0.00010979
 0.00010979
0.000107427
0.000107427
0.000105163
0.000105163
0.000102993
0.000102993
 0.00010091
 0.00010091
9.89099e-05
9.89099e-05
  0.0099999
          1
 0.00010833
  3.476e-05
3.45179e-05
2.05235e-05
2.03694e-05
1.45399e-05
1.44347e-05
1.12545e-05
1.11781e-05
9.17974e-06
9.12183e-06
7.75099e-06
7.70556e-06
6.70729e-06
6.67067e-06
5.91147e-06
5.88133e-06
 5.2846e-06
5.25934e-06
4.77802e-06
4.75655e-06
4.36014e-06
4.34166e-06
4.00953e-06
3.99345e-06
3.71114e-06
3.69703e-06
3.45412e-06
3.44163e-06
3.23042e-06
3.21928e-06
3.03394e-06
3.02395e-06
2.86001e-06
  2.851e-06
2.70494e-06
2.69677e-06
2.56584e-06
 2.5584e-06
2.44034e-06
2.43354e-06
2.32656e-06
2.32031e-06
2.22291e-06
2.21715e-06
2.12811e-06
2.12278e-06
2.04106e-06
2.03612e-06
1.96086e-06
1.95627e-06
1.88672e-06
1.88244e-06
1.81798e-06
1.81398e-06
1.75408e-06
1.75033e-06
1.69452e-06
  1.691e-06
1.63887e-06
1.63556e-06
1.58675e-06
1.58364e-06
1.53785e-06
1.53491e-06
1.49187e-06
1.48909e-06
1.44856e-06
1.44593e-06
 1.4077e-06
 1.4052e-06
1.36907e-06
1.36671e-06
1.33251e-06
1.33026e-06
1.29785e-06
1.29571e-06
1.26495e-06
1.26291e-06
1.23367e-06
1.23172e-06
 1.2039e-06
1.20204e-06
1.17554e-06
1.17376e-06
1.14848e-06
1.14677e-06
1.12263e-06
  1.121e-06
1.09793e-06
1.09636e-06
1.07428e-06
1.07278e-06
1.05164e-06
1.05019e-06
1.02992e-06
1.02854e-06
1.00909e-06
1.00775e-06
9.89079e-07
9.87795e-07
