     2.5e-05
 4.28571e-06
 4.84563e-06
 1.81319e-06
 2.02207e-06
 9.95375e-07
  1.0984e-06
 6.26654e-07
 6.85713e-07
 4.29685e-07
 4.66936e-07
 3.12393e-07
 3.37507e-07
 2.37036e-07
 2.54821e-07
 1.85817e-07
 1.98901e-07
 1.49459e-07
  1.5938e-07
 1.22741e-07
 1.30452e-07
-2.99062e-14
 1.66665e-05
 3.80948e-06
 8.31894e-06
 2.88153e-06
 5.15127e-06
 2.16489e-06
 3.56235e-06
 1.68062e-06
 2.63672e-06
 1.34515e-06
 2.04401e-06
 1.10398e-06
 1.63873e-06
 9.24685e-07
 1.34788e-06
 7.87528e-07
 1.13125e-06
 6.80066e-07
 9.65053e-07
 5.94153e-07
 8.34449e-07
   0.0099999
  0.00333323
  0.00333323
   0.0019999
   0.0019999
  0.00142847
  0.00142847
  0.00111101
  0.00111101
 0.000908991
 0.000908991
 0.000769131
 0.000769131
 0.000666567
 0.000666567
 0.000588135
 0.000588135
 0.000526216
 0.000526216
  0.00047609
  0.00047609
   0.0099999
           1
  0.00010833
   3.476e-05
 3.45179e-05
 2.05235e-05
 2.03694e-05
 1.45399e-05
 1.44347e-05
 1.12545e-05
 1.11781e-05
 9.17974e-06
 9.12183e-06
 7.75099e-06
 7.70556e-06
 6.70729e-06
 6.67067e-06
 5.91147e-06
 5.88133e-06
  5.2846e-06
 5.25934e-06
 4.77802e-06
 4.75655e-06
