4.42483e-06
 1.2632e-06
1.21034e-06
6.41881e-07
6.21324e-07
3.99796e-07
3.89493e-07
2.76509e-07
2.70589e-07
2.04062e-07
 2.0035e-07
9.51687e-15
1.17976e-06
5.61334e-07
8.20959e-07
5.05058e-07
6.25279e-07
 4.2924e-07
 5.0073e-07
3.66066e-07
4.14419e-07
3.15825e-07
3.51192e-07
  0.0099999
 0.00333323
 0.00333323
  0.0019999
  0.0019999
 0.00142847
 0.00142847
 0.00111101
 0.00111101
0.000908991
0.000908991
  0.0099999
          1
0.000100587
 3.3542e-05
3.34818e-05
2.00941e-05
2.00695e-05
1.43387e-05
1.43254e-05
1.11446e-05
1.11363e-05
9.11362e-06
  9.108e-06
