5.24033e-05
6.05482e-06
8.89019e-06
2.42724e-06
3.40045e-06
  1.283e-06
1.73515e-06
7.85187e-07
1.03286e-06
5.26901e-07
6.74534e-07
 2.0897e-06
4.19048e-05
6.56949e-06
1.93756e-05
4.66737e-06
1.13865e-05
 3.3834e-06
7.57407e-06
 2.5607e-06
 5.4375e-06
2.02785e-06
4.09116e-06
  0.0096668
 0.00333102
  0.0032666
 0.00199895
 0.00197134
 0.00142794
  0.0014126
 0.00111068
 0.00110091
0.000908771
0.000900803
 0.00999969
          1
0.000117562
3.55364e-05
3.52025e-05
2.07624e-05
2.03782e-05
1.46383e-05
1.43368e-05
1.13015e-05
1.10699e-05
9.20606e-06
9.01019e-06
