4.72173e-05
   5.83e-06
8.14319e-06
2.35062e-06
3.15014e-06
1.24759e-06
1.62096e-06
7.65883e-07
9.71215e-07
 5.1491e-07
6.40229e-07
3.68458e-07
4.50702e-07
2.75934e-07
3.32883e-07
2.13935e-07
2.55034e-07
1.70458e-07
2.01109e-07
1.38859e-07
1.62101e-07
1.84954e-06
 3.7097e-05
 6.2183e-06
1.72977e-05
4.44102e-06
1.02255e-05
3.22979e-06
 6.8321e-06
2.45028e-06
4.92233e-06
 1.9267e-06
3.73307e-06
1.55877e-06
2.93853e-06
1.29009e-06
2.37947e-06
1.08758e-06
 1.9701e-06
9.30899e-07
1.66069e-06
8.09848e-07
1.41755e-06
  0.0096668
 0.00333102
  0.0032666
 0.00199895
 0.00197134
 0.00142794
  0.0014126
 0.00111068
 0.00110091
0.000908759
   0.000902
0.000768961
0.000764004
0.000666437
0.000662646
0.000588033
 0.00058504
0.000526133
 0.00052371
0.000476023
0.000473835
 0.00999972
          1
0.000115162
3.54312e-05
3.49527e-05
2.07301e-05
2.03266e-05
1.46249e-05
1.43279e-05
 1.1295e-05
1.10729e-05
9.20075e-06
9.02981e-06
7.76236e-06
7.62717e-06
 6.7135e-06
6.60408e-06
5.91477e-06
5.82447e-06
5.28617e-06
5.21042e-06
4.77871e-06
 4.7123e-06
