1.76514e-06
2.20942e-07
3.07554e-07
 8.9811e-08
1.19829e-07
4.79442e-08
6.19912e-08
2.95613e-08
3.72991e-08
1.99444e-08
2.46526e-08
1.35731e-08
1.35825e-06
2.18913e-07
6.36679e-07
1.60351e-07
3.77803e-07
1.17907e-07
2.53165e-07
9.00597e-08
1.82828e-07
 7.1275e-08
1.38791e-07
 0.00198657
 0.00066655
0.000663901
0.000399893
0.000398758
 0.00028561
 0.00028498
 0.00022212
0.000221718
0.000181717
0.000181389
  0.0019999
          1
4.65157e-06
1.41349e-06
1.41252e-06
8.28251e-07
8.20506e-07
5.84667e-07
5.77669e-07
4.51653e-07
4.45975e-07
 3.6795e-07
3.63264e-07
