1.76514e-06
2.20942e-07
3.07554e-07
8.98111e-08
1.19829e-07
4.79443e-08
6.19912e-08
2.95613e-08
3.72991e-08
1.99427e-08
2.46717e-08
1.43103e-08
1.74173e-08
1.07415e-08
1.28951e-08
8.34429e-09
9.89979e-09
6.65963e-09
7.82056e-09
5.43254e-09
6.32063e-09
1.35731e-08
1.35825e-06
2.18913e-07
6.36679e-07
1.60351e-07
3.77803e-07
1.17907e-07
2.53165e-07
9.00597e-08
1.82828e-07
7.11581e-08
1.38928e-07
5.77828e-08
1.09541e-07
4.79656e-08
8.88288e-08
4.05364e-08
  7.364e-08
3.47695e-08
6.21455e-08
3.02176e-08
5.31972e-08
 0.00198657
 0.00066655
0.000663901
0.000399893
0.000398758
 0.00028561
 0.00028498
 0.00022212
0.000221718
0.000181716
0.000181439
0.000153745
0.000153541
0.000133232
0.000133077
0.000117546
0.000117423
0.000105163
0.000105063
9.51376e-05
9.50477e-05
  0.0019999
          1
4.65157e-06
1.41349e-06
1.41252e-06
8.28251e-07
8.20506e-07
5.84667e-07
5.77669e-07
4.51653e-07
4.45975e-07
3.67939e-07
3.63371e-07
3.10419e-07
3.06704e-07
2.68464e-07
  2.654e-07
 2.3651e-07
2.33945e-07
2.11359e-07
2.09184e-07
1.91048e-07
1.89166e-07
