1.76514e-06
2.20942e-07
3.07554e-07
8.98106e-08
1.19829e-07
4.79439e-08
6.19912e-08
 2.9561e-08
3.72991e-08
1.99425e-08
2.46716e-08
1.43101e-08
1.74173e-08
1.07414e-08
1.28952e-08
 8.3442e-09
 9.8998e-09
6.65955e-09
7.82059e-09
5.43237e-09
6.32236e-09
 4.5119e-09
5.20939e-09
3.80445e-09
4.36141e-09
3.24944e-09
3.70137e-09
2.80629e-09
3.17812e-09
2.44703e-09
 2.7567e-09
2.15188e-09
2.41255e-09
1.90655e-09
2.12807e-09
1.70048e-09
1.89034e-09
1.52578e-09
1.68975e-09
1.37643e-09
1.51903e-09
1.24778e-09
1.37257e-09
1.13619e-09
1.24603e-09
1.03879e-09
1.13599e-09
9.53293e-10
1.03972e-09
8.77842e-10
9.55034e-10
8.10932e-10
8.80162e-10
7.51327e-10
8.13657e-10
6.98007e-10
7.54326e-10
6.50123e-10
7.01182e-10
6.06964e-10
  6.534e-10
5.67933e-10
6.10287e-10
 5.3252e-10
 5.7126e-10
5.00295e-10
 5.3582e-10
4.70888e-10
5.03546e-10
4.43981e-10
4.74073e-10
  4.193e-10
4.47088e-10
3.96608e-10
4.22321e-10
3.75696e-10
3.99537e-10
3.56385e-10
3.78532e-10
3.38516e-10
3.59125e-10
 3.2195e-10
3.41161e-10
3.06562e-10
3.24499e-10
2.92246e-10
3.09019e-10
2.78903e-10
2.94611e-10
2.66448e-10
2.81179e-10
2.54804e-10
2.68638e-10
2.43903e-10
2.56911e-10
2.33682e-10
 2.4593e-10
2.24088e-10
2.35632e-10
2.15069e-10
 2.2596e-10
1.35728e-08
1.35825e-06
2.18913e-07
6.36679e-07
 1.6035e-07
3.77803e-07
1.17907e-07
2.53166e-07
9.00593e-08
1.82828e-07
7.11578e-08
1.38928e-07
5.77824e-08
1.09541e-07
4.79652e-08
8.88288e-08
4.05361e-08
  7.364e-08
3.47692e-08
6.21455e-08
 3.0196e-08
5.32212e-08
2.65031e-08
4.61437e-08
2.34744e-08
4.04291e-08
2.09568e-08
3.57439e-08
1.88393e-08
3.18514e-08
1.70399e-08
2.85798e-08
1.54966e-08
2.58017e-08
1.41621e-08
2.34214e-08
1.29997e-08
2.13652e-08
1.19804e-08
 1.9576e-08
1.10812e-08
1.80089e-08
1.02835e-08
1.66279e-08
9.57235e-09
1.54044e-08
8.93539e-09
 1.4315e-08
8.36244e-09
1.33404e-08
7.84504e-09
1.24648e-08
7.37609e-09
1.16751e-08
 6.9496e-09
1.09602e-08
6.56049e-09
1.03109e-08
6.20443e-09
9.71919e-09
5.87771e-09
9.17842e-09
5.57712e-09
 8.6828e-09
 5.2999e-09
8.22738e-09
5.04364e-09
7.80786e-09
4.80623e-09
7.42051e-09
4.58584e-09
7.06208e-09
4.38084e-09
6.72972e-09
 4.1898e-09
6.42092e-09
4.01147e-09
6.13347e-09
3.84471e-09
5.86543e-09
3.68853e-09
5.61507e-09
3.54202e-09
5.38083e-09
3.40441e-09
5.16134e-09
3.27495e-09
4.95538e-09
3.15302e-09
4.76184e-09
3.03802e-09
4.57972e-09
2.92944e-09
4.40814e-09
2.82678e-09
4.24628e-09
2.72963e-09
4.09341e-09
2.63758e-09
3.94887e-09
2.55047e-09
3.81186e-09
 0.00198657
 0.00066655
0.000663901
0.000399893
0.000398758
 0.00028561
 0.00028498
 0.00022212
0.000221718
0.000181716
0.000181439
0.000153745
0.000153541
0.000133232
0.000133077
0.000117546
0.000117423
0.000105163
0.000105063
9.51376e-05
9.50554e-05
8.68561e-05
 8.6787e-05
7.98997e-05
7.98408e-05
7.39738e-05
7.39231e-05
6.88653e-05
6.88211e-05
6.44159e-05
6.43771e-05
6.05059e-05
6.04715e-05
5.70427e-05
 5.7012e-05
5.39539e-05
5.39264e-05
5.11819e-05
5.11571e-05
4.86804e-05
4.86578e-05
4.64115e-05
 4.6391e-05
4.43444e-05
4.43256e-05
4.24531e-05
4.24359e-05
4.07163e-05
4.07004e-05
3.91156e-05
3.91009e-05
3.76358e-05
3.76222e-05
3.62636e-05
3.62509e-05
3.49877e-05
3.49759e-05
3.37983e-05
3.37872e-05
3.26868e-05
3.26765e-05
 3.1646e-05
3.16363e-05
3.06692e-05
3.06601e-05
2.97507e-05
2.97421e-05
2.88855e-05
2.88774e-05
 2.8069e-05
2.80613e-05
2.72972e-05
  2.729e-05
2.65666e-05
2.65598e-05
 2.5874e-05
2.58675e-05
2.52164e-05
2.52102e-05
2.45913e-05
2.45854e-05
2.39964e-05
2.39907e-05
2.34294e-05
 2.3424e-05
2.28885e-05
2.28834e-05
2.23719e-05
 2.2367e-05
 2.1878e-05
2.18733e-05
2.14054e-05
2.14009e-05
2.09526e-05
2.09483e-05
2.05185e-05
2.05144e-05
 2.0102e-05
 2.0098e-05
 1.9702e-05
1.96981e-05
  0.0019999
          1
4.65157e-06
1.41348e-06
1.41252e-06
8.28251e-07
8.20506e-07
5.84667e-07
5.77669e-07
4.51653e-07
4.45975e-07
3.67939e-07
3.63371e-07
3.10419e-07
3.06704e-07
2.68465e-07
  2.654e-07
 2.3651e-07
2.33945e-07
2.11359e-07
2.09184e-07
1.91047e-07
1.89182e-07
  1.743e-07
1.72683e-07
1.60253e-07
1.58839e-07
1.48303e-07
1.47055e-07
1.38012e-07
1.36903e-07
1.29056e-07
1.28065e-07
1.21192e-07
  1.203e-07
 1.1423e-07
1.13425e-07
1.08025e-07
1.07293e-07
1.02459e-07
1.01791e-07
9.74382e-08
9.68265e-08
9.28859e-08
9.23236e-08
8.87396e-08
8.82209e-08
8.49472e-08
8.44672e-08
8.14653e-08
8.10198e-08
7.82572e-08
7.78427e-08
7.52918e-08
7.49052e-08
7.25426e-08
7.21811e-08
6.99867e-08
6.96479e-08
6.76045e-08
6.72864e-08
6.53787e-08
6.50795e-08
6.32946e-08
6.30125e-08
6.13389e-08
6.10726e-08
5.95001e-08
5.92483e-08
5.77681e-08
5.75297e-08
5.61339e-08
5.59077e-08
5.45892e-08
5.43745e-08
5.31271e-08
5.29229e-08
 5.1741e-08
5.15466e-08
5.04252e-08
5.02399e-08
4.91745e-08
4.89976e-08
 4.7984e-08
4.78151e-08
4.68497e-08
4.66881e-08
4.57675e-08
4.56129e-08
4.47341e-08
4.45859e-08
4.37461e-08
 4.3604e-08
4.28006e-08
4.26642e-08
 4.1895e-08
4.17639e-08
4.10267e-08
4.09008e-08
4.01936e-08
4.00724e-08
3.93934e-08
3.92767e-08
