6.46008e-09
1.34771e-09
1.37517e-09
5.92723e-10
6.07416e-10
 3.3394e-10
3.42742e-10
2.14476e-10
2.20083e-10
1.49372e-10
1.53171e-10
1.09998e-10
1.12657e-10
8.42806e-11
8.62892e-11
6.65945e-11
6.81589e-11
5.39525e-11
5.51951e-11
4.46039e-11
4.56227e-11
3.74808e-11
3.83086e-11
3.19136e-11
3.26061e-11
2.75064e-11
2.80798e-11
2.39473e-11
2.44308e-11
2.10334e-11
2.14442e-11
1.86201e-11
1.89732e-11
1.65974e-11
1.69012e-11
1.48836e-11
1.51504e-11
1.34237e-11
1.36566e-11
1.21662e-11
 1.2372e-11
 1.1077e-11
1.12593e-11
1.01273e-11
1.02899e-11
9.29382e-12
9.43936e-12
8.55898e-12
8.68984e-12
7.90748e-12
8.02555e-12
7.32731e-12
7.43427e-12
6.80854e-12
6.90563e-12
6.34258e-12
6.43116e-12
5.92274e-12
6.00377e-12
5.54314e-12
5.61732e-12
5.19865e-12
5.26686e-12
4.88519e-12
4.94804e-12
4.59917e-12
 4.6572e-12
4.33741e-12
 4.3911e-12
4.09733e-12
4.14708e-12
3.87649e-12
3.92278e-12
3.67305e-12
3.71607e-12
 3.4851e-12
3.52523e-12
3.31116e-12
3.34865e-12
 3.1499e-12
3.18495e-12
3.00007e-12
3.03292e-12
2.86065e-12
2.89146e-12
2.73069e-12
2.75964e-12
2.60936e-12
2.63659e-12
2.49591e-12
2.52155e-12
2.38967e-12
2.41385e-12
2.29005e-12
2.31288e-12
2.19651e-12
2.21809e-12
2.10857e-12
2.12898e-12
2.02578e-12
 2.0451e-12
3.68327e-11
3.69429e-09
1.08697e-09
1.97075e-09
8.43753e-10
1.27477e-09
6.46326e-10
9.09297e-10
5.09646e-10
6.89284e-10
4.13109e-10
5.44597e-10
3.42631e-10
4.43491e-10
2.89505e-10
3.69615e-10
2.48464e-10
3.13707e-10
2.15987e-10
2.70297e-10
1.89835e-10
2.35785e-10
1.68412e-10
2.07835e-10
1.50602e-10
1.84826e-10
1.35623e-10
1.65629e-10
1.22893e-10
1.49426e-10
1.11969e-10
1.35608e-10
1.02516e-10
1.23718e-10
9.42762e-11
1.13402e-10
8.70415e-11
1.04388e-10
8.06529e-11
9.64596e-11
7.49799e-11
8.94452e-11
 6.9915e-11
8.32056e-11
 6.5374e-11
7.76282e-11
6.12835e-11
7.26198e-11
5.75853e-11
6.81039e-11
5.42288e-11
6.40161e-11
5.11723e-11
6.03028e-11
4.83802e-11
5.69184e-11
 4.5822e-11
5.38243e-11
4.34715e-11
5.09873e-11
4.13065e-11
4.83791e-11
3.93071e-11
4.59751e-11
3.74567e-11
 4.3754e-11
3.57403e-11
4.16973e-11
 3.4145e-11
3.97888e-11
3.26593e-11
3.80142e-11
3.12732e-11
3.63609e-11
2.99779e-11
 3.4818e-11
2.87651e-11
3.33756e-11
2.76281e-11
3.20249e-11
2.65603e-11
3.07581e-11
2.55562e-11
2.95683e-11
2.46107e-11
2.84491e-11
2.37192e-11
2.73951e-11
2.28775e-11
2.64011e-11
2.20819e-11
2.54626e-11
2.13291e-11
2.45753e-11
2.06158e-11
2.37356e-11
1.99395e-11
  2.294e-11
1.92974e-11
2.21855e-11
1.86876e-11
2.14686e-11
0.000198657
 6.6655e-05
6.63901e-05
3.99893e-05
3.98758e-05
 2.8561e-05
 2.8498e-05
 2.2212e-05
2.21718e-05
1.81717e-05
1.81439e-05
1.53745e-05
1.53541e-05
1.33232e-05
1.33077e-05
1.17546e-05
1.17423e-05
1.05163e-05
1.05063e-05
9.51376e-06
9.50554e-06
8.68561e-06
 8.6787e-06
7.98997e-06
7.98408e-06
7.39738e-06
7.39231e-06
6.88653e-06
6.88211e-06
6.44159e-06
6.43771e-06
6.05059e-06
6.04715e-06
5.70427e-06
 5.7012e-06
5.39539e-06
5.39264e-06
5.11819e-06
5.11571e-06
4.86804e-06
4.86578e-06
4.64115e-06
 4.6391e-06
4.43444e-06
4.43256e-06
4.24531e-06
4.24359e-06
4.07163e-06
4.07004e-06
3.91156e-06
3.91009e-06
3.76358e-06
3.76222e-06
3.62636e-06
3.62509e-06
3.49877e-06
3.49759e-06
3.37983e-06
3.37872e-06
3.26868e-06
3.26765e-06
 3.1646e-06
3.16363e-06
3.06692e-06
3.06601e-06
2.97507e-06
2.97421e-06
2.88855e-06
2.88774e-06
 2.8069e-06
2.80613e-06
2.72972e-06
  2.729e-06
2.65666e-06
2.65598e-06
 2.5874e-06
2.58675e-06
2.52164e-06
2.52102e-06
2.45913e-06
2.45854e-06
2.39964e-06
2.39907e-06
2.34294e-06
 2.3424e-06
2.28885e-06
2.28834e-06
2.23719e-06
 2.2367e-06
 2.1878e-06
2.18733e-06
2.14054e-06
2.14009e-06
2.09526e-06
2.09483e-06
2.05185e-06
2.05144e-06
 2.0102e-06
 2.0098e-06
 1.9702e-06
1.96981e-06
 0.00019999
          1
 4.1573e-08
1.37319e-08
1.35756e-08
8.15071e-09
8.07899e-09
5.78845e-09
5.74657e-09
4.48629e-09
4.45876e-09
3.66194e-09
3.64248e-09
3.09346e-09
3.07882e-09
2.67773e-09
2.66627e-09
2.36049e-09
2.35123e-09
 2.1104e-09
2.10279e-09
1.90823e-09
1.90182e-09
1.74144e-09
1.73597e-09
1.60141e-09
1.59672e-09
1.48222e-09
1.47814e-09
1.37954e-09
1.37595e-09
1.29015e-09
1.28697e-09
1.21163e-09
 1.2088e-09
1.14212e-09
1.13957e-09
1.08014e-09
1.07784e-09
1.02453e-09
1.02244e-09
9.74363e-10
9.72459e-10
 9.2887e-10
9.27129e-10
8.87432e-10
8.85831e-10
8.49527e-10
8.48051e-10
8.14722e-10
8.13356e-10
7.82651e-10
7.81384e-10
7.53005e-10
7.51826e-10
7.25519e-10
7.24419e-10
6.99964e-10
6.98936e-10
6.76144e-10
6.75181e-10
6.53889e-10
6.52984e-10
6.33048e-10
6.32197e-10
6.13491e-10
6.12689e-10
5.95103e-10
5.94346e-10
5.77783e-10
5.77066e-10
5.61439e-10
 5.6076e-10
5.45991e-10
5.45348e-10
5.31369e-10
5.30757e-10
5.17506e-10
5.16925e-10
5.04346e-10
5.03793e-10
4.91837e-10
4.91309e-10
4.79931e-10
4.79427e-10
4.68585e-10
4.68104e-10
4.57762e-10
4.57302e-10
4.47426e-10
4.46985e-10
4.37544e-10
4.37121e-10
4.28087e-10
4.27682e-10
4.19029e-10
 4.1864e-10
4.10344e-10
4.09971e-10
4.02011e-10
4.01652e-10
3.94008e-10
3.93661e-10
