6.46008e-07
1.34717e-07
1.37518e-07
5.92619e-08
6.07074e-08
3.34153e-08
3.42691e-08
2.14571e-08
2.20081e-08
1.49399e-08
1.53184e-08
1.09961e-08
1.12684e-08
8.42843e-09
8.63145e-09
6.66364e-09
6.81943e-09
5.39886e-09
5.52123e-09
4.46171e-09
4.55894e-09
3.68973e-09
3.69409e-07
 1.0863e-07
1.97118e-07
8.43433e-08
1.27448e-07
6.46489e-08
9.09157e-08
5.09792e-08
6.89119e-08
4.13223e-08
5.44465e-08
3.42716e-08
4.43409e-08
2.89621e-08
3.69572e-08
2.48561e-08
3.13725e-08
2.16089e-08
2.70306e-08
1.89956e-08
2.35724e-08
 0.00198657
 0.00066655
0.000663901
0.000399893
0.000398758
 0.00028561
 0.00028498
 0.00022212
0.000221718
0.000181716
0.000181439
0.000153745
0.000153541
0.000133232
0.000133077
0.000117546
0.000117423
0.000105163
0.000105063
9.51376e-05
9.50477e-05
  0.0019999
          1
4.15729e-06
1.37323e-06
1.35757e-06
8.15028e-07
8.07899e-07
5.78822e-07
5.74666e-07
4.48621e-07
4.45873e-07
3.66201e-07
3.64238e-07
3.09352e-07
3.07875e-07
2.67777e-07
2.66623e-07
 2.3605e-07
2.35122e-07
2.11044e-07
 2.1028e-07
1.90827e-07
1.90172e-07
