6.46008e-07
1.34717e-07
1.37518e-07
5.92619e-08
6.07074e-08
3.34153e-08
3.42691e-08
2.14571e-08
2.20081e-08
1.49402e-08
1.53103e-08
3.68973e-09
3.69409e-07
 1.0863e-07
1.97118e-07
8.43433e-08
1.27448e-07
6.46489e-08
9.09157e-08
5.09792e-08
6.89119e-08
4.13447e-08
5.44125e-08
 0.00198657
 0.00066655
0.000663901
0.000399893
0.000398758
 0.00028561
 0.00028498
 0.00022212
0.000221718
0.000181717
0.000181389
  0.0019999
          1
4.15729e-06
1.37323e-06
1.35757e-06
8.15028e-07
8.07899e-07
5.78822e-07
5.74666e-07
4.48621e-07
4.45873e-07
3.66203e-07
3.64136e-07
