9.29032e-08
2.86039e-08
2.75953e-08
1.54385e-08
1.49902e-08
1.00568e-08
9.80754e-09
7.20564e-09
7.04984e-09
5.47377e-09
5.36882e-09
4.32751e-09
4.25304e-09
3.52258e-09
3.46761e-09
2.93208e-09
2.89031e-09
2.48423e-09
 2.4517e-09
2.13536e-09
2.10948e-09
1.85759e-09
1.83666e-09
1.63241e-09
1.61525e-09
1.44705e-09
1.43281e-09
1.29245e-09
 1.2805e-09
1.16203e-09
1.15191e-09
 1.0509e-09
1.04226e-09
9.55372e-10
9.47932e-10
8.72601e-10
8.66155e-10
8.00378e-10
7.94756e-10
7.36953e-10
7.32023e-10
 6.8093e-10
6.76585e-10
6.31186e-10
6.27337e-10
5.86801e-10
5.83378e-10
5.47023e-10
5.43965e-10
5.11225e-10
5.08484e-10
4.78889e-10
4.76422e-10
4.49575e-10
4.47349e-10
4.22914e-10
4.20899e-10
3.98592e-10
3.96762e-10
3.76339e-10
3.74673e-10
3.55925e-10
3.54404e-10
3.37151e-10
3.35759e-10
3.19843e-10
3.18566e-10
3.03851e-10
3.02678e-10
2.89044e-10
2.87964e-10
2.75307e-10
 2.7431e-10
2.62537e-10
2.61616e-10
2.50646e-10
2.49793e-10
2.39553e-10
2.38762e-10
2.29189e-10
2.28454e-10
 2.1949e-10
2.18806e-10
2.10401e-10
2.09763e-10
2.01869e-10
2.01274e-10
1.93852e-10
1.93296e-10
1.86307e-10
1.85787e-10
1.79198e-10
1.78711e-10
1.72493e-10
1.72035e-10
1.66159e-10
 1.6573e-10
1.60172e-10
1.59768e-10
1.54505e-10
1.54124e-10
1.48045e-10
1.48734e-08
8.19721e-09
1.17393e-08
8.00753e-09
9.69774e-09
7.22815e-09
8.24188e-09
6.46018e-09
7.14629e-09
5.78975e-09
6.29048e-09
5.21832e-09
5.60307e-09
4.73205e-09
5.03901e-09
4.31612e-09
4.56805e-09
3.95779e-09
4.16927e-09
3.64681e-09
3.82746e-09
 3.3749e-09
3.53149e-09
3.13552e-09
3.27291e-09
2.92345e-09
3.04525e-09
2.73451e-09
2.84343e-09
2.56527e-09
2.66341e-09
2.41295e-09
2.50196e-09
2.27525e-09
2.35644e-09
2.15025e-09
2.22469e-09
2.03635e-09
2.10492e-09
1.93221e-09
1.99563e-09
1.83668e-09
1.89555e-09
1.74879e-09
1.80362e-09
 1.6677e-09
1.71892e-09
1.59269e-09
1.64068e-09
1.52313e-09
 1.5682e-09
1.45849e-09
1.50091e-09
1.39827e-09
 1.4383e-09
1.34207e-09
1.37991e-09
1.28952e-09
1.32535e-09
1.24029e-09
1.27429e-09
 1.1941e-09
 1.2264e-09
1.15068e-09
1.18143e-09
 1.1098e-09
1.13911e-09
1.07127e-09
1.09924e-09
 1.0349e-09
1.06163e-09
1.00052e-09
1.02609e-09
9.67977e-10
9.92469e-10
9.37141e-10
9.60625e-10
9.07887e-10
9.30427e-10
8.80103e-10
9.01759e-10
8.53689e-10
8.74513e-10
 8.2855e-10
8.48593e-10
8.04603e-10
8.23909e-10
7.81769e-10
8.00381e-10
7.59978e-10
7.77934e-10
7.39163e-10
7.56499e-10
7.19265e-10
7.36013e-10
7.00227e-10
 7.1642e-10
   6.82e-10
6.97664e-10
6.64536e-10
6.79693e-10
 0.00198657
 0.00066655
0.000663901
0.000399893
0.000398758
 0.00028561
 0.00028498
 0.00022212
0.000221718
0.000181716
0.000181439
0.000153745
0.000153541
0.000133232
0.000133077
0.000117546
0.000117423
0.000105163
0.000105063
9.51376e-05
9.50554e-05
8.68561e-05
 8.6787e-05
7.98997e-05
7.98408e-05
7.39738e-05
7.39231e-05
6.88653e-05
6.88211e-05
6.44159e-05
6.43771e-05
6.05059e-05
6.04715e-05
5.70427e-05
 5.7012e-05
5.39539e-05
5.39264e-05
5.11819e-05
5.11571e-05
4.86804e-05
4.86578e-05
4.64115e-05
 4.6391e-05
4.43444e-05
4.43256e-05
4.24531e-05
4.24359e-05
4.07163e-05
4.07004e-05
3.91156e-05
3.91009e-05
3.76358e-05
3.76222e-05
3.62636e-05
3.62509e-05
3.49877e-05
3.49759e-05
3.37983e-05
3.37872e-05
3.26868e-05
3.26765e-05
 3.1646e-05
3.16363e-05
3.06692e-05
3.06601e-05
2.97507e-05
2.97421e-05
2.88855e-05
2.88774e-05
 2.8069e-05
2.80613e-05
2.72972e-05
  2.729e-05
2.65666e-05
2.65598e-05
 2.5874e-05
2.58675e-05
2.52164e-05
2.52102e-05
2.45913e-05
2.45854e-05
2.39964e-05
2.39907e-05
2.34294e-05
 2.3424e-05
2.28885e-05
2.28834e-05
2.23719e-05
 2.2367e-05
 2.1878e-05
2.18733e-05
2.14054e-05
2.14009e-05
2.09526e-05
2.09483e-05
2.05185e-05
2.05144e-05
 2.0102e-05
 2.0098e-05
 1.9702e-05
1.96981e-05
  0.0019999
          1
3.98016e-06
1.33598e-06
1.32994e-06
8.01214e-07
7.98627e-07
5.72082e-07
5.70646e-07
4.44813e-07
4.43901e-07
 3.6384e-07
 3.6321e-07
3.07792e-07
3.07331e-07
2.66696e-07
2.66344e-07
2.35274e-07
2.34996e-07
2.10471e-07
2.10246e-07
1.90393e-07
1.90208e-07
 1.7381e-07
1.73654e-07
 1.5988e-07
1.59748e-07
1.48016e-07
1.47902e-07
1.37788e-07
1.37689e-07
1.28881e-07
1.28794e-07
1.21054e-07
1.20977e-07
1.14122e-07
1.14053e-07
1.07939e-07
1.07878e-07
1.02391e-07
1.02335e-07
9.73846e-08
9.73341e-08
9.28439e-08
9.27978e-08
 8.8707e-08
8.86648e-08
8.49222e-08
8.48835e-08
8.14466e-08
8.14109e-08
7.82436e-08
7.82106e-08
7.52824e-08
7.52518e-08
7.25367e-08
7.25082e-08
6.99837e-08
6.99572e-08
6.76038e-08
6.75791e-08
6.53801e-08
6.53569e-08
6.32975e-08
6.32758e-08
6.13432e-08
6.13228e-08
5.95056e-08
5.94863e-08
5.77745e-08
5.77563e-08
 5.6141e-08
5.61238e-08
 5.4597e-08
5.45808e-08
5.31354e-08
  5.312e-08
5.17498e-08
5.17351e-08
5.04343e-08
5.04203e-08
4.91837e-08
4.91705e-08
4.79935e-08
4.79809e-08
4.68593e-08
4.68473e-08
4.57773e-08
4.57657e-08
4.47438e-08
4.47328e-08
4.37559e-08
4.37453e-08
4.28104e-08
4.28003e-08
4.19047e-08
4.18951e-08
4.10364e-08
4.10272e-08
4.02032e-08
4.01943e-08
 3.9403e-08
3.93944e-08
