9.29031e-10
 2.8604e-10
2.75953e-10
1.54384e-10
1.49901e-10
1.00567e-10
9.80753e-11
7.20563e-11
7.04983e-11
5.47378e-11
5.36687e-11
 1.4849e-12
1.48737e-10
 8.1971e-11
1.17394e-10
8.00749e-11
9.69765e-11
7.22802e-11
8.24197e-11
6.46017e-11
7.14638e-11
5.79048e-11
6.28865e-11
0.000198657
 6.6655e-05
6.63901e-05
3.99893e-05
3.98758e-05
 2.8561e-05
 2.8498e-05
 2.2212e-05
2.21718e-05
1.81717e-05
1.81389e-05
 0.00019999
          1
3.98016e-08
1.33598e-08
1.32994e-08
8.01215e-09
7.98627e-09
5.72082e-09
5.70646e-09
4.44813e-09
4.43902e-09
3.63841e-09
 3.6311e-09
