9.29031e-08
 2.8604e-08
2.75953e-08
1.54384e-08
1.49901e-08
1.00567e-08
9.80753e-09
7.20563e-09
7.04983e-09
5.47377e-09
5.36881e-09
4.32754e-09
4.25304e-09
3.52261e-09
3.46763e-09
2.93215e-09
2.89034e-09
2.48427e-09
 2.4517e-09
2.13537e-09
2.10923e-09
1.48485e-10
1.48737e-08
 8.1971e-09
1.17394e-08
8.00749e-09
9.69765e-09
7.22802e-09
8.24197e-09
6.46016e-09
7.14638e-09
5.78974e-09
6.29047e-09
5.21835e-09
5.60307e-09
4.73211e-09
5.03902e-09
4.31621e-09
4.56809e-09
 3.9579e-09
4.16929e-09
3.64705e-09
3.82706e-09
 0.00198657
 0.00066655
0.000663901
0.000399893
0.000398758
 0.00028561
 0.00028498
 0.00022212
0.000221718
0.000181716
0.000181439
0.000153745
0.000153541
0.000133232
0.000133077
0.000117546
0.000117423
0.000105163
0.000105063
9.51376e-05
9.50477e-05
  0.0019999
          1
3.98016e-06
1.33598e-06
1.32994e-06
8.01215e-07
7.98627e-07
5.72082e-07
5.70646e-07
4.44813e-07
4.43902e-07
 3.6384e-07
 3.6321e-07
3.07792e-07
3.07331e-07
2.66696e-07
2.66344e-07
2.35274e-07
2.34996e-07
 2.1047e-07
2.10246e-07
1.90393e-07
1.90193e-07
