2.02029e-06
2.48212e-07
 3.4514e-07
9.91588e-08
1.32613e-07
5.22822e-08
6.78866e-08
3.19349e-08
4.05081e-08
2.13854e-08
2.66134e-08
1.52538e-08
1.86823e-08
 1.1393e-08
1.37655e-08
8.81318e-09
1.05243e-08
7.00848e-09
8.28402e-09
5.69913e-09
6.67577e-09
4.72043e-09
5.48508e-09
 3.9706e-09
4.58063e-09
3.38398e-09
3.87856e-09
2.91678e-09
3.32339e-09
2.53889e-09
2.87728e-09
2.22908e-09
2.51375e-09
1.97205e-09
2.21382e-09
1.75655e-09
1.96365e-09
1.57414e-09
1.75291e-09
1.41843e-09
1.57383e-09
1.28449e-09
1.42042e-09
1.16847e-09
1.28807e-09
1.06733e-09
1.17311e-09
9.78642e-10
1.07266e-09
9.00461e-10
9.84407e-10
  8.312e-10
9.06462e-10
 7.6956e-10
8.37298e-10
7.14468e-10
7.75655e-10
6.65035e-10
7.20491e-10
6.20516e-10
6.70936e-10
5.80285e-10
6.26261e-10
 5.4381e-10
5.85852e-10
5.10642e-10
5.49185e-10
4.80393e-10
5.15817e-10
4.52734e-10
4.85367e-10
4.27379e-10
4.57506e-10
4.04079e-10
4.31952e-10
 3.8262e-10
4.08458e-10
3.62813e-10
 3.8681e-10
3.44495e-10
3.66821e-10
 3.2752e-10
3.48328e-10
3.11761e-10
3.31185e-10
2.97104e-10
3.15266e-10
2.83451e-10
3.00456e-10
2.70711e-10
2.86657e-10
2.58806e-10
2.73778e-10
2.47664e-10
2.61741e-10
2.37223e-10
2.50473e-10
2.27423e-10
2.39912e-10
2.18216e-10
2.29969e-10
1.61209e-07
1.62194e-06
2.88518e-07
7.52781e-07
2.00333e-07
4.43492e-07
1.43885e-07
2.95529e-07
1.08315e-07
2.12459e-07
8.47013e-08
1.60834e-07
6.82361e-08
1.26405e-07
 5.6282e-08
1.02217e-07
4.73127e-08
8.45299e-08
4.03987e-08
7.11784e-08
3.49479e-08
 6.0836e-08
3.05684e-08
5.26508e-08
2.69924e-08
4.60545e-08
2.40313e-08
4.06558e-08
2.15495e-08
3.61777e-08
1.94471e-08
3.24195e-08
1.76491e-08
2.92328e-08
1.60984e-08
2.65059e-08
1.47508e-08
2.41532e-08
1.35718e-08
2.21083e-08
1.25338e-08
2.03192e-08
1.16148e-08
1.87443e-08
1.07969e-08
1.73504e-08
1.00656e-08
1.61103e-08
9.40887e-09
1.50019e-08
8.81666e-09
 1.4007e-08
8.28066e-09
1.31104e-08
7.79384e-09
1.22993e-08
7.35025e-09
1.15632e-08
6.94484e-09
1.08929e-08
6.57325e-09
1.02807e-08
6.23177e-09
9.72001e-09
5.91716e-09
9.20511e-09
5.62663e-09
8.73109e-09
5.35774e-09
8.29368e-09
5.10835e-09
7.88915e-09
4.87658e-09
7.51425e-09
4.66079e-09
7.16612e-09
4.45951e-09
6.84224e-09
4.27144e-09
6.54037e-09
4.09544e-09
6.25854e-09
3.93047e-09
5.99499e-09
3.77561e-09
5.74815e-09
3.63005e-09
5.51663e-09
3.49303e-09
5.29916e-09
3.36389e-09
5.09462e-09
3.24203e-09
4.90199e-09
3.12689e-09
4.72034e-09
  3.018e-09
4.54886e-09
2.91488e-09
4.38678e-09
2.81922e-09
4.23124e-09
 0.00186695
0.000664803
0.000639958
0.000399145
0.000388493
0.000285195
0.000279276
0.000221856
0.000218088
0.000181534
0.000178925
0.000153611
0.000151698
 0.00013313
0.000131667
0.000117466
0.000116311
0.000105098
0.000104162
 9.5084e-05
9.43114e-05
8.68112e-05
8.61621e-05
7.98614e-05
7.93085e-05
7.39409e-05
7.34642e-05
6.88366e-05
6.84215e-05
6.43908e-05
6.40259e-05
6.04836e-05
6.01605e-05
5.70229e-05
5.67347e-05
5.39362e-05
5.36775e-05
5.11659e-05
5.09325e-05
4.86659e-05
4.84542e-05
4.63984e-05
4.62054e-05
4.43323e-05
4.41558e-05
4.24421e-05
  4.228e-05
4.07061e-05
4.05567e-05
3.91062e-05
3.89681e-05
3.76271e-05
 3.7499e-05
3.62555e-05
3.61364e-05
3.49802e-05
3.48692e-05
3.37913e-05
3.36875e-05
3.26803e-05
3.25832e-05
3.16399e-05
3.15487e-05
3.06634e-05
3.05777e-05
2.97453e-05
2.96645e-05
2.88804e-05
2.88042e-05
2.80642e-05
2.79921e-05
2.72927e-05
2.72245e-05
2.65623e-05
2.64977e-05
2.58699e-05
2.58085e-05
2.52126e-05
2.51542e-05
2.45876e-05
2.45321e-05
2.39929e-05
2.39399e-05
2.34261e-05
2.33756e-05
2.28853e-05
2.28371e-05
2.23689e-05
2.23228e-05
2.18751e-05
 2.1831e-05
2.14026e-05
2.13603e-05
  2.095e-05
2.09094e-05
 2.0516e-05
2.04771e-05
2.00996e-05
2.00622e-05
1.96996e-05
1.96632e-05
 0.00199987
          1
4.53865e-06
1.41934e-06
1.37833e-06
8.28983e-07
 8.0297e-07
5.84425e-07
5.66875e-07
4.51207e-07
4.38632e-07
3.67479e-07
3.58041e-07
3.09996e-07
3.02656e-07
2.68088e-07
2.62219e-07
2.36179e-07
2.31378e-07
2.11068e-07
2.07069e-07
1.90791e-07
1.87408e-07
1.74072e-07
1.71174e-07
1.60051e-07
 1.5754e-07
1.48122e-07
1.45925e-07
1.37849e-07
1.35911e-07
1.28909e-07
1.27186e-07
1.21058e-07
1.19517e-07
1.14109e-07
1.12722e-07
1.07914e-07
 1.0666e-07
1.02357e-07
1.01217e-07
9.73445e-08
 9.6303e-08
9.27993e-08
9.18447e-08
8.86594e-08
8.77811e-08
8.48727e-08
 8.4062e-08
8.13959e-08
8.06453e-08
7.81924e-08
7.74954e-08
7.52312e-08
7.45822e-08
7.24858e-08
7.18801e-08
6.99333e-08
6.93667e-08
6.75542e-08
 6.7023e-08
6.53314e-08
6.48323e-08
6.32498e-08
6.27801e-08
6.12965e-08
6.08537e-08
  5.946e-08
5.90418e-08
5.77301e-08
5.73344e-08
5.60977e-08
5.57229e-08
5.45549e-08
5.41992e-08
5.30944e-08
5.27565e-08
5.17098e-08
5.13884e-08
5.03954e-08
5.00893e-08
 4.9146e-08
4.88541e-08
4.79568e-08
4.76782e-08
4.68236e-08
4.65574e-08
4.57425e-08
4.54879e-08
4.47101e-08
4.44663e-08
4.37231e-08
4.34894e-08
4.27785e-08
4.25543e-08
4.18737e-08
4.16585e-08
4.10062e-08
4.07995e-08
4.01738e-08
3.99751e-08
3.93745e-08
3.91823e-08
