2.02031e-08
2.48213e-09
3.45142e-09
9.91678e-10
1.32614e-09
5.22743e-10
 6.7888e-10
3.19297e-10
4.05089e-10
2.13841e-10
2.66137e-10
1.52539e-10
1.86825e-10
 1.1393e-10
1.37656e-10
8.81325e-11
1.05245e-10
7.00852e-11
8.28409e-11
5.70034e-11
6.65753e-11
1.61211e-09
1.62195e-08
2.88513e-09
7.52787e-09
2.00349e-09
4.43495e-09
1.43887e-09
2.95532e-09
1.08309e-09
2.12461e-09
8.46968e-10
1.60836e-09
6.82333e-10
1.26407e-09
5.62799e-10
1.02218e-09
4.73111e-10
8.45307e-10
4.03975e-10
7.11768e-10
 3.5185e-10
6.05664e-10
0.000186695
6.64803e-05
6.39958e-05
3.99145e-05
3.88493e-05
2.85195e-05
2.79276e-05
2.21856e-05
2.18088e-05
1.81534e-05
1.78925e-05
1.53611e-05
1.51698e-05
 1.3313e-05
1.31667e-05
1.17466e-05
1.16311e-05
1.05098e-05
1.04162e-05
9.50847e-06
9.42414e-06
 0.00019999
          1
4.53869e-08
1.41934e-08
1.37835e-08
8.29014e-09
8.02977e-09
5.84438e-09
5.66881e-09
4.51208e-09
4.38637e-09
3.67481e-09
3.58046e-09
3.09999e-09
 3.0266e-09
2.68091e-09
2.62222e-09
2.36181e-09
2.31381e-09
 2.1107e-09
2.07071e-09
1.90806e-09
1.87274e-09
