2.02031e-08
2.48214e-09
3.45143e-09
9.91592e-10
1.32614e-09
5.22826e-10
6.78872e-10
3.19353e-10
4.05075e-10
2.14086e-10
2.64081e-10
 1.6121e-09
1.62195e-08
2.88521e-09
7.52787e-09
2.00334e-09
4.43496e-09
1.43886e-09
2.95532e-09
1.08317e-09
2.12435e-09
8.60012e-10
1.59304e-09
0.000186695
6.64803e-05
6.39958e-05
3.99145e-05
3.88493e-05
2.85195e-05
2.79276e-05
2.21856e-05
2.18088e-05
1.81543e-05
1.78475e-05
 0.00019999
          1
4.53869e-08
1.41935e-08
1.37835e-08
8.28992e-09
8.02978e-09
5.84432e-09
5.66881e-09
4.51213e-09
4.38632e-09
 3.6763e-09
3.57068e-09
