2.01582e-08
2.48042e-09
3.44468e-09
9.91015e-10
  1.324e-09
5.22394e-10
6.77919e-10
3.19068e-10
4.04523e-10
2.13787e-10
2.65786e-10
1.52496e-10
1.86556e-10
1.13922e-10
1.37481e-10
8.81293e-11
1.05104e-10
7.00923e-11
8.27482e-11
5.70094e-11
 6.6682e-11
4.72014e-11
5.47958e-11
3.97051e-11
4.57622e-11
3.38362e-11
3.87514e-11
2.91648e-11
3.32054e-11
2.53861e-11
2.87497e-11
2.22887e-11
2.51186e-11
 1.9718e-11
2.21217e-11
 1.7564e-11
1.96231e-11
1.57395e-11
1.75172e-11
 1.4183e-11
1.57283e-11
1.28434e-11
1.41954e-11
1.16835e-11
1.28731e-11
1.06721e-11
1.17244e-11
9.78544e-12
1.07207e-11
9.00362e-12
9.83879e-12
8.31115e-12
9.05992e-12
7.69481e-12
8.36885e-12
7.14395e-12
7.75271e-12
6.64969e-12
7.20153e-12
6.20455e-12
6.70628e-12
5.80228e-12
6.25982e-12
 5.4376e-12
5.85596e-12
5.10593e-12
5.48953e-12
4.80348e-12
5.15605e-12
4.52694e-12
4.85171e-12
 4.2734e-12
4.57326e-12
4.04043e-12
4.31787e-12
3.82587e-12
4.08304e-12
3.62782e-12
3.86669e-12
3.44466e-12
 3.6669e-12
3.27493e-12
3.48206e-12
3.11735e-12
3.31072e-12
2.97081e-12
 3.1516e-12
2.83429e-12
3.00357e-12
 2.7069e-12
2.86564e-12
2.58786e-12
2.73691e-12
2.47646e-12
2.61659e-12
2.37205e-12
2.50397e-12
2.27407e-12
 2.3984e-12
  2.182e-12
2.29902e-12
1.60775e-09
1.61774e-08
2.88254e-09
7.51006e-09
2.00145e-09
4.42509e-09
1.43727e-09
2.94878e-09
1.08185e-09
2.11996e-09
8.46038e-10
1.60496e-09
6.81575e-10
1.26144e-09
5.62201e-10
1.02008e-09
4.72673e-10
8.43592e-10
4.03613e-10
7.10372e-10
3.49192e-10
6.07163e-10
3.05439e-10
5.25487e-10
2.69712e-10
4.59661e-10
2.40131e-10
4.05787e-10
2.15337e-10
3.61098e-10
1.94328e-10
3.23593e-10
1.76366e-10
2.91791e-10
1.60871e-10
2.64575e-10
1.47407e-10
2.41096e-10
1.35626e-10
2.20687e-10
1.25255e-10
2.02831e-10
1.16071e-10
1.87113e-10
1.07899e-10
  1.732e-10
1.00592e-10
1.60823e-10
9.40288e-11
 1.4976e-10
 8.8111e-11
1.39829e-10
8.27549e-11
 1.3088e-10
7.78902e-11
1.22785e-10
7.34574e-11
1.15437e-10
6.94062e-11
1.08747e-10
6.56929e-11
1.02636e-10
6.22804e-11
 9.7039e-11
5.91365e-11
9.18993e-11
5.62332e-11
8.71676e-11
 5.3546e-11
8.28013e-11
5.10538e-11
7.87633e-11
4.87377e-11
 7.5021e-11
4.65811e-11
7.15458e-11
4.45696e-11
6.83126e-11
4.26902e-11
6.52992e-11
4.09313e-11
6.24858e-11
3.92826e-11
5.98549e-11
3.77351e-11
5.73908e-11
3.62803e-11
5.50795e-11
 3.4911e-11
5.29086e-11
3.36204e-11
5.08666e-11
3.24026e-11
4.89436e-11
3.12519e-11
4.71302e-11
3.01636e-11
4.54183e-11
2.91331e-11
4.38002e-11
 2.8177e-11
4.22474e-11
0.000186695
6.64803e-05
6.39958e-05
3.99145e-05
3.88493e-05
2.85195e-05
2.79276e-05
2.21856e-05
2.18088e-05
1.81534e-05
1.78925e-05
1.53611e-05
1.51698e-05
 1.3313e-05
1.31667e-05
1.17466e-05
1.16311e-05
1.05098e-05
1.04162e-05
 9.5084e-06
9.43114e-06
8.68112e-06
8.61621e-06
7.98614e-06
7.93085e-06
7.39409e-06
7.34642e-06
6.88366e-06
6.84215e-06
6.43908e-06
6.40259e-06
6.04836e-06
6.01605e-06
5.70229e-06
5.67347e-06
5.39362e-06
5.36775e-06
5.11659e-06
5.09325e-06
4.86659e-06
4.84542e-06
4.63984e-06
4.62054e-06
4.43323e-06
4.41558e-06
4.24421e-06
  4.228e-06
4.07061e-06
4.05567e-06
3.91062e-06
3.89681e-06
3.76271e-06
 3.7499e-06
3.62555e-06
3.61364e-06
3.49802e-06
3.48692e-06
3.37913e-06
3.36875e-06
3.26803e-06
3.25832e-06
3.16399e-06
3.15487e-06
3.06634e-06
3.05777e-06
2.97453e-06
2.96645e-06
2.88804e-06
2.88042e-06
2.80642e-06
2.79921e-06
2.72927e-06
2.72245e-06
2.65623e-06
2.64977e-06
2.58699e-06
2.58085e-06
2.52126e-06
2.51542e-06
2.45876e-06
2.45321e-06
2.39929e-06
2.39399e-06
2.34261e-06
2.33756e-06
2.28853e-06
2.28371e-06
2.23689e-06
2.23228e-06
2.18751e-06
 2.1831e-06
2.14026e-06
2.13603e-06
  2.095e-06
2.09094e-06
 2.0516e-06
2.04771e-06
2.00996e-06
2.00622e-06
1.96996e-06
1.96632e-06
 0.00019999
          1
 4.5366e-08
1.41925e-08
1.37812e-08
8.28996e-09
8.02928e-09
5.84452e-09
 5.6688e-09
4.51207e-09
 4.3865e-09
3.67476e-09
3.58061e-09
3.09994e-09
3.02674e-09
2.68089e-09
2.62234e-09
2.36179e-09
 2.3139e-09
2.11069e-09
2.07079e-09
1.90793e-09
1.87416e-09
1.74073e-09
1.71181e-09
1.60052e-09
1.57546e-09
1.48123e-09
1.45931e-09
 1.3785e-09
1.35916e-09
 1.2891e-09
1.27191e-09
1.21059e-09
1.19522e-09
 1.1411e-09
1.12726e-09
1.07915e-09
1.06664e-09
1.02358e-09
 1.0122e-09
9.73455e-10
9.63064e-10
9.28003e-10
9.18479e-10
8.86603e-10
8.77841e-10
8.48736e-10
8.40649e-10
8.13968e-10
 8.0648e-10
7.81933e-10
 7.7498e-10
7.52321e-10
7.45847e-10
7.24866e-10
7.18824e-10
6.99342e-10
6.93689e-10
 6.7555e-10
6.70251e-10
6.53321e-10
6.48343e-10
6.32506e-10
 6.2782e-10
6.12973e-10
6.08555e-10
5.94608e-10
5.90435e-10
5.77308e-10
5.73361e-10
5.60984e-10
5.57245e-10
5.45555e-10
5.42008e-10
 5.3095e-10
 5.2758e-10
5.17105e-10
5.13899e-10
5.03961e-10
5.00907e-10
4.91466e-10
4.88555e-10
4.79574e-10
4.76795e-10
4.68242e-10
4.65586e-10
4.57431e-10
4.54891e-10
4.47107e-10
4.44674e-10
4.37236e-10
4.34905e-10
 4.2779e-10
4.25555e-10
4.18742e-10
4.16596e-10
4.10068e-10
4.08005e-10
4.01744e-10
3.99761e-10
 3.9375e-10
3.91832e-10
