2.01583e-06
2.47999e-07
3.44497e-07
9.90869e-08
1.32398e-07
5.22491e-08
6.77883e-08
 3.1917e-08
4.04541e-08
2.13974e-08
2.63764e-08
1.60794e-07
1.61778e-06
2.88143e-07
7.50984e-07
2.00099e-07
4.42489e-07
1.43729e-07
2.94887e-07
1.08205e-07
2.11988e-07
8.59131e-08
 1.5898e-07
 0.00186695
0.000664803
0.000639958
0.000399145
0.000388493
0.000285195
0.000279276
0.000221856
0.000218088
0.000181543
0.000178475
 0.00199987
          1
4.53658e-06
1.41924e-06
1.37812e-06
8.28955e-07
8.02926e-07
5.84415e-07
5.66867e-07
4.51203e-07
 4.3863e-07
3.67623e-07
3.57069e-07
