2.01583e-06
2.47999e-07
3.44497e-07
9.90869e-08
1.32398e-07
5.22492e-08
6.77883e-08
 3.1917e-08
 4.0455e-08
2.13746e-08
2.65815e-08
1.52468e-08
1.86616e-08
1.13881e-08
1.37513e-08
8.80967e-09
1.05142e-08
7.00591e-09
8.27652e-09
5.69834e-09
6.65181e-09
1.60794e-07
1.61778e-06
2.88143e-07
7.50984e-07
2.00099e-07
4.42489e-07
1.43729e-07
2.94888e-07
1.08204e-07
2.12013e-07
8.46183e-08
1.60507e-07
6.81716e-08
1.26154e-07
5.62305e-08
1.02019e-07
4.72706e-08
8.43688e-08
4.03637e-08
7.10428e-08
3.51557e-08
6.04545e-08
 0.00186695
0.000664803
0.000639958
0.000399145
0.000388493
0.000285195
0.000279276
0.000221856
0.000218088
0.000181534
0.000178925
0.000153611
0.000151698
 0.00013313
0.000131667
0.000117466
0.000116311
0.000105098
0.000104162
9.50847e-05
9.42414e-05
 0.00199987
          1
4.53658e-06
1.41924e-06
1.37812e-06
8.28954e-07
8.02926e-07
5.84415e-07
5.66867e-07
4.51203e-07
4.38635e-07
3.67477e-07
3.58047e-07
3.09994e-07
3.02662e-07
2.68088e-07
2.62225e-07
2.36178e-07
2.31384e-07
2.11068e-07
2.07074e-07
1.90804e-07
1.87276e-07
