1.97227e-08
2.45952e-09
3.38219e-09
9.83882e-10
1.30314e-09
5.19229e-10
6.68343e-10
3.17458e-10
3.99408e-10
 2.1276e-10
2.62688e-10
1.51808e-10
1.84577e-10
 1.1343e-10
1.36119e-10
8.77499e-11
1.04164e-10
6.97901e-11
8.20559e-11
5.67745e-11
6.61568e-11
4.70343e-11
5.43851e-11
3.95715e-11
4.54347e-11
3.37311e-11
 3.8486e-11
2.90785e-11
3.29888e-11
2.53131e-11
2.85693e-11
2.22297e-11
2.49669e-11
1.96686e-11
2.19935e-11
1.75205e-11
1.95133e-11
1.57027e-11
1.74226e-11
1.41512e-11
1.56462e-11
1.28157e-11
1.41238e-11
1.16591e-11
  1.281e-11
1.06507e-11
1.16687e-11
9.76638e-12
1.06714e-11
8.98671e-12
9.79473e-12
8.29599e-12
9.02055e-12
7.68128e-12
8.33333e-12
7.13175e-12
7.72086e-12
 6.6386e-12
7.17254e-12
6.19455e-12
6.68002e-12
5.79317e-12
6.23588e-12
5.42925e-12
5.83411e-12
5.09834e-12
 5.4695e-12
 4.7965e-12
5.13766e-12
4.52049e-12
 4.8348e-12
4.26751e-12
4.55765e-12
4.03495e-12
4.30344e-12
3.82079e-12
4.06967e-12
3.62314e-12
3.85429e-12
3.44029e-12
3.65537e-12
3.27087e-12
3.47133e-12
3.11357e-12
 3.3007e-12
2.96727e-12
3.14224e-12
2.83098e-12
2.99482e-12
2.70381e-12
2.85744e-12
2.58496e-12
2.72922e-12
2.47373e-12
2.60936e-12
2.36949e-12
2.49716e-12
2.27165e-12
2.39199e-12
2.17973e-12
2.29298e-12
1.56741e-09
1.57729e-08
2.84539e-09
7.33415e-09
 1.9782e-09
4.32706e-09
1.42178e-09
2.88635e-09
1.07109e-09
2.07668e-09
8.38107e-10
1.57316e-09
6.75493e-10
 1.2371e-09
5.57306e-10
 1.0009e-09
 4.6861e-10
8.27964e-10
4.00243e-10
 6.9746e-10
3.46313e-10
5.96315e-10
3.02968e-10
5.16242e-10
2.67577e-10
4.51688e-10
2.38255e-10
3.98839e-10
2.13681e-10
 3.5499e-10
1.92857e-10
 3.1818e-10
1.75047e-10
2.86961e-10
1.59685e-10
2.60239e-10
1.46333e-10
2.37181e-10
1.34649e-10
2.17135e-10
1.24363e-10
1.99594e-10
1.15254e-10
 1.8415e-10
1.07147e-10
1.70478e-10
9.98968e-11
1.58314e-10
9.33853e-11
 1.4744e-10
8.75135e-11
1.37677e-10
8.21983e-11
1.28878e-10
7.73707e-11
1.20919e-10
7.29714e-11
1.13693e-10
6.89504e-11
1.07113e-10
6.52647e-11
1.01102e-10
6.18774e-11
9.55965e-11
5.87564e-11
9.05401e-11
5.58742e-11
8.58848e-11
5.32064e-11
8.15886e-11
 5.0732e-11
 7.7615e-11
4.84323e-11
7.39322e-11
 4.6291e-11
7.05119e-11
4.42936e-11
6.73297e-11
4.24273e-11
6.43635e-11
4.06806e-11
 6.1594e-11
3.90434e-11
 5.9004e-11
3.75064e-11
 5.6578e-11
3.60616e-11
5.43024e-11
3.47016e-11
5.21648e-11
3.34197e-11
5.01541e-11
  3.221e-11
4.82603e-11
3.10671e-11
4.64745e-11
 2.9986e-11
4.47884e-11
2.89623e-11
4.31947e-11
 2.8012e-11
4.16656e-11
0.000186695
6.64803e-05
6.39958e-05
3.99145e-05
3.88493e-05
2.85195e-05
2.79276e-05
2.21856e-05
2.18088e-05
1.81534e-05
1.78925e-05
1.53611e-05
1.51698e-05
 1.3313e-05
1.31667e-05
1.17466e-05
1.16311e-05
1.05098e-05
1.04162e-05
 9.5084e-06
9.43114e-06
8.68112e-06
8.61621e-06
7.98614e-06
7.93085e-06
7.39409e-06
7.34642e-06
6.88366e-06
6.84215e-06
6.43908e-06
6.40259e-06
6.04836e-06
6.01605e-06
5.70229e-06
5.67347e-06
5.39362e-06
5.36775e-06
5.11659e-06
5.09325e-06
4.86659e-06
4.84542e-06
4.63984e-06
4.62054e-06
4.43323e-06
4.41558e-06
4.24421e-06
  4.228e-06
4.07061e-06
4.05567e-06
3.91062e-06
3.89681e-06
3.76271e-06
 3.7499e-06
3.62555e-06
3.61364e-06
3.49802e-06
3.48692e-06
3.37913e-06
3.36875e-06
3.26803e-06
3.25832e-06
3.16399e-06
3.15487e-06
3.06634e-06
3.05777e-06
2.97453e-06
2.96645e-06
2.88804e-06
2.88042e-06
2.80642e-06
2.79921e-06
2.72927e-06
2.72245e-06
2.65623e-06
2.64977e-06
2.58699e-06
2.58085e-06
2.52126e-06
2.51542e-06
2.45876e-06
2.45321e-06
2.39929e-06
2.39399e-06
2.34261e-06
2.33756e-06
2.28853e-06
2.28371e-06
2.23689e-06
2.23228e-06
2.18751e-06
 2.1831e-06
2.14026e-06
2.13603e-06
  2.095e-06
2.09094e-06
 2.0516e-06
2.04771e-06
2.00996e-06
2.00622e-06
1.96996e-06
1.96632e-06
 0.00019999
          1
4.51646e-08
1.41831e-08
1.37605e-08
8.28714e-09
8.02509e-09
5.84294e-09
5.66798e-09
4.51153e-09
4.38663e-09
3.67457e-09
3.58103e-09
3.09994e-09
3.02726e-09
 2.6809e-09
2.62289e-09
2.36178e-09
2.31443e-09
2.11074e-09
 2.0713e-09
1.90797e-09
1.87462e-09
1.74079e-09
1.71223e-09
1.60058e-09
1.57584e-09
1.48128e-09
1.45964e-09
1.37855e-09
1.35947e-09
1.28915e-09
1.27219e-09
1.21063e-09
1.19547e-09
1.14114e-09
1.12749e-09
1.07919e-09
1.06685e-09
1.02362e-09
 1.0124e-09
9.73486e-10
9.63244e-10
9.28032e-10
9.18646e-10
8.86631e-10
8.77996e-10
8.48762e-10
8.40793e-10
8.13992e-10
8.06614e-10
7.81956e-10
7.75105e-10
7.52342e-10
7.45964e-10
7.24886e-10
7.18934e-10
 6.9936e-10
6.93792e-10
6.75568e-10
6.70348e-10
6.53338e-10
6.48435e-10
6.32522e-10
6.27907e-10
6.12988e-10
6.08637e-10
5.94622e-10
5.90513e-10
5.77322e-10
5.73435e-10
5.60997e-10
5.57315e-10
5.45568e-10
5.42075e-10
5.30962e-10
5.27644e-10
5.17116e-10
 5.1396e-10
5.03972e-10
5.00965e-10
4.91477e-10
 4.8861e-10
4.79584e-10
4.76848e-10
4.68252e-10
4.65637e-10
4.57441e-10
 4.5494e-10
4.47116e-10
4.44721e-10
4.37245e-10
 4.3495e-10
4.27799e-10
4.25598e-10
 4.1875e-10
4.16637e-10
4.10075e-10
4.08045e-10
4.01751e-10
3.99799e-10
3.93757e-10
3.91869e-10
