1.97227e-06
  2.459e-07
 3.3822e-07
9.83747e-08
1.30294e-07
5.19211e-08
6.68284e-08
3.17386e-08
3.99367e-08
2.12666e-08
2.62699e-08
1.51765e-08
1.84597e-08
1.13397e-08
 1.3613e-08
8.77496e-09
1.04154e-08
6.98015e-09
8.20338e-09
5.67866e-09
6.59656e-09
1.56751e-07
1.57724e-06
2.84449e-07
7.33454e-07
  1.978e-07
 4.3269e-07
 1.4219e-07
2.88625e-07
1.07106e-07
2.07663e-07
8.37967e-08
1.57308e-07
 6.7534e-08
1.23703e-07
5.57213e-08
 1.0008e-07
4.68546e-08
8.27967e-08
4.00175e-08
6.97425e-08
3.48556e-08
5.93684e-08
 0.00186695
0.000664803
0.000639958
0.000399145
0.000388493
0.000285195
0.000279276
0.000221856
0.000218088
0.000181534
0.000178925
0.000153611
0.000151698
 0.00013313
0.000131667
0.000117466
0.000116311
0.000105098
0.000104162
9.50847e-05
9.42414e-05
 0.00199987
          1
4.51642e-06
1.41831e-06
1.37602e-06
8.28677e-07
8.02492e-07
5.84306e-07
5.66792e-07
4.51153e-07
4.38661e-07
3.67453e-07
3.58103e-07
3.09983e-07
3.02725e-07
2.68082e-07
2.62285e-07
2.36176e-07
 2.3144e-07
2.11068e-07
2.07125e-07
1.90805e-07
1.87322e-07
