1.97227e-06
  2.459e-07
 3.3822e-07
9.83747e-08
1.30294e-07
5.19211e-08
6.68284e-08
3.17386e-08
3.99359e-08
2.12888e-08
2.60692e-08
1.56751e-07
1.57724e-06
2.84449e-07
7.33454e-07
  1.978e-07
 4.3269e-07
 1.4219e-07
2.88625e-07
1.07107e-07
2.07638e-07
8.50509e-08
1.55823e-07
 0.00186695
0.000664803
0.000639958
0.000399145
0.000388493
0.000285195
0.000279276
0.000221856
0.000218088
0.000181543
0.000178475
 0.00199987
          1
4.51642e-06
1.41831e-06
1.37602e-06
8.28677e-07
8.02492e-07
5.84306e-07
5.66792e-07
4.51154e-07
4.38656e-07
3.67595e-07
3.57128e-07
