 1.6233e-06
2.27194e-07
2.87592e-07
9.19968e-08
1.13247e-07
4.89735e-08
5.90249e-08
3.01309e-08
 3.5712e-08
2.03089e-08
2.35589e-08
 1.2452e-07
1.25397e-06
2.52511e-07
5.93169e-07
1.77738e-07
3.54093e-07
1.28703e-07
  2.383e-07
9.74607e-08
 1.7264e-07
7.75018e-08
 1.3039e-07
 0.00186695
0.000664803
0.000639958
0.000399145
0.000388493
0.000285195
0.000279276
0.000221856
0.000218088
0.000181543
0.000178475
 0.00199988
          1
4.35563e-06
1.40989e-06
1.35914e-06
8.26161e-07
7.98957e-07
5.83301e-07
5.66152e-07
 4.5069e-07
4.38839e-07
3.67334e-07
3.57573e-07
