1.62328e-08
2.27301e-09
2.87588e-09
9.19817e-10
1.13245e-09
4.89609e-10
5.90238e-10
3.01265e-10
3.57036e-10
2.02868e-10
2.37272e-10
1.45393e-10
1.68103e-10
1.09004e-10
1.24847e-10
8.45605e-11
9.60818e-11
6.74184e-11
7.60558e-11
5.49526e-11
6.15936e-11
4.56179e-11
 5.0827e-11
3.84465e-11
4.26121e-11
3.28199e-11
3.62057e-11
2.83335e-11
3.11215e-11
2.46943e-11
2.70214e-11
2.17079e-11
2.36683e-11
 1.9227e-11
2.08947e-11
1.71442e-11
1.85742e-11
1.53775e-11
1.66141e-11
1.38692e-11
1.49456e-11
1.25695e-11
1.35118e-11
1.14428e-11
1.22732e-11
1.04596e-11
1.11947e-11
9.59676e-12
1.02509e-11
8.83552e-12
9.42007e-12
8.16061e-12
8.68514e-12
7.55942e-12
  8.032e-12
7.02182e-12
7.44905e-12
6.53916e-12
 6.9266e-12
6.10417e-12
 6.4567e-12
5.71081e-12
6.03256e-12
5.35404e-12
5.64841e-12
 5.0294e-12
5.29947e-12
4.73323e-12
4.98159e-12
4.46225e-12
4.69117e-12
4.21374e-12
4.42522e-12
3.98527e-12
4.18103e-12
3.77479e-12
3.95634e-12
 3.5804e-12
3.74911e-12
3.40058e-12
3.55762e-12
3.23387e-12
 3.3803e-12
3.07905e-12
3.21581e-12
2.93502e-12
3.06294e-12
 2.8008e-12
2.92063e-12
2.67552e-12
2.78793e-12
2.55842e-12
  2.664e-12
2.44879e-12
2.54809e-12
2.34602e-12
2.43953e-12
2.24954e-12
2.33771e-12
2.15887e-12
2.24185e-12
 1.2451e-09
1.25396e-08
2.52663e-09
5.93191e-09
1.77751e-09
3.54082e-09
 1.2869e-09
2.38297e-09
9.74405e-10
 1.7265e-09
7.65484e-10
1.31533e-09
6.18948e-10
1.03934e-09
5.12178e-10
8.44386e-10
4.31745e-10
7.01089e-10
3.69492e-10
 5.9245e-10
3.20294e-10
5.07969e-10
2.80665e-10
4.40875e-10
2.48242e-10
3.86637e-10
2.21339e-10
3.42116e-10
1.98754e-10
3.05092e-10
1.79587e-10
2.73944e-10
1.63172e-10
2.47474e-10
1.48995e-10
2.24775e-10
 1.3666e-10
2.05154e-10
1.25855e-10
1.88068e-10
1.16331e-10
1.73095e-10
 1.0789e-10
1.59892e-10
1.00371e-10
1.48189e-10
9.36413e-11
1.37763e-10
8.75922e-11
1.28431e-10
8.21331e-11
1.20043e-10
7.71882e-11
1.12475e-10
7.26937e-11
1.05622e-10
6.85955e-11
9.93938e-11
6.48472e-11
9.37168e-11
6.14096e-11
8.85265e-11
5.82484e-11
8.37681e-11
5.53343e-11
7.93942e-11
5.26416e-11
7.53638e-11
5.01481e-11
7.16414e-11
4.78342e-11
 6.8196e-11
4.56827e-11
6.50002e-11
4.36785e-11
6.20303e-11
4.18082e-11
5.92651e-11
4.00599e-11
5.66859e-11
 3.8423e-11
5.42762e-11
 3.6888e-11
5.20212e-11
3.54466e-11
4.99078e-11
3.40911e-11
4.79242e-11
3.28147e-11
4.60599e-11
3.16112e-11
4.43052e-11
3.04751e-11
4.26517e-11
2.94013e-11
4.10917e-11
2.83854e-11
 3.9618e-11
 2.7423e-11
3.82244e-11
2.65258e-11
3.68888e-11
0.000186695
6.64803e-05
6.39958e-05
3.99145e-05
3.88493e-05
2.85195e-05
2.79276e-05
2.21856e-05
2.18088e-05
1.81534e-05
1.78925e-05
1.53611e-05
1.51698e-05
 1.3313e-05
1.31667e-05
1.17466e-05
1.16311e-05
1.05098e-05
1.04162e-05
 9.5084e-06
9.43114e-06
8.68112e-06
8.61621e-06
7.98614e-06
7.93085e-06
7.39409e-06
7.34642e-06
6.88366e-06
6.84215e-06
6.43908e-06
6.40259e-06
6.04836e-06
6.01605e-06
5.70229e-06
5.67347e-06
5.39362e-06
5.36775e-06
5.11659e-06
5.09325e-06
4.86659e-06
4.84542e-06
4.63984e-06
4.62054e-06
4.43323e-06
4.41558e-06
4.24421e-06
  4.228e-06
4.07061e-06
4.05567e-06
3.91062e-06
3.89681e-06
3.76271e-06
 3.7499e-06
3.62555e-06
3.61364e-06
3.49802e-06
3.48692e-06
3.37913e-06
3.36875e-06
3.26803e-06
3.25832e-06
3.16399e-06
3.15487e-06
3.06634e-06
3.05777e-06
2.97453e-06
2.96645e-06
2.88804e-06
2.88042e-06
2.80642e-06
2.79921e-06
2.72927e-06
2.72245e-06
2.65623e-06
2.64977e-06
2.58699e-06
2.58085e-06
2.52126e-06
2.51542e-06
2.45876e-06
2.45321e-06
2.39929e-06
2.39399e-06
2.34261e-06
2.33756e-06
2.28853e-06
2.28371e-06
2.23689e-06
2.23228e-06
2.18751e-06
 2.1831e-06
2.14026e-06
2.13603e-06
  2.095e-06
2.09094e-06
 2.0516e-06
2.04771e-06
2.00996e-06
2.00622e-06
1.96996e-06
1.96632e-06
 0.00019999
          1
4.35565e-08
1.40996e-08
1.35913e-08
8.26161e-09
7.98946e-09
5.83298e-09
5.66171e-09
4.50685e-09
4.38852e-09
3.67227e-09
 3.5854e-09
3.09862e-09
3.03217e-09
2.68023e-09
2.62764e-09
2.36153e-09
2.31884e-09
2.11061e-09
 2.0753e-09
1.90797e-09
1.87824e-09
1.74085e-09
1.71549e-09
1.60067e-09
1.57878e-09
 1.4814e-09
 1.4623e-09
1.37869e-09
1.36188e-09
1.28929e-09
1.27438e-09
1.21078e-09
1.19747e-09
1.14128e-09
1.12932e-09
1.07933e-09
1.06853e-09
1.02375e-09
1.01395e-09
9.73619e-10
9.64673e-10
 9.2816e-10
9.19968e-10
8.86753e-10
8.79224e-10
8.48879e-10
8.41936e-10
8.14105e-10
 8.0768e-10
7.82063e-10
7.76102e-10
7.52445e-10
7.46898e-10
7.24984e-10
7.19811e-10
6.99454e-10
6.94617e-10
6.75658e-10
6.71126e-10
6.53424e-10
6.49169e-10
6.32604e-10
6.28601e-10
6.13067e-10
6.09294e-10
5.94697e-10
5.91135e-10
5.77394e-10
5.74026e-10
5.61066e-10
5.57876e-10
5.45634e-10
5.42609e-10
5.31026e-10
5.28153e-10
5.17177e-10
5.14445e-10
5.04031e-10
5.01429e-10
4.91533e-10
4.89053e-10
4.79639e-10
4.77272e-10
4.68304e-10
4.66043e-10
4.57491e-10
4.55329e-10
4.47165e-10
4.45095e-10
4.37292e-10
4.35309e-10
4.27844e-10
4.25942e-10
4.18794e-10
4.16969e-10
4.10118e-10
4.08364e-10
4.01792e-10
4.00106e-10
3.93797e-10
3.92165e-10
