 1.6233e-08
2.27197e-09
2.87594e-09
9.19938e-10
1.13248e-09
4.89737e-10
5.90253e-10
3.01303e-10
 3.5713e-10
2.02919e-10
2.37254e-10
1.45405e-10
1.68079e-10
1.09015e-10
1.24799e-10
8.46012e-11
9.60423e-11
6.74623e-11
7.60277e-11
5.49981e-11
6.14236e-11
 1.2452e-09
1.25398e-08
2.52518e-09
5.93172e-09
1.77734e-09
3.54096e-09
1.28703e-09
2.38302e-09
9.74593e-10
1.72659e-09
7.65635e-10
1.31543e-09
6.19118e-10
 1.0394e-09
5.12263e-10
8.44375e-10
4.31788e-10
7.01066e-10
3.69554e-10
5.92404e-10
3.22077e-10
5.05909e-10
0.000186695
6.64803e-05
6.39958e-05
3.99145e-05
3.88493e-05
2.85195e-05
2.79276e-05
2.21856e-05
2.18088e-05
1.81534e-05
1.78925e-05
1.53611e-05
1.51698e-05
 1.3313e-05
1.31667e-05
1.17466e-05
1.16311e-05
1.05098e-05
1.04162e-05
9.50847e-06
9.42414e-06
 0.00019999
          1
4.35566e-08
1.40992e-08
1.35915e-08
 8.2616e-09
7.98964e-09
5.83306e-09
5.66157e-09
4.50693e-09
4.38846e-09
3.67226e-09
3.58533e-09
3.09868e-09
3.03211e-09
2.68026e-09
 2.6276e-09
2.36153e-09
2.31881e-09
2.11063e-09
2.07527e-09
1.90807e-09
1.87685e-09
