5.99617e-09
1.34475e-09
1.30396e-09
5.92175e-10
5.82253e-10
3.34226e-10
3.31097e-10
2.14664e-10
2.13628e-10
1.49576e-10
1.49241e-10
1.10146e-10
1.10085e-10
8.44721e-11
8.44996e-11
6.67945e-11
6.68599e-11
 5.4052e-11
5.42277e-11
4.46605e-11
4.48442e-11
3.75205e-11
 3.7691e-11
3.19561e-11
3.21137e-11
2.75387e-11
2.76841e-11
2.39728e-11
2.41055e-11
2.10566e-11
2.11764e-11
1.86393e-11
1.87463e-11
1.66137e-11
1.67107e-11
1.48996e-11
1.49869e-11
1.34362e-11
 1.3516e-11
1.21784e-11
1.22498e-11
1.10874e-11
 1.1153e-11
1.01366e-11
1.01962e-11
 9.3023e-12
9.35684e-12
8.56659e-12
8.61647e-12
7.91441e-12
7.96016e-12
7.33357e-12
7.37575e-12
6.81425e-12
6.85304e-12
6.34785e-12
6.38374e-12
5.92758e-12
5.96076e-12
5.54754e-12
5.57831e-12
5.20273e-12
 5.2313e-12
4.88896e-12
4.91558e-12
4.60267e-12
4.62744e-12
4.34064e-12
4.36377e-12
4.10033e-12
4.12197e-12
3.87932e-12
3.89956e-12
3.67565e-12
3.69464e-12
3.48754e-12
3.50537e-12
3.31346e-12
3.33021e-12
3.15204e-12
3.16781e-12
3.00209e-12
3.01695e-12
2.86255e-12
2.87657e-12
2.73248e-12
2.74572e-12
2.61104e-12
2.62356e-12
2.49749e-12
2.50935e-12
2.39117e-12
 2.4024e-12
2.29147e-12
2.30212e-12
2.19785e-12
2.20796e-12
2.10984e-12
2.11944e-12
2.02699e-12
2.03599e-12
3.41209e-10
3.45804e-09
1.15643e-09
1.86878e-09
8.77114e-10
1.21761e-09
6.66798e-10
  8.729e-10
5.23742e-10
6.64112e-10
4.23541e-10
5.26233e-10
 3.5066e-10
4.29544e-10
2.95967e-10
3.58611e-10
2.53774e-10
3.04848e-10
2.20405e-10
2.62995e-10
1.93564e-10
2.29658e-10
1.71603e-10
2.02614e-10
1.53374e-10
1.80329e-10
1.38057e-10
1.61719e-10
1.25043e-10
1.45995e-10
1.13886e-10
1.32575e-10
1.04236e-10
1.21017e-10
9.58264e-11
1.10983e-10
8.84484e-11
1.02208e-10
8.19352e-11
9.44866e-11
7.61531e-11
8.76506e-11
7.09938e-11
8.15667e-11
6.63683e-11
7.61255e-11
6.22038e-11
7.12373e-11
5.84391e-11
6.68276e-11
5.50234e-11
6.28345e-11
5.19137e-11
5.92058e-11
4.90737e-11
5.58973e-11
 4.6472e-11
5.28715e-11
4.40821e-11
5.00962e-11
4.18811e-11
 4.7544e-11
 3.9849e-11
4.51909e-11
3.79685e-11
4.30162e-11
3.62245e-11
4.10019e-11
3.46038e-11
3.91322e-11
3.30947e-11
3.73933e-11
3.16869e-11
 3.5773e-11
3.03715e-11
3.42605e-11
2.91401e-11
3.28461e-11
2.79857e-11
3.15215e-11
2.69018e-11
3.02789e-11
2.58827e-11
2.91115e-11
2.49231e-11
2.80134e-11
2.40183e-11
2.69789e-11
2.31643e-11
2.60032e-11
2.23571e-11
2.50817e-11
2.15933e-11
2.42105e-11
2.08698e-11
2.33858e-11
2.01838e-11
2.26043e-11
1.95325e-11
2.18631e-11
 1.8917e-11
2.11551e-11
0.000186695
6.64803e-05
6.39958e-05
3.99145e-05
3.88493e-05
2.85195e-05
2.79276e-05
2.21856e-05
2.18088e-05
1.81534e-05
1.78925e-05
1.53611e-05
1.51698e-05
 1.3313e-05
1.31667e-05
1.17466e-05
1.16311e-05
1.05098e-05
1.04162e-05
 9.5084e-06
9.43114e-06
8.68112e-06
8.61621e-06
7.98614e-06
7.93085e-06
7.39409e-06
7.34642e-06
6.88366e-06
6.84215e-06
6.43908e-06
6.40259e-06
6.04836e-06
6.01605e-06
5.70229e-06
5.67347e-06
5.39362e-06
5.36775e-06
5.11659e-06
5.09325e-06
4.86659e-06
4.84542e-06
4.63984e-06
4.62054e-06
4.43323e-06
4.41558e-06
4.24421e-06
  4.228e-06
4.07061e-06
4.05567e-06
3.91062e-06
3.89681e-06
3.76271e-06
 3.7499e-06
3.62555e-06
3.61364e-06
3.49802e-06
3.48692e-06
3.37913e-06
3.36875e-06
3.26803e-06
3.25832e-06
3.16399e-06
3.15487e-06
3.06634e-06
3.05777e-06
2.97453e-06
2.96645e-06
2.88804e-06
2.88042e-06
2.80642e-06
2.79921e-06
2.72927e-06
2.72245e-06
2.65623e-06
2.64977e-06
2.58699e-06
2.58085e-06
2.52126e-06
2.51542e-06
2.45876e-06
2.45321e-06
2.39929e-06
2.39399e-06
2.34261e-06
2.33756e-06
2.28853e-06
2.28371e-06
2.23689e-06
2.23228e-06
2.18751e-06
 2.1831e-06
2.14026e-06
2.13603e-06
  2.095e-06
2.09094e-06
 2.0516e-06
2.04771e-06
2.00996e-06
2.00622e-06
1.96996e-06
1.96632e-06
 0.00019999
          1
3.90451e-08
 1.3686e-08
1.30829e-08
8.13066e-09
7.87102e-09
5.77749e-09
5.63206e-09
4.47942e-09
4.38618e-09
 3.6573e-09
3.59235e-09
3.09011e-09
3.04222e-09
2.67519e-09
2.63835e-09
2.35849e-09
2.32922e-09
2.10873e-09
2.08504e-09
1.90685e-09
1.88723e-09
1.74024e-09
1.72371e-09
 1.6004e-09
1.58628e-09
1.48135e-09
1.46915e-09
1.37877e-09
1.36813e-09
1.28948e-09
1.28011e-09
1.21104e-09
1.20273e-09
1.14158e-09
1.13416e-09
1.07966e-09
1.07298e-09
 1.0241e-09
1.01807e-09
9.73967e-10
 9.6849e-10
9.28511e-10
9.23515e-10
8.87102e-10
8.82526e-10
8.49224e-10
8.45017e-10
8.14442e-10
8.10561e-10
7.82393e-10
7.78801e-10
7.52766e-10
7.49432e-10
7.25296e-10
7.22194e-10
6.99756e-10
6.96862e-10
 6.7595e-10
6.73244e-10
6.53707e-10
 6.5117e-10
6.32877e-10
6.30495e-10
6.13331e-10
6.11089e-10
5.94952e-10
5.92839e-10
 5.7764e-10
5.75645e-10
5.61304e-10
5.59417e-10
5.45864e-10
5.44077e-10
5.31248e-10
5.29553e-10
5.17391e-10
5.15781e-10
5.04237e-10
5.02706e-10
4.91733e-10
4.90275e-10
4.79832e-10
4.78442e-10
4.68491e-10
4.67164e-10
4.57672e-10
4.56404e-10
4.47339e-10
4.46127e-10
4.37461e-10
  4.363e-10
4.28008e-10
4.26896e-10
4.18953e-10
4.17886e-10
4.10272e-10
4.09248e-10
4.01941e-10
4.00958e-10
3.93941e-10
3.92985e-10
