5.99605e-09
1.34505e-09
1.30412e-09
5.92279e-10
5.82286e-10
3.34144e-10
3.31052e-10
2.14638e-10
2.13659e-10
1.49475e-10
1.49257e-10
1.10031e-10
1.10103e-10
8.43455e-11
8.45266e-11
6.66884e-11
6.69036e-11
5.40325e-11
5.42496e-11
4.46563e-11
4.47905e-11
3.41299e-10
3.45802e-09
1.15659e-09
1.86905e-09
  8.771e-10
1.21761e-09
6.66855e-10
8.72985e-10
 5.2366e-10
6.64129e-10
4.23362e-10
5.26191e-10
3.50494e-10
4.29479e-10
2.95799e-10
3.58611e-10
  2.536e-10
3.04881e-10
2.20284e-10
2.63021e-10
1.93798e-10
2.29167e-10
0.000186695
6.64803e-05
6.39958e-05
3.99145e-05
3.88493e-05
2.85195e-05
2.79276e-05
2.21856e-05
2.18088e-05
1.81534e-05
1.78925e-05
1.53611e-05
1.51698e-05
 1.3313e-05
1.31667e-05
1.17466e-05
1.16311e-05
1.05098e-05
1.04162e-05
9.50847e-06
9.42414e-06
 0.00019999
          1
3.90452e-08
1.36869e-08
1.30827e-08
8.13074e-09
7.87074e-09
5.77726e-09
5.63205e-09
 4.4792e-09
4.38628e-09
3.65712e-09
3.59246e-09
3.08991e-09
3.04228e-09
  2.675e-09
2.63842e-09
2.35831e-09
2.32932e-09
2.10866e-09
2.08511e-09
1.90682e-09
1.88589e-09
