5.99604e-07
1.34505e-07
1.30411e-07
5.92283e-08
5.82284e-08
3.34146e-08
3.31051e-08
2.14636e-08
2.13658e-08
1.49513e-08
1.48541e-08
3.41298e-08
3.45801e-07
1.15659e-07
1.86905e-07
8.77096e-08
 1.2176e-07
 6.6686e-08
8.72983e-08
 5.2366e-08
6.64095e-08
4.25112e-08
5.23265e-08
 0.00186695
0.000664803
0.000639958
0.000399145
0.000388493
0.000285195
0.000279276
0.000221856
0.000218088
0.000181543
0.000178475
 0.00199989
          1
3.90451e-06
1.36869e-06
1.30827e-06
 8.1307e-07
7.87072e-07
5.77725e-07
5.63203e-07
4.47918e-07
4.38626e-07
3.65746e-07
 3.5833e-07
