8.70772e-08
2.84474e-08
2.64933e-08
1.53717e-08
1.45428e-08
1.00204e-08
9.57157e-09
7.18329e-09
6.90689e-09
5.45886e-09
5.27436e-09
4.31702e-09
4.18679e-09
3.51487e-09
3.41906e-09
2.92628e-09
2.85351e-09
 2.4797e-09
2.42301e-09
2.13176e-09
2.08443e-09
1.38892e-09
1.42658e-08
8.48061e-09
1.13997e-08
8.13815e-09
9.47286e-09
7.30444e-09
8.07979e-09
 6.5109e-09
 7.0229e-09
5.82624e-09
6.19289e-09
5.24608e-09
 5.5238e-09
4.75405e-09
4.97323e-09
4.33411e-09
4.51255e-09
3.97285e-09
4.12173e-09
3.66078e-09
3.78266e-09
 0.00186695
0.000664803
0.000639958
0.000399145
0.000388493
0.000285195
0.000279276
0.000221856
0.000218088
0.000181534
0.000178925
0.000153611
0.000151698
 0.00013313
0.000131667
0.000117466
0.000116311
0.000105098
0.000104162
9.50847e-05
9.42414e-05
  0.0019999
          1
3.74053e-06
1.33242e-06
1.28199e-06
7.99689e-07
7.78073e-07
5.71235e-07
5.59228e-07
4.44276e-07
4.36636e-07
3.63469e-07
 3.5818e-07
 3.0752e-07
3.03643e-07
2.66488e-07
2.63524e-07
2.35111e-07
2.32771e-07
2.10338e-07
2.08444e-07
1.90286e-07
 1.8858e-07
