8.70772e-08
2.84474e-08
2.64933e-08
1.53717e-08
1.45428e-08
1.00204e-08
9.57157e-09
7.18329e-09
6.90688e-09
5.45927e-09
5.25692e-09
1.38892e-09
1.42658e-08
8.48061e-09
1.13997e-08
8.13815e-09
9.47286e-09
7.30444e-09
8.07979e-09
 6.5109e-09
7.02281e-09
5.83216e-09
6.17691e-09
 0.00186695
0.000664803
0.000639958
0.000399145
0.000388493
0.000285195
0.000279276
0.000221856
0.000218088
0.000181543
0.000178475
  0.0019999
          1
3.74053e-06
1.33242e-06
1.28199e-06
7.99689e-07
7.78073e-07
5.71235e-07
5.59228e-07
4.44276e-07
4.36635e-07
3.63487e-07
3.57278e-07
