8.70771e-08
2.84473e-08
2.64933e-08
1.53717e-08
1.45429e-08
1.00205e-08
9.57158e-09
7.18339e-09
6.90696e-09
 5.4589e-09
5.27441e-09
4.31706e-09
4.18679e-09
3.51491e-09
3.41906e-09
 2.9263e-09
2.85351e-09
2.47968e-09
2.42301e-09
2.13173e-09
2.08666e-09
1.85465e-09
1.81816e-09
   1.63e-09
1.60001e-09
1.44505e-09
1.42008e-09
1.29076e-09
1.26976e-09
 1.1606e-09
1.14275e-09
1.04968e-09
1.03438e-09
9.54316e-10
9.41105e-10
8.71685e-10
8.60192e-10
7.99575e-10
7.89517e-10
7.36248e-10
7.27392e-10
6.80306e-10
 6.7247e-10
6.30632e-10
6.23663e-10
5.86307e-10
5.80083e-10
 5.4658e-10
5.40998e-10
5.10827e-10
5.05802e-10
 4.7853e-10
 4.7399e-10
 4.4925e-10
4.45135e-10
4.22619e-10
4.18877e-10
3.98323e-10
3.94911e-10
3.76093e-10
3.72974e-10
  3.557e-10
3.52841e-10
3.36944e-10
3.34317e-10
3.19653e-10
3.17233e-10
3.03676e-10
3.01443e-10
2.88882e-10
2.86817e-10
2.75157e-10
2.73244e-10
2.62398e-10
2.60622e-10
2.50517e-10
2.48865e-10
2.39433e-10
2.37895e-10
2.29077e-10
2.27642e-10
2.19386e-10
2.18045e-10
2.10303e-10
2.09048e-10
2.01778e-10
2.00602e-10
1.93766e-10
1.92663e-10
1.86227e-10
 1.8519e-10
1.79123e-10
1.78148e-10
1.72422e-10
1.71503e-10
1.66093e-10
1.65227e-10
1.60109e-10
1.59292e-10
1.54445e-10
1.53667e-10
1.38906e-09
1.42659e-08
8.48072e-09
   1.14e-08
  8.138e-09
 9.4729e-09
7.30445e-09
8.07985e-09
6.51097e-09
7.02295e-09
5.82631e-09
6.19289e-09
5.24609e-09
5.52381e-09
4.75404e-09
4.97324e-09
4.33407e-09
4.51256e-09
3.97282e-09
4.12175e-09
3.65958e-09
3.78632e-09
3.38594e-09
3.49549e-09
3.14519e-09
3.24114e-09
2.93202e-09
  3.017e-09
2.74217e-09
2.81813e-09
2.57217e-09
2.64063e-09
2.41921e-09
2.48134e-09
2.28096e-09
2.33769e-09
2.15548e-09
2.20756e-09
2.04118e-09
2.08921e-09
1.93668e-09
1.98117e-09
1.84083e-09
 1.8822e-09
1.75266e-09
1.79126e-09
1.67132e-09
1.70744e-09
1.59609e-09
1.62998e-09
1.52633e-09
1.55822e-09
1.46149e-09
1.49157e-09
1.40111e-09
1.42954e-09
1.34476e-09
1.37168e-09
1.29207e-09
1.31761e-09
1.24271e-09
1.26699e-09
 1.1964e-09
1.21951e-09
1.15287e-09
1.17491e-09
 1.1119e-09
1.13294e-09
1.07328e-09
1.09339e-09
1.03681e-09
1.05607e-09
1.00235e-09
 1.0208e-09
9.69734e-10
9.87433e-10
9.38828e-10
9.55824e-10
9.09507e-10
9.25846e-10
8.81662e-10
8.97383e-10
8.55189e-10
8.70329e-10
8.29996e-10
8.44588e-10
8.05996e-10
8.20073e-10
7.83114e-10
7.96703e-10
7.61276e-10
7.74404e-10
7.40417e-10
7.53109e-10
7.20478e-10
7.32756e-10
7.01401e-10
7.13286e-10
6.83136e-10
6.94648e-10
6.65651e-10
6.76752e-10
 0.00186695
0.000664803
0.000639958
0.000399145
0.000388493
0.000285195
0.000279276
0.000221856
0.000218088
0.000181534
0.000178925
0.000153611
0.000151698
 0.00013313
0.000131667
0.000117466
0.000116311
0.000105098
0.000104162
 9.5084e-05
9.43114e-05
8.68112e-05
8.61621e-05
7.98614e-05
7.93085e-05
7.39409e-05
7.34642e-05
6.88366e-05
6.84215e-05
6.43908e-05
6.40259e-05
6.04836e-05
6.01605e-05
5.70229e-05
5.67347e-05
5.39362e-05
5.36775e-05
5.11659e-05
5.09325e-05
4.86659e-05
4.84542e-05
4.63984e-05
4.62054e-05
4.43323e-05
4.41558e-05
4.24421e-05
  4.228e-05
4.07061e-05
4.05567e-05
3.91062e-05
3.89681e-05
3.76271e-05
 3.7499e-05
3.62555e-05
3.61364e-05
3.49802e-05
3.48692e-05
3.37913e-05
3.36875e-05
3.26803e-05
3.25832e-05
3.16399e-05
3.15487e-05
3.06634e-05
3.05777e-05
2.97453e-05
2.96645e-05
2.88804e-05
2.88042e-05
2.80642e-05
2.79921e-05
2.72927e-05
2.72245e-05
2.65623e-05
2.64977e-05
2.58699e-05
2.58085e-05
2.52126e-05
2.51542e-05
2.45876e-05
2.45321e-05
2.39929e-05
2.39399e-05
2.34261e-05
2.33756e-05
2.28853e-05
2.28371e-05
2.23689e-05
2.23228e-05
2.18751e-05
 2.1831e-05
2.14026e-05
2.13603e-05
  2.095e-05
2.09094e-05
 2.0516e-05
2.04771e-05
2.00996e-05
2.00622e-05
1.96996e-05
1.96632e-05
  0.0019999
          1
3.74053e-06
1.33242e-06
1.28199e-06
7.99689e-07
7.78073e-07
5.71235e-07
5.59228e-07
4.44276e-07
4.36635e-07
3.63469e-07
 3.5818e-07
 3.0752e-07
3.03643e-07
2.66488e-07
2.63524e-07
 2.3511e-07
2.32771e-07
2.10338e-07
2.08444e-07
1.90284e-07
 1.8872e-07
1.73718e-07
1.72404e-07
1.59803e-07
1.58683e-07
1.47949e-07
1.46984e-07
 1.3773e-07
 1.3689e-07
 1.2883e-07
1.28092e-07
1.21009e-07
1.20355e-07
1.14082e-07
1.13498e-07
1.07903e-07
 1.0738e-07
1.02359e-07
1.01886e-07
9.73552e-08
9.69269e-08
9.28171e-08
9.24269e-08
8.86825e-08
8.83255e-08
8.48998e-08
8.45719e-08
8.14259e-08
8.11238e-08
7.82245e-08
7.79452e-08
7.52647e-08
7.50057e-08
7.25202e-08
7.22795e-08
6.99684e-08
6.97439e-08
6.75896e-08
6.73798e-08
6.53667e-08
6.51703e-08
 6.3285e-08
6.31007e-08
6.13315e-08
6.11581e-08
5.94945e-08
5.93313e-08
5.77641e-08
  5.761e-08
5.61312e-08
5.59856e-08
5.45877e-08
5.44499e-08
5.31266e-08
5.29959e-08
5.17414e-08
5.16173e-08
5.04263e-08
5.03084e-08
4.91762e-08
 4.9064e-08
4.79864e-08
4.78794e-08
4.68525e-08
4.67504e-08
4.57708e-08
4.56733e-08
4.47376e-08
4.46444e-08
4.37499e-08
4.36608e-08
4.28047e-08
4.27193e-08
4.18993e-08
4.18174e-08
4.10312e-08
4.09526e-08
4.01982e-08
4.01228e-08
3.93982e-08
3.93247e-08
