6.08692e-07
1.89076e-07
1.42607e-07
8.01149e-08
6.50663e-08
4.38714e-08
3.72137e-08
2.75156e-08
2.40184e-08
1.87893e-08
1.67377e-08
1.36047e-08
1.23043e-08
1.02829e-08
9.40964e-09
8.03174e-09
 7.4186e-09
6.43849e-09
5.99187e-09
5.27563e-09
4.88972e-09
 4.4776e-07
  5.456e-07
  3.035e-07
2.98444e-07
  1.995e-07
1.94202e-07
1.41707e-07
1.38516e-07
1.06499e-07
1.04697e-07
8.33694e-08
8.23926e-08
6.72904e-08
 6.6804e-08
5.56169e-08
5.54268e-08
4.68477e-08
 4.6839e-08
4.00768e-08
4.01775e-08
3.47498e-08
3.45265e-08
0.000925383
0.000537285
0.000437762
0.000343229
0.000298436
0.000253679
0.000228019
  0.0002016
0.000184923
0.000167409
0.000155685
0.000143196
0.000134497
0.000125131
0.000118417
0.000111129
0.000105789
9.99534e-05
   9.56e-05
9.08581e-05
8.68695e-05
   0.001999
          1
2.03672e-06
1.12418e-06
9.06495e-07
7.02775e-07
6.07119e-07
5.14283e-07
4.60184e-07
 4.0651e-07
3.71616e-07
3.36481e-07
3.12067e-07
2.87222e-07
2.69165e-07
2.50641e-07
2.36735e-07
 2.2238e-07
2.11336e-07
 1.9988e-07
1.90886e-07
  1.816e-07
1.73399e-07
