6.08692e-07
1.89076e-07
1.42607e-07
8.01151e-08
 6.5066e-08
 4.3872e-08
3.72121e-08
2.75209e-08
2.39975e-08
1.88839e-08
1.62493e-08
4.47759e-07
  5.456e-07
  3.035e-07
2.98444e-07
  1.995e-07
1.94201e-07
1.41708e-07
1.38515e-07
1.06502e-07
1.04688e-07
8.33789e-08
 8.0166e-08
0.000925383
0.000537285
0.000437762
 0.00034323
0.000298435
0.000253681
0.000228013
0.000201621
0.000184839
0.000167791
0.000153769
   0.001999
          1
2.03672e-06
1.12418e-06
9.06495e-07
7.02776e-07
6.07117e-07
5.14288e-07
4.60171e-07
4.06552e-07
3.71448e-07
3.37236e-07
3.08187e-07
