6.08692e-07
1.89076e-07
1.42607e-07
8.01151e-08
6.50664e-08
4.38715e-08
3.72136e-08
2.75156e-08
2.40184e-08
1.87893e-08
1.67377e-08
1.36047e-08
1.23043e-08
1.02829e-08
9.40969e-09
8.03171e-09
7.41864e-09
6.43843e-09
5.99237e-09
5.27099e-09
 4.9369e-09
4.39102e-09
4.13464e-09
3.71189e-09
 3.5111e-09
3.17722e-09
3.01718e-09
2.74901e-09
2.61949e-09
2.40095e-09
2.29473e-09
2.11434e-09
2.02619e-09
1.87561e-09
 1.8017e-09
1.67473e-09
1.61217e-09
1.50414e-09
1.45075e-09
 1.3581e-09
1.31218e-09
1.23213e-09
1.19237e-09
1.12274e-09
1.08809e-09
1.02716e-09
9.96787e-10
9.43179e-10
 9.1641e-10
8.68996e-10
 8.4529e-10
8.03156e-10
7.82067e-10
7.44459e-10
7.25619e-10
6.91916e-10
6.75018e-10
6.44699e-10
6.29487e-10
6.02115e-10
5.88375e-10
5.63582e-10
5.51131e-10
5.28604e-10
5.17286e-10
4.96759e-10
4.86442e-10
4.67685e-10
4.58256e-10
4.41072e-10
4.32432e-10
4.16651e-10
4.08715e-10
3.94189e-10
3.86883e-10
3.73483e-10
3.66743e-10
3.54355e-10
3.48124e-10
3.36649e-10
3.30878e-10
 3.2023e-10
3.14874e-10
3.04975e-10
2.99996e-10
2.90778e-10
2.86142e-10
2.77543e-10
2.73219e-10
2.65186e-10
2.61147e-10
2.53631e-10
2.49852e-10
 2.4281e-10
2.39271e-10
2.32664e-10
2.29343e-10
2.23136e-10
2.20017e-10
 2.1418e-10
2.11166e-10
 4.4776e-07
  5.456e-07
  3.035e-07
2.98444e-07
  1.995e-07
1.94202e-07
1.41707e-07
1.38516e-07
1.06499e-07
1.04697e-07
8.33695e-08
8.23926e-08
6.72904e-08
6.68039e-08
5.56169e-08
5.54268e-08
4.68477e-08
4.68391e-08
4.00766e-08
4.01797e-08
3.47284e-08
   3.49e-08
3.04234e-08
3.06361e-08
2.69018e-08
2.71378e-08
2.39808e-08
2.42288e-08
2.15287e-08
2.17811e-08
1.94484e-08
1.97001e-08
1.76668e-08
1.79147e-08
1.61283e-08
1.63704e-08
1.47898e-08
1.50248e-08
1.36174e-08
1.38446e-08
1.25842e-08
1.28032e-08
1.16685e-08
1.18792e-08
1.08529e-08
1.10554e-08
1.01231e-08
1.03174e-08
9.46708e-09
9.65355e-09
8.87515e-09
9.05403e-09
8.33905e-09
8.51065e-09
7.85183e-09
8.01647e-09
7.40761e-09
7.56562e-09
 7.0014e-09
7.15308e-09
6.62889e-09
6.77456e-09
6.28638e-09
6.42634e-09
5.97069e-09
6.10522e-09
5.67902e-09
5.80841e-09
5.40897e-09
5.53346e-09
 5.1584e-09
5.27825e-09
4.92545e-09
 5.0409e-09
4.70848e-09
4.81975e-09
4.50603e-09
4.61332e-09
4.31681e-09
4.42033e-09
4.13967e-09
 4.2396e-09
3.97359e-09
4.07011e-09
3.81765e-09
3.91091e-09
3.67103e-09
3.76119e-09
3.53298e-09
3.62019e-09
3.40283e-09
3.48723e-09
3.27999e-09
3.36171e-09
3.16391e-09
3.24307e-09
3.05409e-09
 3.1308e-09
2.95008e-09
3.02444e-09
2.85252e-09
2.92124e-09
0.000925383
0.000537285
0.000437762
0.000343229
0.000298436
0.000253679
0.000228019
  0.0002016
0.000184923
0.000167409
0.000155685
0.000143196
0.000134497
0.000125131
0.000118417
0.000111129
0.000105789
 9.9953e-05
9.56036e-05
9.08242e-05
8.72126e-05
8.32258e-05
8.01787e-05
7.68021e-05
7.41965e-05
7.12997e-05
6.90461e-05
6.65334e-05
6.45649e-05
6.23645e-05
6.06302e-05
5.86873e-05
5.71476e-05
5.54194e-05
5.40434e-05
5.24961e-05
5.12589e-05
4.98655e-05
4.87471e-05
4.74857e-05
4.64698e-05
4.53225e-05
4.43956e-05
4.33476e-05
4.24985e-05
4.15374e-05
4.07567e-05
 3.9872e-05
3.91518e-05
3.83349e-05
3.76683e-05
3.69116e-05
 3.6293e-05
3.55901e-05
3.50143e-05
3.43597e-05
3.38225e-05
3.32113e-05
 3.2709e-05
3.21371e-05
3.16663e-05
  3.113e-05
3.06879e-05
 3.0184e-05
 2.9768e-05
2.92936e-05
2.89014e-05
 2.8454e-05
2.80838e-05
2.76612e-05
 2.7311e-05
2.69111e-05
2.65795e-05
2.62006e-05
 2.5886e-05
2.55265e-05
2.52277e-05
 2.4886e-05
2.46019e-05
2.42769e-05
2.40063e-05
2.36967e-05
2.34388e-05
2.31435e-05
2.28973e-05
2.26154e-05
2.23803e-05
2.21108e-05
2.18859e-05
2.16282e-05
2.14129e-05
2.11661e-05
2.09598e-05
2.07232e-05
2.05253e-05
2.02984e-05
2.01085e-05
1.98906e-05
1.97081e-05
1.94988e-05
1.93204e-05
   0.001999
          1
2.03672e-06
1.12418e-06
9.06496e-07
7.02775e-07
6.07119e-07
5.14283e-07
4.60184e-07
 4.0651e-07
3.71616e-07
3.36481e-07
3.12067e-07
2.87222e-07
2.69165e-07
2.50641e-07
2.36735e-07
 2.2238e-07
2.11336e-07
1.99879e-07
1.90893e-07
1.81533e-07
1.74077e-07
1.66284e-07
1.59997e-07
1.53407e-07
1.48033e-07
1.42386e-07
 1.3774e-07
1.32846e-07
1.28789e-07
1.24507e-07
1.20933e-07
1.17155e-07
1.13982e-07
1.10623e-07
1.07788e-07
1.04783e-07
1.02234e-07
 9.9528e-08
 9.7224e-08
9.47755e-08
9.26827e-08
9.04563e-08
8.85468e-08
8.65136e-08
8.47643e-08
8.29002e-08
8.12918e-08
7.95763e-08
7.80924e-08
7.65086e-08
7.51352e-08
7.36684e-08
7.23936e-08
7.10313e-08
6.98449e-08
6.85763e-08
6.74693e-08
6.62851e-08
6.52499e-08
6.41418e-08
6.31715e-08
6.21325e-08
6.12213e-08
 6.0245e-08
5.93877e-08
5.84687e-08
5.76605e-08
5.67938e-08
5.60307e-08
 5.5212e-08
5.44903e-08
5.37158e-08
5.30321e-08
5.22983e-08
5.16498e-08
5.09534e-08
5.03375e-08
4.96758e-08
  4.909e-08
4.84606e-08
4.79027e-08
4.73032e-08
4.67713e-08
4.61996e-08
4.56919e-08
4.51461e-08
4.46611e-08
4.41395e-08
4.36756e-08
4.31766e-08
4.27325e-08
4.22546e-08
4.18291e-08
4.13711e-08
 4.0963e-08
4.05236e-08
4.01318e-08
  3.971e-08
3.93336e-08
3.89284e-08
3.85607e-08
