 2.22156e-06
 2.37001e-07
 3.73234e-07
 9.53091e-08
 1.41825e-07
 5.04931e-08
 7.20219e-08
 3.09547e-08
  4.2713e-08
  2.0789e-08
 2.79258e-08
-1.65273e-15
 1.77718e-06
 2.36995e-07
 8.17514e-07
 1.73346e-07
 4.78763e-07
 1.27067e-07
 3.17646e-07
 9.67744e-08
 2.27595e-07
 7.62705e-08
  1.7183e-07
   0.0019999
 0.000666567
 0.000666567
   0.0003999
   0.0003999
 0.000285614
 0.000285614
 0.000222122
 0.000222122
 0.000181718
 0.000181718
   0.0019999
           1
 4.88799e-06
 1.42184e-06
 1.43962e-06
 8.31014e-07
 8.27269e-07
 5.85905e-07
 5.79701e-07
 4.52307e-07
 4.46505e-07
 3.68323e-07
 3.63349e-07
