2.22156e-06
2.37001e-07
3.73234e-07
9.53094e-08
1.41825e-07
5.04932e-08
7.20217e-08
3.09549e-08
4.27128e-08
 2.0789e-08
2.79257e-08
1.48634e-08
1.95258e-08
1.11232e-08
1.43393e-08
8.61882e-09
1.09323e-08
6.86379e-09
8.58427e-09
5.58844e-09
 6.9031e-09
4.63385e-09
5.66131e-09
3.90157e-09
4.71998e-09
3.32805e-09
3.99065e-09
2.87082e-09
3.41487e-09
2.50066e-09
2.95292e-09
2.19694e-09
2.57699e-09
1.94477e-09
2.26723e-09
1.73319e-09
2.00916e-09
1.55398e-09
1.79201e-09
1.40092e-09
1.60766e-09
1.26917e-09
 1.4499e-09
  1.155e-09
 1.3139e-09
1.05542e-09
1.19588e-09
9.68057e-10
1.09283e-09
8.91013e-10
1.00235e-09
8.22731e-10
9.22503e-10
7.61939e-10
8.51694e-10
7.07586e-10
7.88623e-10
6.58799e-10
7.32214e-10
6.14848e-10
6.81568e-10
5.75117e-10
6.35934e-10
5.39085e-10
5.94676e-10
5.06311e-10
5.57258e-10
4.76414e-10
5.23222e-10
4.49069e-10
4.92175e-10
4.23995e-10
 4.6378e-10
4.00949e-10
4.37745e-10
3.79719e-10
4.13819e-10
3.60119e-10
3.91781e-10
3.41989e-10
3.71439e-10
3.25184e-10
3.52625e-10
3.09581e-10
3.35191e-10
2.95067e-10
3.19005e-10
2.81543e-10
3.03953e-10
2.68923e-10
2.89931e-10
2.57127e-10
2.76849e-10
2.46086e-10
2.64624e-10
2.35737e-10
2.53184e-10
2.26023e-10
2.42464e-10
2.16894e-10
2.32404e-10
7.40217e-14
1.77718e-06
2.36995e-07
8.17514e-07
1.73346e-07
4.78763e-07
1.27067e-07
3.17646e-07
9.67745e-08
2.27594e-07
7.62707e-08
 1.7183e-07
6.17988e-08
1.34748e-07
5.12015e-08
 1.0876e-07
4.31985e-08
8.97962e-08
3.69977e-08
7.55073e-08
3.20886e-08
6.44564e-08
2.81303e-08
5.57228e-08
2.48884e-08
4.86936e-08
 2.2197e-08
4.29471e-08
1.99359e-08
3.81855e-08
1.80164e-08
3.41933e-08
1.63719e-08
3.08111e-08
1.49511e-08
2.79191e-08
1.37146e-08
 2.5426e-08
1.26311e-08
2.32606e-08
1.16761e-08
2.13672e-08
1.08294e-08
1.97016e-08
1.00751e-08
1.82281e-08
9.39997e-09
 1.6918e-08
8.79301e-09
1.57477e-08
8.24521e-09
1.46977e-08
7.74897e-09
1.37518e-08
 7.2979e-09
1.28966e-08
6.88656e-09
1.21207e-08
6.51034e-09
1.14145e-08
6.16528e-09
1.07697e-08
5.84795e-09
1.01794e-08
5.55541e-09
9.63751e-09
 5.2851e-09
9.13879e-09
5.03477e-09
8.67874e-09
4.80247e-09
 8.2534e-09
4.58647e-09
7.85933e-09
4.38525e-09
 7.4935e-09
4.19747e-09
7.15323e-09
4.02193e-09
6.83619e-09
3.85758e-09
6.54026e-09
3.70346e-09
 6.2636e-09
3.55874e-09
6.00455e-09
3.42263e-09
5.76162e-09
3.29447e-09
5.53349e-09
3.17363e-09
5.31896e-09
3.05956e-09
5.11697e-09
2.95174e-09
4.92654e-09
2.84973e-09
 4.7468e-09
 2.7531e-09
4.57695e-09
2.66148e-09
4.41627e-09
  0.0019999
0.000666567
0.000666567
  0.0003999
  0.0003999
0.000285614
0.000285614
0.000222122
0.000222122
0.000181718
0.000181718
0.000153746
0.000153746
0.000133233
0.000133233
0.000117547
0.000117547
0.000105163
0.000105163
9.51381e-05
9.51381e-05
8.68565e-05
8.68565e-05
   7.99e-05
   7.99e-05
7.39741e-05
7.39741e-05
6.88655e-05
6.88655e-05
6.44161e-05
6.44161e-05
6.05061e-05
6.05061e-05
5.70429e-05
5.70429e-05
5.39541e-05
5.39541e-05
5.11821e-05
5.11821e-05
4.86805e-05
4.86805e-05
4.64116e-05
4.64116e-05
4.43444e-05
4.43444e-05
4.24532e-05
4.24532e-05
4.07163e-05
4.07163e-05
3.91157e-05
3.91157e-05
3.76358e-05
3.76358e-05
3.62636e-05
3.62636e-05
3.49877e-05
3.49877e-05
3.37983e-05
3.37983e-05
3.26869e-05
3.26869e-05
 3.1646e-05
 3.1646e-05
3.06692e-05
3.06692e-05
2.97507e-05
2.97507e-05
2.88855e-05
2.88855e-05
 2.8069e-05
 2.8069e-05
2.72973e-05
2.72973e-05
2.65667e-05
2.65667e-05
 2.5874e-05
 2.5874e-05
2.52165e-05
2.52165e-05
2.45914e-05
2.45914e-05
2.39964e-05
2.39964e-05
2.34294e-05
2.34294e-05
2.28885e-05
2.28885e-05
2.23719e-05
2.23719e-05
 2.1878e-05
 2.1878e-05
2.14054e-05
2.14054e-05
2.09526e-05
2.09526e-05
2.05186e-05
2.05186e-05
 2.0102e-05
 2.0102e-05
 1.9702e-05
 1.9702e-05
  0.0019999
          1
4.88799e-06
1.42184e-06
1.43962e-06
8.31014e-07
 8.2727e-07
5.85905e-07
5.79701e-07
4.52307e-07
4.46505e-07
3.68323e-07
3.63349e-07
3.10661e-07
3.06469e-07
2.68626e-07
2.65087e-07
2.36622e-07
2.33613e-07
2.11439e-07
2.08859e-07
1.91106e-07
1.88873e-07
1.74344e-07
1.72395e-07
1.60287e-07
1.58573e-07
1.48329e-07
1.46811e-07
1.38032e-07
1.36678e-07
1.29072e-07
1.27858e-07
1.21205e-07
 1.2011e-07
1.14241e-07
1.13249e-07
1.08034e-07
1.07131e-07
1.02466e-07
1.01641e-07
9.74439e-08
9.66864e-08
9.28906e-08
9.21932e-08
8.87435e-08
8.80993e-08
8.49504e-08
8.43536e-08
8.14679e-08
8.09135e-08
7.82594e-08
 7.7743e-08
7.52936e-08
7.48115e-08
 7.2544e-08
7.20929e-08
6.99879e-08
6.95648e-08
6.76054e-08
6.72079e-08
6.53795e-08
6.50053e-08
6.32951e-08
6.29423e-08
6.13393e-08
 6.1006e-08
5.95004e-08
5.91851e-08
5.77683e-08
5.74696e-08
5.61339e-08
5.58505e-08
5.45893e-08
  5.432e-08
5.31271e-08
5.28709e-08
5.17409e-08
5.14969e-08
5.04251e-08
5.01924e-08
4.91743e-08
4.89522e-08
4.79838e-08
4.77716e-08
4.68494e-08
4.66464e-08
4.57673e-08
4.55729e-08
4.47338e-08
4.45475e-08
4.37458e-08
4.35671e-08
4.28003e-08
4.26287e-08
4.18946e-08
4.17298e-08
4.10264e-08
4.08679e-08
4.01932e-08
4.00407e-08
3.93931e-08
3.92462e-08
