 2.22156e-06
 2.37001e-07
 3.73234e-07
 9.53091e-08
 1.41825e-07
 5.04931e-08
 7.20219e-08
 3.09547e-08
  4.2713e-08
  2.0789e-08
 2.79258e-08
 1.48634e-08
 1.95259e-08
 1.11232e-08
 1.43394e-08
 8.61881e-09
 1.09323e-08
 6.86378e-09
 8.58429e-09
 5.58843e-09
 6.90312e-09
-5.12031e-16
 1.77718e-06
 2.36995e-07
 8.17514e-07
 1.73346e-07
 4.78763e-07
 1.27067e-07
 3.17646e-07
 9.67744e-08
 2.27595e-07
 7.62705e-08
  1.7183e-07
 6.17987e-08
 1.34748e-07
 5.12014e-08
  1.0876e-07
 4.31985e-08
 8.97963e-08
 3.69977e-08
 7.55074e-08
 3.20885e-08
 6.44565e-08
   0.0019999
 0.000666567
 0.000666567
   0.0003999
   0.0003999
 0.000285614
 0.000285614
 0.000222122
 0.000222122
 0.000181718
 0.000181718
 0.000153746
 0.000153746
 0.000133233
 0.000133233
 0.000117547
 0.000117547
 0.000105163
 0.000105163
 9.51381e-05
 9.51381e-05
   0.0019999
           1
 4.88799e-06
 1.42184e-06
 1.43962e-06
 8.31014e-07
 8.27269e-07
 5.85905e-07
 5.79701e-07
 4.52307e-07
 4.46505e-07
 3.68323e-07
 3.63349e-07
 3.10661e-07
 3.06469e-07
 2.68626e-07
 2.65087e-07
 2.36622e-07
 2.33613e-07
 2.11439e-07
 2.08859e-07
 1.91106e-07
 1.88873e-07
