6.07772e-07
1.88891e-07
1.42447e-07
 8.0049e-08
6.50065e-08
4.38402e-08
3.71844e-08
2.74982e-08
2.40017e-08
1.87786e-08
1.67273e-08
1.35977e-08
1.22973e-08
 1.0278e-08
9.40474e-09
8.02819e-09
7.41502e-09
6.43584e-09
5.98917e-09
5.27359e-09
4.88768e-09
4.46918e-07
 5.4462e-07
3.03052e-07
2.97971e-07
1.99233e-07
1.93919e-07
 1.4153e-07
1.38328e-07
1.06372e-07
1.04561e-07
 8.3275e-08
8.22905e-08
6.72169e-08
6.67241e-08
5.55581e-08
5.53626e-08
4.67996e-08
4.67863e-08
4.00367e-08
4.01334e-08
3.47155e-08
3.44898e-08
0.000925383
0.000537285
0.000437762
0.000343229
0.000298436
0.000253679
0.000228019
  0.0002016
0.000184923
0.000167409
0.000155685
0.000143196
0.000134497
0.000125131
0.000118417
0.000111129
0.000105789
9.99534e-05
   9.56e-05
9.08581e-05
8.68695e-05
 0.00199901
          1
2.03639e-06
1.12413e-06
9.06457e-07
7.02763e-07
6.07112e-07
5.14281e-07
4.60184e-07
 4.0651e-07
3.71618e-07
3.36482e-07
3.12069e-07
2.87223e-07
2.69167e-07
2.50643e-07
2.36737e-07
2.22382e-07
2.11338e-07
1.99881e-07
1.90888e-07
1.81601e-07
  1.734e-07
