6.07773e-07
 1.8889e-07
1.42447e-07
 8.0049e-08
6.50067e-08
4.38402e-08
3.71843e-08
2.74982e-08
2.40016e-08
1.87785e-08
1.67272e-08
1.35976e-08
1.22973e-08
 1.0278e-08
 9.4047e-09
 8.0282e-09
7.41497e-09
6.43578e-09
5.98963e-09
5.26894e-09
4.93478e-09
 4.3894e-09
4.13298e-09
3.71061e-09
3.50976e-09
3.17618e-09
3.01609e-09
2.74815e-09
2.61859e-09
2.40024e-09
2.29398e-09
2.11374e-09
2.02556e-09
 1.8751e-09
1.80116e-09
1.67429e-09
1.61171e-09
1.50377e-09
1.45035e-09
1.35777e-09
1.31183e-09
1.23185e-09
1.19206e-09
1.12249e-09
1.08782e-09
1.02694e-09
 9.9655e-10
9.42981e-10
9.16199e-10
8.68819e-10
8.45101e-10
8.02997e-10
7.81897e-10
7.44317e-10
7.25466e-10
6.91787e-10
 6.7488e-10
6.44582e-10
6.29362e-10
 6.0201e-10
5.88261e-10
5.63486e-10
5.51027e-10
5.28516e-10
5.17191e-10
4.96678e-10
4.86355e-10
4.67611e-10
4.58176e-10
4.41004e-10
4.32358e-10
4.16588e-10
4.08647e-10
 3.9413e-10
 3.8682e-10
3.73428e-10
3.66684e-10
3.54304e-10
 3.4807e-10
3.36603e-10
3.30828e-10
3.20186e-10
3.14827e-10
3.04934e-10
2.99952e-10
 2.9074e-10
2.86101e-10
2.77507e-10
 2.7318e-10
2.65152e-10
2.61111e-10
2.53599e-10
2.49818e-10
2.42781e-10
2.39239e-10
2.32636e-10
2.29313e-10
 2.2311e-10
2.19989e-10
2.14156e-10
 2.1114e-10
4.46918e-07
5.44621e-07
3.03052e-07
2.97971e-07
1.99233e-07
1.93919e-07
1.41531e-07
1.38328e-07
1.06373e-07
1.04562e-07
 8.3275e-08
8.22906e-08
6.72169e-08
6.67242e-08
5.55581e-08
5.53627e-08
4.67997e-08
4.67864e-08
4.00365e-08
4.01356e-08
3.46944e-08
3.48625e-08
3.03942e-08
3.06038e-08
2.68765e-08
2.71098e-08
2.39587e-08
2.42042e-08
2.15092e-08
2.17593e-08
 1.9431e-08
1.96807e-08
1.76512e-08
1.78974e-08
1.61143e-08
1.63548e-08
1.47771e-08
1.50106e-08
1.36059e-08
1.38316e-08
1.25736e-08
1.27913e-08
1.16589e-08
1.18684e-08
 1.0844e-08
1.10454e-08
1.01148e-08
1.03082e-08
9.45947e-09
9.64498e-09
8.86808e-09
9.04607e-09
8.33246e-09
8.50323e-09
7.84567e-09
8.00954e-09
7.40186e-09
7.55913e-09
  6.996e-09
7.14699e-09
6.62381e-09
6.76883e-09
 6.2816e-09
6.42095e-09
5.96618e-09
6.10013e-09
5.67477e-09
 5.8036e-09
5.40494e-09
5.52891e-09
5.15458e-09
5.27394e-09
4.92183e-09
 5.0368e-09
4.70503e-09
4.81585e-09
4.50275e-09
4.60962e-09
4.31369e-09
 4.4168e-09
 4.1367e-09
4.23623e-09
3.97075e-09
4.06689e-09
3.81494e-09
3.90784e-09
3.66843e-09
3.75825e-09
3.53049e-09
3.61737e-09
3.40045e-09
3.48453e-09
3.27771e-09
3.35912e-09
3.16171e-09
3.24058e-09
3.05198e-09
3.12841e-09
2.94805e-09
3.02214e-09
2.85056e-09
2.91903e-09
0.000925383
0.000537285
0.000437762
0.000343229
0.000298436
0.000253679
0.000228019
  0.0002016
0.000184923
0.000167409
0.000155685
0.000143196
0.000134497
0.000125131
0.000118417
0.000111129
0.000105789
 9.9953e-05
9.56036e-05
9.08242e-05
8.72126e-05
8.32258e-05
8.01787e-05
7.68021e-05
7.41965e-05
7.12997e-05
6.90461e-05
6.65334e-05
6.45649e-05
6.23645e-05
6.06302e-05
5.86873e-05
5.71476e-05
5.54194e-05
5.40434e-05
5.24961e-05
5.12589e-05
4.98655e-05
4.87471e-05
4.74857e-05
4.64698e-05
4.53225e-05
4.43956e-05
4.33476e-05
4.24985e-05
4.15374e-05
4.07567e-05
 3.9872e-05
3.91518e-05
3.83349e-05
3.76683e-05
3.69116e-05
 3.6293e-05
3.55901e-05
3.50143e-05
3.43597e-05
3.38225e-05
3.32113e-05
 3.2709e-05
3.21371e-05
3.16663e-05
  3.113e-05
3.06879e-05
 3.0184e-05
 2.9768e-05
2.92936e-05
2.89014e-05
 2.8454e-05
2.80838e-05
2.76612e-05
 2.7311e-05
2.69111e-05
2.65795e-05
2.62006e-05
 2.5886e-05
2.55265e-05
2.52277e-05
 2.4886e-05
2.46019e-05
2.42769e-05
2.40063e-05
2.36967e-05
2.34388e-05
2.31435e-05
2.28973e-05
2.26154e-05
2.23803e-05
2.21108e-05
2.18859e-05
2.16282e-05
2.14129e-05
2.11661e-05
2.09598e-05
2.07232e-05
2.05253e-05
2.02984e-05
2.01085e-05
1.98906e-05
1.97081e-05
1.94988e-05
1.93204e-05
 0.00199901
          1
2.03639e-06
1.12413e-06
9.06456e-07
7.02763e-07
6.07111e-07
5.14281e-07
4.60183e-07
 4.0651e-07
3.71618e-07
3.36482e-07
3.12069e-07
2.87223e-07
2.69167e-07
2.50643e-07
2.36737e-07
2.22382e-07
2.11338e-07
 1.9988e-07
1.90895e-07
1.81534e-07
1.74079e-07
1.66285e-07
1.59999e-07
1.53408e-07
1.48035e-07
1.42387e-07
1.37741e-07
1.32847e-07
 1.2879e-07
1.24508e-07
1.20934e-07
1.17155e-07
1.13983e-07
1.10624e-07
1.07789e-07
1.04783e-07
1.02235e-07
9.95286e-08
9.72248e-08
9.47761e-08
9.26834e-08
9.04568e-08
8.85475e-08
8.65141e-08
8.47649e-08
8.29006e-08
8.12923e-08
7.95767e-08
7.80929e-08
 7.6509e-08
7.51357e-08
7.36688e-08
7.23941e-08
7.10317e-08
6.98453e-08
6.85766e-08
6.74698e-08
6.62854e-08
6.52502e-08
 6.4142e-08
6.31719e-08
6.21328e-08
6.12216e-08
6.02453e-08
 5.9388e-08
5.84689e-08
5.76608e-08
5.67941e-08
 5.6031e-08
5.52123e-08
5.44906e-08
 5.3716e-08
5.30324e-08
5.22985e-08
  5.165e-08
5.09536e-08
5.03377e-08
 4.9676e-08
4.90902e-08
4.84608e-08
4.79029e-08
4.73033e-08
4.67715e-08
4.61997e-08
4.56921e-08
4.51463e-08
4.46613e-08
4.41396e-08
4.36758e-08
4.31767e-08
4.27327e-08
4.22548e-08
4.18293e-08
4.13712e-08
4.09631e-08
4.05238e-08
 4.0132e-08
3.97101e-08
3.93338e-08
3.89285e-08
3.85609e-08
