6.07772e-07
 1.8889e-07
1.42447e-07
8.00492e-08
6.50061e-08
4.38408e-08
3.71827e-08
2.75036e-08
2.39808e-08
1.88731e-08
1.62393e-08
4.46918e-07
 5.4462e-07
3.03052e-07
2.97971e-07
1.99233e-07
1.93919e-07
1.41531e-07
1.38326e-07
1.06376e-07
1.04553e-07
8.32833e-08
 8.0068e-08
0.000925383
0.000537285
0.000437762
 0.00034323
0.000298435
0.000253681
0.000228013
0.000201621
0.000184839
0.000167791
0.000153769
 0.00199901
          1
2.03638e-06
1.12413e-06
9.06457e-07
7.02763e-07
 6.0711e-07
5.14285e-07
4.60171e-07
4.06553e-07
 3.7145e-07
3.37237e-07
3.08189e-07
