5.98738e-07
1.87057e-07
1.40874e-07
7.93992e-08
6.44168e-08
4.35324e-08
3.68932e-08
2.73321e-08
2.38163e-08
1.87667e-08
1.61414e-08
4.38662e-07
5.34997e-07
2.98644e-07
2.93329e-07
1.96606e-07
1.91144e-07
1.39789e-07
 1.3647e-07
1.05134e-07
1.03222e-07
8.23414e-08
7.91037e-08
0.000925383
0.000537285
0.000437762
 0.00034323
0.000298435
0.000253681
0.000228013
0.000201621
0.000184839
0.000167791
0.000153769
 0.00199902
          1
2.03309e-06
1.12359e-06
9.06083e-07
 7.0264e-07
 6.0704e-07
5.14257e-07
4.60169e-07
4.06554e-07
3.71467e-07
3.37247e-07
3.08212e-07
