1.22499e-08
2.44629e-09
2.33616e-09
9.84272e-10
9.59654e-10
5.21306e-10
5.14186e-10
3.19184e-10
3.17167e-10
2.14096e-10
2.13815e-10
1.52885e-10
1.53148e-10
1.14289e-10
1.14734e-10
8.83932e-11
8.89528e-11
7.03375e-11
 7.0818e-11
5.71762e-11
5.76774e-11
4.73654e-11
4.78091e-11
3.98489e-11
4.02384e-11
3.39685e-11
3.43076e-11
 2.9281e-11
2.95764e-11
2.54923e-11
2.57493e-11
 2.2382e-11
 2.2609e-11
1.98015e-11
2.00024e-11
1.76371e-11
1.78175e-11
1.58053e-11
1.59651e-11
1.42435e-11
1.43852e-11
1.28971e-11
1.30254e-11
1.17319e-11
1.18475e-11
1.07163e-11
1.08207e-11
9.82547e-12
9.92009e-12
9.04018e-12
9.12636e-12
8.34447e-12
8.42303e-12
7.72536e-12
7.79726e-12
7.17199e-12
7.23787e-12
6.67553e-12
6.73606e-12
6.22835e-12
6.28414e-12
5.82427e-12
5.87575e-12
5.45797e-12
 5.5056e-12
5.12479e-12
5.16897e-12
4.82102e-12
4.86204e-12
4.54329e-12
4.58141e-12
 4.2886e-12
4.32417e-12
4.05465e-12
4.08782e-12
3.83916e-12
3.87018e-12
3.64026e-12
 3.6693e-12
3.45634e-12
3.48356e-12
3.28589e-12
3.31144e-12
3.12766e-12
3.15168e-12
2.98051e-12
3.00312e-12
2.84343e-12
2.86474e-12
2.71553e-12
2.73563e-12
2.59602e-12
  2.615e-12
2.48417e-12
2.50212e-12
2.37935e-12
2.39634e-12
2.28098e-12
2.29708e-12
2.18857e-12
2.20308e-12
4.75983e-09
1.01229e-08
3.63553e-09
4.98377e-09
2.36797e-09
3.04877e-09
1.66078e-09
 2.0861e-09
1.23444e-09
1.52986e-09
9.57589e-10
1.17636e-09
7.67012e-10
9.36409e-10
 6.2992e-10
7.65236e-10
5.27666e-10
6.38534e-10
4.49273e-10
5.41836e-10
3.87704e-10
4.66256e-10
3.38385e-10
 4.0595e-10
2.98243e-10
3.56992e-10
2.65086e-10
3.16664e-10
2.37354e-10
2.83014e-10
2.13908e-10
2.54623e-10
1.93893e-10
2.30432e-10
1.76657e-10
2.09638e-10
  1.617e-10
1.91625e-10
 1.4863e-10
1.75908e-10
1.37138e-10
1.62108e-10
1.26975e-10
1.49919e-10
 1.1794e-10
1.39098e-10
1.09868e-10
1.29443e-10
1.02626e-10
 1.2079e-10
9.61019e-11
1.13002e-10
9.02014e-11
1.05967e-10
8.48466e-11
 9.9589e-11
7.99708e-11
9.37869e-11
7.55177e-11
8.84927e-11
 7.1439e-11
8.36478e-11
 6.7693e-11
 7.9202e-11
6.42439e-11
7.51119e-11
6.10607e-11
  7.134e-11
5.81162e-11
6.78537e-11
5.53866e-11
6.46243e-11
5.28513e-11
6.16268e-11
5.04919e-11
5.88393e-11
4.82923e-11
5.62422e-11
 4.6238e-11
5.38184e-11
4.43163e-11
5.15524e-11
4.25159e-11
4.94308e-11
4.08266e-11
4.74413e-11
3.92393e-11
 4.5573e-11
3.77458e-11
4.38161e-11
3.63387e-11
4.21617e-11
3.50114e-11
 4.0602e-11
3.37578e-11
3.91298e-11
3.25726e-11
3.77385e-11
3.14506e-11
3.64219e-11
3.04224e-11
3.51338e-11
0.000137392
6.26009e-05
5.39102e-05
3.82416e-05
 3.4473e-05
2.75866e-05
2.54773e-05
2.15904e-05
2.02412e-05
1.77406e-05
 1.6803e-05
 1.5058e-05
1.43684e-05
 1.3081e-05
1.25525e-05
1.15633e-05
1.11453e-05
1.03613e-05
1.00224e-05
9.38569e-06
9.10536e-06
  8.578e-06
8.34227e-06
7.89828e-06
7.69728e-06
7.31833e-06
7.14492e-06
6.81767e-06
6.66653e-06
6.38108e-06
6.24817e-06
  5.997e-06
5.87921e-06
5.65647e-06
5.55137e-06
 5.3525e-06
5.25813e-06
5.07949e-06
4.99429e-06
4.83294e-06
4.75564e-06
4.60918e-06
4.53872e-06
4.40519e-06
4.34071e-06
4.21845e-06
4.15922e-06
4.04688e-06
3.99228e-06
3.88869e-06
3.83819e-06
3.74237e-06
3.69554e-06
3.60664e-06
3.56309e-06
3.48039e-06
3.43978e-06
3.36266e-06
 3.3247e-06
3.25261e-06
3.21706e-06
3.14952e-06
3.11615e-06
3.05274e-06
3.02136e-06
2.96172e-06
2.93215e-06
2.87595e-06
2.84805e-06
  2.795e-06
2.76862e-06
2.71846e-06
2.69348e-06
2.64599e-06
 2.6223e-06
2.57727e-06
2.55478e-06
2.51201e-06
2.49063e-06
2.44997e-06
2.42962e-06
2.39091e-06
2.37151e-06
2.33461e-06
2.31611e-06
 2.2809e-06
2.26322e-06
2.22959e-06
2.21269e-06
2.18053e-06
2.16436e-06
2.13357e-06
2.11808e-06
2.08859e-06
2.07373e-06
2.04545e-06
 2.0312e-06
2.00405e-06
1.99036e-06
1.96429e-06
1.95095e-06
0.000199985
          1
3.20058e-08
1.32997e-08
1.13991e-08
7.90243e-09
7.07456e-09
5.62672e-09
5.16071e-09
4.37227e-09
4.07274e-09
3.57726e-09
3.36812e-09
  3.028e-09
 2.8735e-09
2.62567e-09
2.50669e-09
2.31798e-09
2.22357e-09
2.07509e-09
1.99831e-09
1.87845e-09
1.81473e-09
1.71591e-09
 1.6622e-09
1.57933e-09
1.53343e-09
1.46291e-09
1.42324e-09
1.36252e-09
1.32787e-09
1.27503e-09
1.24452e-09
1.19811e-09
1.17103e-09
1.12995e-09
1.10575e-09
1.06913e-09
1.04738e-09
1.01453e-09
9.94869e-10
9.65234e-10
9.47374e-10
9.20506e-10
9.04212e-10
8.79737e-10
8.64811e-10
8.42425e-10
8.28702e-10
8.08148e-10
7.95487e-10
7.76548e-10
7.64831e-10
7.47323e-10
7.36448e-10
7.20217e-10
7.10095e-10
6.95004e-10
6.85561e-10
6.71495e-10
6.62664e-10
6.49522e-10
6.41245e-10
6.28938e-10
6.21166e-10
6.09617e-10
6.02303e-10
5.91445e-10
5.84551e-10
5.74322e-10
5.67813e-10
5.58161e-10
5.52004e-10
5.42882e-10
 5.3705e-10
5.28415e-10
5.22883e-10
5.14697e-10
5.09443e-10
5.01671e-10
4.96674e-10
4.89286e-10
4.84528e-10
4.77496e-10
 4.7296e-10
4.66259e-10
4.61929e-10
4.55537e-10
  4.514e-10
4.45295e-10
4.41339e-10
4.35502e-10
4.31715e-10
4.26129e-10
  4.225e-10
4.17149e-10
4.13668e-10
4.08539e-10
4.05197e-10
4.00275e-10
3.97065e-10
3.92338e-10
3.89218e-10
