5.98738e-07
1.87057e-07
1.40874e-07
 7.9399e-08
6.44171e-08
4.35318e-08
3.68947e-08
2.73269e-08
2.38368e-08
1.86733e-08
1.66241e-08
1.35282e-08
1.22283e-08
1.02297e-08
9.35624e-09
7.99324e-09
7.37961e-09
6.40971e-09
5.96252e-09
5.25349e-09
4.86752e-09
4.38662e-07
5.34997e-07
2.98644e-07
2.93329e-07
1.96606e-07
1.91145e-07
1.39788e-07
1.36471e-07
1.05131e-07
1.03228e-07
8.23451e-08
8.12852e-08
 6.6494e-08
6.59381e-08
5.49797e-08
5.47308e-08
4.63262e-08
4.62671e-08
3.96418e-08
3.96993e-08
3.43783e-08
3.41278e-08
0.000925383
0.000537285
0.000437762
0.000343229
0.000298436
0.000253679
0.000228019
  0.0002016
0.000184923
0.000167409
0.000155685
0.000143196
0.000134497
0.000125131
0.000118417
0.000111129
0.000105789
9.99534e-05
   9.56e-05
9.08581e-05
8.68695e-05
 0.00199902
          1
2.03309e-06
1.12359e-06
9.06084e-07
7.02639e-07
6.07041e-07
5.14253e-07
4.60182e-07
4.06512e-07
3.71635e-07
3.36494e-07
3.12091e-07
2.87238e-07
2.69189e-07
2.50657e-07
2.36758e-07
2.22396e-07
2.11358e-07
1.99894e-07
1.90906e-07
1.81613e-07
1.73416e-07
