5.22132e-07
1.70993e-07
 1.2734e-07
7.36701e-08
 5.9305e-08
4.08027e-08
3.43679e-08
2.58096e-08
2.23746e-08
1.78192e-08
 1.5279e-08
3.69072e-07
 4.5366e-07
2.60772e-07
  2.538e-07
1.73905e-07
1.67412e-07
 1.2468e-07
1.20544e-07
9.43419e-08
9.17767e-08
7.41542e-08
7.07852e-08
0.000925383
0.000537285
0.000437762
 0.00034323
0.000298435
0.000253681
0.000228013
0.000201621
0.000184839
0.000167791
0.000153769
 0.00199916
          1
2.00523e-06
1.11885e-06
9.02845e-07
7.01505e-07
6.06393e-07
5.13975e-07
4.60123e-07
4.06538e-07
3.71596e-07
3.37319e-07
 3.0839e-07
