5.22132e-07
1.70993e-07
 1.2734e-07
7.36699e-08
5.93053e-08
4.08022e-08
3.43693e-08
2.58049e-08
2.23929e-08
1.77352e-08
1.57176e-08
 1.2908e-08
1.16204e-08
9.79784e-09
8.92821e-09
7.68021e-09
7.06653e-09
6.17544e-09
5.72651e-09
5.07312e-09
4.68858e-09
3.69072e-07
 4.5366e-07
2.60772e-07
2.53801e-07
1.73905e-07
1.67412e-07
 1.2468e-07
1.20544e-07
9.43427e-08
9.17646e-08
 7.4249e-08
7.26241e-08
6.01902e-08
5.91566e-08
4.99301e-08
4.92731e-08
 4.2189e-08
4.17779e-08
3.61891e-08
3.59427e-08
3.14299e-08
3.09902e-08
0.000925383
0.000537285
0.000437762
0.000343229
0.000298436
0.000253679
0.000228019
  0.0002016
0.000184923
0.000167409
0.000155685
0.000143196
0.000134497
0.000125131
0.000118417
0.000111129
0.000105789
9.99534e-05
   9.56e-05
9.08581e-05
8.68695e-05
 0.00199916
          1
2.00523e-06
1.11885e-06
9.02846e-07
7.01504e-07
6.06395e-07
5.13971e-07
4.60135e-07
4.06497e-07
3.71761e-07
3.36572e-07
3.12266e-07
2.87347e-07
 2.6937e-07
2.50774e-07
 2.3693e-07
 2.2251e-07
2.11516e-07
2.00001e-07
 1.9105e-07
1.81712e-07
1.73545e-07
