5.22133e-07
1.70993e-07
 1.2734e-07
  7.367e-08
5.93052e-08
4.08023e-08
3.43692e-08
 2.5805e-08
 2.2393e-08
1.77352e-08
1.57176e-08
 1.2908e-08
1.16205e-08
9.79782e-09
8.92824e-09
7.68018e-09
7.06656e-09
6.17537e-09
5.72697e-09
5.06894e-09
4.73175e-09
4.23242e-09
3.97275e-09
3.58511e-09
3.38106e-09
3.07425e-09
2.91113e-09
2.66423e-09
2.53187e-09
 2.3303e-09
2.22149e-09
2.05484e-09
1.96434e-09
1.82503e-09
1.74899e-09
1.63137e-09
1.56688e-09
 1.4667e-09
1.41155e-09
1.32553e-09
1.27803e-09
1.20363e-09
1.16242e-09
1.09766e-09
1.06169e-09
1.00497e-09
9.73396e-10
9.23446e-10
8.95585e-10
8.51374e-10
 8.2667e-10
7.87353e-10
 7.6535e-10
7.30235e-10
7.10554e-10
6.79066e-10
6.61395e-10
6.33051e-10
6.17127e-10
5.91525e-10
5.77127e-10
5.53925e-10
5.40865e-10
5.19773e-10
5.07891e-10
4.88663e-10
4.77822e-10
4.60244e-10
4.50328e-10
4.34218e-10
4.25124e-10
4.10323e-10
4.01965e-10
3.88335e-10
3.80634e-10
3.68057e-10
3.60947e-10
3.49316e-10
3.42739e-10
3.31962e-10
3.25866e-10
3.15861e-10
3.10201e-10
3.00897e-10
2.95632e-10
2.86966e-10
 2.8206e-10
2.73974e-10
2.69396e-10
 2.6184e-10
2.57561e-10
2.50489e-10
2.46484e-10
2.39857e-10
2.36103e-10
2.29884e-10
2.26361e-10
2.20517e-10
2.17206e-10
2.11709e-10
2.08518e-10
3.69073e-07
 4.5366e-07
2.60772e-07
  2.538e-07
1.73906e-07
1.67412e-07
1.24679e-07
1.20544e-07
9.43426e-08
9.17648e-08
 7.4249e-08
7.26242e-08
6.01902e-08
5.91567e-08
4.99301e-08
4.92732e-08
4.21889e-08
 4.1778e-08
3.61891e-08
3.59424e-08
3.14348e-08
3.12996e-08
2.75967e-08
2.75384e-08
 2.4449e-08
2.44441e-08
2.18322e-08
2.18644e-08
1.96308e-08
 1.9689e-08
1.77596e-08
1.78357e-08
1.61543e-08
1.62426e-08
1.47658e-08
1.48623e-08
 1.3556e-08
1.36575e-08
1.24948e-08
1.25993e-08
1.15584e-08
1.16642e-08
1.07275e-08
1.08334e-08
9.98658e-09
1.00918e-08
9.32281e-09
9.42667e-09
8.72562e-09
 8.8277e-09
8.18623e-09
8.28621e-09
7.69726e-09
7.79494e-09
7.25249e-09
7.34772e-09
6.84664e-09
6.93935e-09
6.47522e-09
6.56537e-09
6.13435e-09
6.22194e-09
5.82072e-09
5.90576e-09
5.53143e-09
5.61396e-09
5.26399e-09
5.34406e-09
5.01621e-09
5.09387e-09
4.78616e-09
4.86149e-09
4.57216e-09
4.64523e-09
4.37273e-09
 4.4436e-09
4.18654e-09
4.25529e-09
4.01243e-09
4.07913e-09
3.84936e-09
3.91407e-09
3.69638e-09
3.75919e-09
3.55268e-09
3.61365e-09
 3.4175e-09
 3.4767e-09
3.29017e-09
3.34767e-09
3.17007e-09
3.22593e-09
3.05667e-09
3.11096e-09
2.94947e-09
3.00223e-09
  2.848e-09
 2.8993e-09
2.75187e-09
2.80176e-09
 2.6614e-09
2.70731e-09
0.000925383
0.000537285
0.000437762
0.000343229
0.000298436
0.000253679
0.000228019
  0.0002016
0.000184923
0.000167409
0.000155685
0.000143196
0.000134497
0.000125131
0.000118417
0.000111129
0.000105789
 9.9953e-05
9.56036e-05
9.08242e-05
8.72126e-05
8.32258e-05
8.01787e-05
7.68021e-05
7.41965e-05
7.12997e-05
6.90461e-05
6.65334e-05
6.45649e-05
6.23645e-05
6.06302e-05
5.86873e-05
5.71476e-05
5.54194e-05
5.40434e-05
5.24961e-05
5.12589e-05
4.98655e-05
4.87471e-05
4.74857e-05
4.64698e-05
4.53225e-05
4.43956e-05
4.33476e-05
4.24985e-05
4.15374e-05
4.07567e-05
 3.9872e-05
3.91518e-05
3.83349e-05
3.76683e-05
3.69116e-05
 3.6293e-05
3.55901e-05
3.50143e-05
3.43597e-05
3.38225e-05
3.32113e-05
 3.2709e-05
3.21371e-05
3.16663e-05
  3.113e-05
3.06879e-05
 3.0184e-05
 2.9768e-05
2.92936e-05
2.89014e-05
 2.8454e-05
2.80838e-05
2.76612e-05
 2.7311e-05
2.69111e-05
2.65795e-05
2.62006e-05
 2.5886e-05
2.55265e-05
2.52277e-05
 2.4886e-05
2.46019e-05
2.42769e-05
2.40063e-05
2.36967e-05
2.34388e-05
2.31435e-05
2.28973e-05
2.26154e-05
2.23803e-05
2.21108e-05
2.18859e-05
2.16282e-05
2.14129e-05
2.11661e-05
2.09598e-05
2.07232e-05
2.05253e-05
2.02984e-05
2.01085e-05
1.98906e-05
1.97081e-05
1.94988e-05
1.93204e-05
 0.00199916
          1
2.00523e-06
1.11885e-06
9.02845e-07
7.01504e-07
6.06395e-07
5.13971e-07
4.60135e-07
4.06497e-07
3.71761e-07
3.36572e-07
3.12266e-07
2.87347e-07
 2.6937e-07
2.50774e-07
 2.3693e-07
2.22509e-07
2.11516e-07
      2e-07
1.91057e-07
1.81645e-07
1.74225e-07
1.66387e-07
1.60131e-07
1.53502e-07
1.48155e-07
1.42473e-07
1.37851e-07
1.32926e-07
 1.2889e-07
1.24581e-07
1.21025e-07
1.17223e-07
1.14067e-07
1.10686e-07
1.07866e-07
1.04841e-07
1.02306e-07
9.95823e-08
9.72907e-08
9.48261e-08
9.27446e-08
9.05035e-08
8.86045e-08
8.65578e-08
8.48182e-08
8.29416e-08
8.13422e-08
7.96152e-08
7.81397e-08
7.65452e-08
7.51796e-08
 7.3703e-08
7.24355e-08
 7.1064e-08
6.98844e-08
6.86072e-08
6.75067e-08
6.63144e-08
6.52852e-08
6.41696e-08
 6.3205e-08
6.21589e-08
6.12531e-08
6.02702e-08
5.94179e-08
5.84927e-08
5.76893e-08
5.68168e-08
5.60582e-08
 5.5234e-08
5.45165e-08
5.37368e-08
5.30572e-08
5.23184e-08
5.16738e-08
5.09727e-08
5.03605e-08
4.96944e-08
4.91121e-08
4.84783e-08
4.79239e-08
4.73203e-08
4.67917e-08
 4.6216e-08
4.57115e-08
 4.5162e-08
4.46799e-08
4.41547e-08
4.36937e-08
4.31913e-08
  4.275e-08
4.22689e-08
 4.1846e-08
4.13849e-08
4.09793e-08
4.05369e-08
4.01476e-08
3.97229e-08
3.93489e-08
3.89409e-08
3.85754e-08
