 2.3924e-07
9.88882e-08
7.19316e-08
4.67676e-08
3.71164e-08
 2.7563e-08
2.29642e-08
1.82409e-08
1.56688e-08
1.30287e-08
1.11399e-08
1.25952e-07
1.63539e-07
1.11146e-07
1.05051e-07
8.06772e-08
7.51323e-08
 6.1144e-08
5.71962e-08
 4.8196e-08
4.54258e-08
3.89792e-08
3.64416e-08
0.000925383
0.000537285
0.000437762
 0.00034323
0.000298435
0.000253681
0.000228013
0.000201621
0.000184839
0.000167791
0.000153769
 0.00199965
          1
1.90623e-06
1.09663e-06
8.89063e-07
6.95211e-07
6.02751e-07
5.11788e-07
4.59137e-07
4.05785e-07
3.71513e-07
3.37146e-07
3.08659e-07
