4.08642e-09
1.23963e-09
1.00561e-09
5.56843e-10
4.76952e-10
3.17815e-10
 2.8127e-10
 2.0579e-10
1.86159e-10
1.44172e-10
1.32377e-10
1.06607e-10
9.89666e-11
8.20076e-11
7.68174e-11
6.50359e-11
6.13797e-11
5.28968e-11
5.00754e-11
4.38025e-11
 4.1655e-11
3.68507e-11
 3.5191e-11
3.14215e-11
3.01174e-11
2.71129e-11
2.60627e-11
 2.3625e-11
2.27719e-11
2.07678e-11
2.00657e-11
1.83969e-11
1.78127e-11
1.64096e-11
1.59155e-11
1.47254e-11
1.43077e-11
1.32865e-11
 1.2928e-11
1.20489e-11
1.17396e-11
1.09745e-11
1.07061e-11
1.00379e-11
9.80316e-12
9.21539e-12
 9.0092e-12
 8.4896e-12
8.30742e-12
7.84599e-12
7.68429e-12
7.27245e-12
7.12844e-12
6.75943e-12
6.63039e-12
6.29856e-12
6.18269e-12
5.88307e-12
5.77854e-12
5.50721e-12
5.41266e-12
5.16607e-12
 5.0803e-12
4.85563e-12
4.77746e-12
4.57213e-12
4.50085e-12
 4.3127e-12
4.24746e-12
4.07466e-12
 4.0148e-12
 3.8557e-12
3.80066e-12
3.65387e-12
3.60314e-12
3.46741e-12
3.42056e-12
3.29482e-12
3.25146e-12
3.13474e-12
3.09455e-12
2.98601e-12
2.94868e-12
2.84758e-12
2.81285e-12
2.71852e-12
2.68615e-12
2.59801e-12
 2.5678e-12
 2.4853e-12
2.45706e-12
2.37975e-12
2.35331e-12
2.28076e-12
2.25598e-12
2.18779e-12
2.16453e-12
2.10038e-12
2.07852e-12
2.01809e-12
1.99709e-12
1.13496e-09
2.49848e-09
1.26589e-09
1.44905e-09
9.16124e-10
9.81997e-10
6.87084e-10
7.22557e-10
5.36354e-10
5.60013e-10
4.32363e-10
4.49941e-10
3.57413e-10
3.71264e-10
3.01405e-10
3.12749e-10
2.58202e-10
 2.6781e-10
2.24271e-10
2.32464e-10
 1.9693e-10
2.04085e-10
1.74565e-10
1.80891e-10
1.56003e-10
1.61654e-10
1.40412e-10
1.45497e-10
1.27169e-10
1.31777e-10
1.15814e-10
1.20013e-10
1.05994e-10
1.09841e-10
9.74374e-11
1.00975e-10
8.99314e-11
9.31989e-11
8.33041e-11
8.63323e-11
7.74224e-11
8.02372e-11
7.21734e-11
7.47978e-11
6.74682e-11
6.99214e-11
6.32319e-11
6.55305e-11
5.94024e-11
6.15612e-11
5.59281e-11
5.79597e-11
5.27651e-11
5.46808e-11
4.98764e-11
 5.1686e-11
4.72302e-11
4.89426e-11
4.47996e-11
4.64224e-11
 4.2561e-11
4.41014e-11
4.04943e-11
4.19585e-11
3.85819e-11
3.99754e-11
3.68083e-11
3.81363e-11
3.51601e-11
3.64272e-11
3.36255e-11
3.48359e-11
 3.2194e-11
3.33514e-11
3.08563e-11
3.19643e-11
2.96043e-11
3.06658e-11
2.84305e-11
2.94486e-11
2.73284e-11
2.83057e-11
2.62921e-11
2.72311e-11
2.53164e-11
2.62194e-11
2.43966e-11
2.52655e-11
2.35283e-11
2.43651e-11
2.27077e-11
2.35141e-11
2.19312e-11
2.27089e-11
2.11957e-11
2.19462e-11
2.04982e-11
 2.1223e-11
1.98362e-11
2.05365e-11
1.92121e-11
1.98752e-11
0.000137392
6.26009e-05
5.39102e-05
3.82416e-05
 3.4473e-05
2.75866e-05
2.54773e-05
2.15904e-05
2.02412e-05
1.77406e-05
 1.6803e-05
 1.5058e-05
1.43684e-05
 1.3081e-05
1.25525e-05
1.15633e-05
1.11453e-05
1.03613e-05
1.00224e-05
9.38569e-06
9.10536e-06
  8.578e-06
8.34227e-06
7.89828e-06
7.69728e-06
7.31833e-06
7.14492e-06
6.81767e-06
6.66653e-06
6.38108e-06
6.24817e-06
  5.997e-06
5.87921e-06
5.65647e-06
5.55137e-06
 5.3525e-06
5.25813e-06
5.07949e-06
4.99429e-06
4.83294e-06
4.75564e-06
4.60918e-06
4.53872e-06
4.40519e-06
4.34071e-06
4.21845e-06
4.15922e-06
4.04688e-06
3.99228e-06
3.88869e-06
3.83819e-06
3.74237e-06
3.69554e-06
3.60664e-06
3.56309e-06
3.48039e-06
3.43978e-06
3.36266e-06
 3.3247e-06
3.25261e-06
3.21706e-06
3.14952e-06
3.11615e-06
3.05274e-06
3.02136e-06
2.96172e-06
2.93215e-06
2.87595e-06
2.84805e-06
  2.795e-06
2.76862e-06
2.71846e-06
2.69348e-06
2.64599e-06
 2.6223e-06
2.57727e-06
2.55478e-06
2.51201e-06
2.49063e-06
2.44997e-06
2.42962e-06
2.39091e-06
2.37151e-06
2.33461e-06
2.31611e-06
 2.2809e-06
2.26322e-06
2.22959e-06
2.21269e-06
2.18053e-06
2.16436e-06
2.13357e-06
2.11808e-06
2.08859e-06
2.07373e-06
2.04545e-06
 2.0312e-06
2.00405e-06
1.99036e-06
1.96429e-06
1.95095e-06
0.000199989
          1
2.85785e-08
1.28439e-08
1.09941e-08
7.77171e-09
6.97689e-09
5.57792e-09
5.13618e-09
4.35266e-09
4.07093e-09
 3.5695e-09
3.37434e-09
3.02577e-09
2.88242e-09
2.62598e-09
2.51626e-09
2.31966e-09
2.23291e-09
2.07732e-09
2.00711e-09
1.88091e-09
1.82286e-09
1.71845e-09
1.66966e-09
1.58184e-09
1.54025e-09
1.46535e-09
1.42947e-09
1.36485e-09
1.33358e-09
1.27724e-09
1.24975e-09
 1.2002e-09
1.17584e-09
1.13192e-09
1.11018e-09
1.07098e-09
1.05147e-09
1.01627e-09
9.98651e-10
9.66868e-10
9.50884e-10
9.22043e-10
9.07475e-10
8.81186e-10
8.67853e-10
8.43791e-10
8.31543e-10
8.09436e-10
7.98145e-10
7.77765e-10
7.67323e-10
7.48474e-10
 7.3879e-10
7.21306e-10
7.12299e-10
6.96038e-10
6.87639e-10
6.72476e-10
6.64627e-10
6.50453e-10
6.43101e-10
6.29824e-10
6.22923e-10
 6.1046e-10
 6.0397e-10
5.92249e-10
5.86133e-10
5.75089e-10
5.69317e-10
5.58893e-10
5.53437e-10
5.43582e-10
5.38416e-10
5.29085e-10
5.24186e-10
5.15338e-10
5.10687e-10
5.02286e-10
4.97864e-10
4.89876e-10
4.85666e-10
4.78062e-10
4.74051e-10
4.66803e-10
4.62975e-10
 4.5606e-10
4.52404e-10
4.45799e-10
4.42303e-10
4.35987e-10
4.32641e-10
4.26596e-10
4.23391e-10
  4.176e-10
4.14526e-10
4.08973e-10
4.06024e-10
4.00695e-10
3.97861e-10
3.92743e-10
3.89984e-10
