 2.3924e-07
9.88882e-08
7.19317e-08
4.67675e-08
3.71165e-08
2.75626e-08
2.29651e-08
1.82381e-08
1.56798e-08
1.29781e-08
1.14058e-08
9.71158e-09
8.67554e-09
7.54144e-09
6.82253e-09
6.02546e-09
5.50621e-09
4.92442e-09
4.53691e-09
4.10209e-09
3.77367e-09
1.25952e-07
1.63539e-07
1.11146e-07
1.05051e-07
8.06772e-08
7.51324e-08
 6.1144e-08
5.71953e-08
4.82016e-08
4.53933e-08
3.91733e-08
3.71264e-08
3.25977e-08
3.10663e-08
2.76401e-08
2.64671e-08
2.37964e-08
2.28796e-08
2.07467e-08
2.00222e-08
1.82372e-08
1.75715e-08
0.000925383
0.000537285
0.000437762
0.000343229
0.000298436
0.000253679
0.000228019
  0.0002016
0.000184923
0.000167409
0.000155685
0.000143196
0.000134497
0.000125131
0.000118417
0.000111129
0.000105789
9.99534e-05
   9.56e-05
9.08581e-05
8.68695e-05
 0.00199965
          1
1.90623e-06
1.09663e-06
8.89064e-07
6.95211e-07
6.02753e-07
5.11784e-07
4.59149e-07
4.05744e-07
3.71677e-07
3.36402e-07
 3.1252e-07
2.87432e-07
 2.6975e-07
2.50973e-07
2.37348e-07
2.22757e-07
2.11932e-07
2.00264e-07
1.91449e-07
1.81973e-07
1.73914e-07
