4.12842e-08
2.21433e-08
1.72125e-08
1.27489e-08
1.06319e-08
8.61596e-09
7.45911e-09
6.32468e-09
5.60282e-09
4.90219e-09
4.32889e-09
6.35836e-09
9.37269e-09
8.45441e-09
8.49951e-09
7.72687e-09
7.49217e-09
 6.8826e-09
6.62188e-09
6.13694e-09
5.89653e-09
  5.505e-09
5.24186e-09
0.000925383
0.000537285
0.000437762
 0.00034323
0.000298435
0.000253681
0.000228013
0.000201621
0.000184839
0.000167791
0.000153769
 0.00199989
          1
 1.8538e-06
1.07643e-06
8.76857e-07
6.87472e-07
5.97658e-07
5.08003e-07
4.56548e-07
4.03683e-07
3.70046e-07
3.35902e-07
3.07805e-07
