4.12841e-08
2.21433e-08
1.72125e-08
 1.2749e-08
1.06318e-08
8.61585e-09
7.45931e-09
6.32384e-09
5.60623e-09
4.88692e-09
4.40459e-09
3.91376e-09
3.57098e-09
3.21813e-09
2.96428e-09
2.70058e-09
2.50659e-09
 2.3035e-09
 2.1514e-09
1.99118e-09
1.86947e-09
1.74054e-09
1.64141e-09
1.53593e-09
1.45402e-09
1.36648e-09
1.29794e-09
1.22442e-09
1.16642e-09
1.10402e-09
1.05446e-09
1.00099e-09
9.58296e-10
9.12102e-10
8.75026e-10
8.34821e-10
8.02408e-10
7.67181e-10
7.38667e-10
7.07616e-10
 6.8239e-10
6.54869e-10
6.32438e-10
6.07923e-10
5.87882e-10
5.65944e-10
5.47961e-10
5.28246e-10
5.12045e-10
4.94258e-10
4.79608e-10
4.63503e-10
4.50209e-10
4.35578e-10
4.23476e-10
4.10141e-10
3.99092e-10
3.86903e-10
3.76786e-10
3.65613e-10
3.56326e-10
3.46059e-10
3.37511e-10
3.28053e-10
3.20168e-10
3.11435e-10
3.04146e-10
2.96065e-10
2.89312e-10
2.81819e-10
 2.7555e-10
 2.6859e-10
 2.6276e-10
2.56281e-10
 2.5085e-10
 2.4481e-10
 2.3974e-10
  2.341e-10
2.29361e-10
2.24085e-10
2.19649e-10
2.14706e-10
2.10547e-10
 2.0591e-10
2.02005e-10
1.97649e-10
1.93977e-10
1.89879e-10
1.86424e-10
1.82564e-10
1.79307e-10
1.75667e-10
1.72594e-10
1.69157e-10
1.66254e-10
1.63006e-10
 1.6026e-10
1.57187e-10
1.54587e-10
1.51677e-10
1.49173e-10
6.35832e-09
9.37259e-09
8.45488e-09
8.49929e-09
7.72711e-09
7.49219e-09
 6.8826e-09
 6.6218e-09
6.13658e-09
5.89732e-09
5.50404e-09
5.29424e-09
4.96992e-09
  4.788e-09
4.51643e-09
4.35873e-09
4.12835e-09
3.99116e-09
 3.7934e-09
3.67345e-09
3.50205e-09
3.39655e-09
3.24671e-09
3.15339e-09
3.02138e-09
2.93841e-09
 2.8213e-09
2.74717e-09
2.64264e-09
 2.5761e-09
2.48229e-09
2.42229e-09
2.33768e-09
2.28337e-09
2.20671e-09
2.15736e-09
2.08762e-09
2.04262e-09
1.97894e-09
1.93777e-09
1.87941e-09
1.84164e-09
1.78799e-09
1.75324e-09
1.70376e-09
 1.6717e-09
1.62596e-09
1.59631e-09
 1.5539e-09
1.52641e-09
  1.487e-09
1.46147e-09
1.42477e-09
  1.401e-09
1.36674e-09
1.34457e-09
1.31253e-09
1.29182e-09
 1.2618e-09
1.24241e-09
1.21423e-09
1.19605e-09
1.16956e-09
1.15249e-09
1.12754e-09
1.11149e-09
1.08796e-09
1.07284e-09
1.05062e-09
1.03636e-09
1.01535e-09
1.00188e-09
9.81982e-10
9.69252e-10
9.50385e-10
9.38336e-10
9.20427e-10
9.09009e-10
8.91989e-10
8.81159e-10
8.64967e-10
8.54683e-10
8.39264e-10
8.29488e-10
8.14789e-10
8.05488e-10
7.91464e-10
7.82606e-10
7.69212e-10
 7.6077e-10
7.47967e-10
7.39914e-10
7.27666e-10
7.19978e-10
7.08251e-10
7.00905e-10
6.89668e-10
6.82644e-10
6.71869e-10
6.65149e-10
6.54716e-10
6.48229e-10
0.000925383
0.000537285
0.000437762
0.000343229
0.000298436
0.000253679
0.000228019
  0.0002016
0.000184923
0.000167409
0.000155685
0.000143196
0.000134497
0.000125131
0.000118417
0.000111129
0.000105789
 9.9953e-05
9.56036e-05
9.08242e-05
8.72126e-05
8.32258e-05
8.01787e-05
7.68021e-05
7.41965e-05
7.12997e-05
6.90461e-05
6.65334e-05
6.45649e-05
6.23645e-05
6.06302e-05
5.86873e-05
5.71476e-05
5.54194e-05
5.40434e-05
5.24961e-05
5.12589e-05
4.98655e-05
4.87471e-05
4.74857e-05
4.64698e-05
4.53225e-05
4.43956e-05
4.33476e-05
4.24985e-05
4.15374e-05
4.07567e-05
 3.9872e-05
3.91518e-05
3.83349e-05
3.76683e-05
3.69116e-05
 3.6293e-05
3.55901e-05
3.50143e-05
3.43597e-05
3.38225e-05
3.32113e-05
 3.2709e-05
3.21371e-05
3.16663e-05
  3.113e-05
3.06879e-05
 3.0184e-05
 2.9768e-05
2.92936e-05
2.89014e-05
 2.8454e-05
2.80838e-05
2.76612e-05
 2.7311e-05
2.69111e-05
2.65795e-05
2.62006e-05
 2.5886e-05
2.55265e-05
2.52277e-05
 2.4886e-05
2.46019e-05
2.42769e-05
2.40063e-05
2.36967e-05
2.34388e-05
2.31435e-05
2.28973e-05
2.26154e-05
2.23803e-05
2.21108e-05
2.18859e-05
2.16282e-05
2.14129e-05
2.11661e-05
2.09598e-05
2.07232e-05
2.05253e-05
2.02984e-05
2.01085e-05
1.98906e-05
1.97081e-05
1.94988e-05
1.93204e-05
 0.00199989
          1
1.85381e-06
1.07643e-06
8.76858e-07
6.87471e-07
 5.9766e-07
5.07999e-07
 4.5656e-07
4.03641e-07
3.70216e-07
3.35137e-07
3.11643e-07
2.86632e-07
2.69202e-07
2.50449e-07
2.36998e-07
2.22405e-07
2.11708e-07
2.00025e-07
1.91313e-07
1.81745e-07
1.74512e-07
1.66532e-07
1.60429e-07
1.53671e-07
1.48453e-07
1.42656e-07
1.38143e-07
1.33114e-07
1.29173e-07
 1.2477e-07
1.21297e-07
1.17409e-07
1.14327e-07
1.10868e-07
1.08114e-07
1.05018e-07
1.02541e-07
9.97531e-08
9.75144e-08
9.49906e-08
9.29571e-08
9.06617e-08
8.88064e-08
8.67096e-08
8.50101e-08
8.30872e-08
8.15247e-08
7.97549e-08
7.83134e-08
7.66792e-08
7.53451e-08
7.38314e-08
7.25932e-08
7.11872e-08
7.00349e-08
6.87254e-08
6.76504e-08
6.64279e-08
6.54226e-08
6.42786e-08
6.33365e-08
6.22637e-08
 6.1379e-08
 6.0371e-08
5.95385e-08
5.85896e-08
 5.7805e-08
5.69101e-08
5.61692e-08
5.53239e-08
5.46233e-08
5.38234e-08
5.31598e-08
 5.2402e-08
5.17726e-08
5.10534e-08
5.04556e-08
4.97723e-08
4.92038e-08
4.85537e-08
4.80123e-08
4.73931e-08
 4.6877e-08
4.62865e-08
4.57939e-08
4.52302e-08
4.47596e-08
4.42208e-08
4.37708e-08
4.32554e-08
4.28245e-08
 4.2331e-08
4.19182e-08
4.14451e-08
4.10492e-08
4.05954e-08
4.02154e-08
3.97797e-08
3.94146e-08
 3.8996e-08
3.86391e-08
