4.12842e-08
2.21433e-08
1.72125e-08
1.27488e-08
1.06321e-08
8.61585e-09
7.45937e-09
6.32381e-09
5.60625e-09
4.88697e-09
4.40463e-09
3.91377e-09
  3.571e-09
3.21812e-09
2.96431e-09
 2.7006e-09
 2.5066e-09
2.30352e-09
2.15131e-09
1.99229e-09
 1.8583e-09
6.35836e-09
9.37269e-09
8.45441e-09
8.49952e-09
7.72684e-09
7.49221e-09
6.88254e-09
6.62201e-09
6.13658e-09
5.89749e-09
5.50408e-09
5.29436e-09
4.96997e-09
4.78808e-09
 4.5165e-09
4.35881e-09
4.12841e-09
 3.9912e-09
3.79344e-09
3.67402e-09
3.49586e-09
3.38347e-09
0.000925383
0.000537285
0.000437762
0.000343229
0.000298436
0.000253679
0.000228019
  0.0002016
0.000184923
0.000167409
0.000155685
0.000143196
0.000134497
0.000125131
0.000118417
0.000111129
0.000105789
9.99534e-05
   9.56e-05
9.08581e-05
8.68695e-05
 0.00199989
          1
1.85381e-06
1.07643e-06
8.76857e-07
6.87471e-07
 5.9766e-07
5.07999e-07
 4.5656e-07
4.03641e-07
3.70216e-07
3.35137e-07
3.11643e-07
2.86632e-07
2.69202e-07
2.50449e-07
2.36998e-07
2.22405e-07
2.11708e-07
2.00026e-07
1.91306e-07
1.81813e-07
1.73825e-07
