3.08212e-09
4.83048e-09
3.89796e-09
3.99469e-09
3.43126e-09
3.36127e-09
2.96277e-09
 2.8702e-09
2.56693e-09
 2.4815e-09
2.23988e-09
 2.1684e-09
1.96909e-09
1.91248e-09
1.74301e-09
1.70077e-09
1.55233e-09
1.52395e-09
1.38968e-09
1.37526e-09
1.24924e-09
 9.1028e-10
6.02767e-09
6.14893e-09
6.66909e-09
6.57982e-09
6.54766e-09
6.40059e-09
6.23243e-09
6.07044e-09
5.86887e-09
5.70642e-09
 5.5061e-09
5.34727e-09
5.16259e-09
5.00641e-09
4.84537e-09
 4.6872e-09
4.55733e-09
4.38801e-09
4.30075e-09
4.10334e-09
3.95862e-09
9.69844e-05
9.51505e-05
8.94783e-05
 8.6575e-05
8.20761e-05
7.94723e-05
7.57155e-05
 7.3484e-05
7.02518e-05
6.83632e-05
6.55163e-05
 6.3934e-05
6.13708e-05
 6.0068e-05
5.77051e-05
5.66708e-05
5.44298e-05
5.36749e-05
5.14675e-05
5.10368e-05
4.87425e-05
 0.00199988
          1
 1.9639e-07
1.91647e-07
1.79968e-07
1.73931e-07
 1.6479e-07
1.59478e-07
1.51886e-07
1.47362e-07
1.40848e-07
1.37031e-07
1.31304e-07
 1.2811e-07
1.22961e-07
1.20333e-07
1.15591e-07
1.13505e-07
1.09011e-07
1.07487e-07
1.03063e-07
1.02191e-07
9.75905e-08
