-1.75266e-09
 4.69649e-09
 2.90131e-09
   3.936e-09
 2.99933e-09
 3.32817e-09
 2.72453e-09
 2.84721e-09
 2.42019e-09
 2.46136e-09
 2.14601e-09
-1.69609e-08
-9.60629e-10
 5.33505e-10
 2.82804e-09
 3.42711e-09
 4.01523e-09
  4.2898e-09
 4.40458e-09
 4.52531e-09
 4.47581e-09
  4.5106e-09
 4.39268e-09
 8.85474e-05
 9.55724e-05
 8.66238e-05
 8.70032e-05
  8.0303e-05
 7.99157e-05
 7.43771e-05
 7.39526e-05
 6.91267e-05
 6.88698e-05
 6.44958e-05
  0.00200024
           1
 1.83515e-07
 1.94841e-07
 1.75844e-07
 1.76094e-07
 1.62204e-07
 1.61238e-07
 1.49875e-07
  1.4894e-07
 1.39093e-07
 1.38544e-07
 1.29646e-07
