6.08857e-09
1.89105e-09
1.42689e-09
8.01065e-10
 6.5108e-10
4.38697e-10
3.72326e-10
2.75109e-10
2.40296e-10
1.87811e-10
1.67416e-10
1.36008e-10
1.23052e-10
1.02783e-10
9.40904e-11
8.03041e-11
7.41736e-11
6.43601e-11
5.98897e-11
 5.2694e-11
4.93598e-11
4.38789e-11
4.13578e-11
3.70979e-11
3.51148e-11
3.17609e-11
3.01755e-11
 2.7482e-11
2.61994e-11
2.40013e-11
2.29533e-11
2.11377e-11
2.02672e-11
1.87525e-11
1.80211e-11
1.67463e-11
1.61253e-11
1.50394e-11
1.45114e-11
1.35811e-11
 1.3125e-11
1.23205e-11
1.19272e-11
1.12276e-11
1.08839e-11
1.02719e-11
9.97059e-12
9.43233e-12
9.16674e-12
8.69053e-12
8.45537e-12
8.03228e-12
7.82296e-12
7.44536e-12
7.25837e-12
6.91998e-12
6.75223e-12
6.44783e-12
6.29676e-12
6.02203e-12
5.88561e-12
 5.6367e-12
5.51302e-12
5.28689e-12
 5.1745e-12
4.96845e-12
4.86597e-12
4.67772e-12
4.58403e-12
4.41156e-12
4.32571e-12
4.16734e-12
4.08849e-12
3.94269e-12
3.87011e-12
3.73563e-12
3.66863e-12
3.54432e-12
 3.4824e-12
3.36725e-12
3.30989e-12
3.20304e-12
 3.1498e-12
3.05047e-12
3.00098e-12
2.90847e-12
2.86239e-12
2.77611e-12
2.73312e-12
2.65252e-12
2.61236e-12
2.53695e-12
2.49938e-12
2.42873e-12
2.39353e-12
2.32724e-12
2.29422e-12
2.23195e-12
2.20094e-12
2.14238e-12
 2.1124e-12
4.47889e-09
5.45717e-09
3.03611e-09
2.98549e-09
1.99514e-09
1.94304e-09
1.41717e-09
1.38582e-09
1.06507e-09
1.04746e-09
8.33732e-10
8.24301e-10
6.72864e-10
6.68248e-10
5.56115e-10
5.54472e-10
4.68405e-10
4.68577e-10
4.00674e-10
4.01939e-10
3.47213e-10
3.49105e-10
3.04163e-10
3.06458e-10
 2.6895e-10
2.71461e-10
 2.3975e-10
2.42359e-10
2.15234e-10
2.17874e-10
1.94436e-10
1.97057e-10
1.76624e-10
1.79199e-10
1.61244e-10
 1.6375e-10
1.47863e-10
1.50291e-10
1.36141e-10
1.38484e-10
1.25814e-10
1.28067e-10
1.16659e-10
1.18825e-10
1.08506e-10
1.10584e-10
1.01209e-10
1.03202e-10
 9.4651e-11
9.65619e-11
8.87334e-11
9.05651e-11
8.33738e-11
8.51298e-11
7.85029e-11
8.01866e-11
 7.4062e-11
7.56768e-11
7.00009e-11
7.15503e-11
6.62767e-11
6.77641e-11
6.28526e-11
6.42809e-11
5.96964e-11
6.10689e-11
5.67805e-11
5.80999e-11
5.40806e-11
5.53498e-11
5.15756e-11
 5.2797e-11
4.92466e-11
5.04228e-11
4.70774e-11
4.82107e-11
4.50534e-11
4.61459e-11
4.31616e-11
4.42154e-11
4.13907e-11
4.24077e-11
3.97303e-11
4.07122e-11
3.81712e-11
3.91199e-11
3.67052e-11
3.76223e-11
 3.5325e-11
3.62119e-11
3.40239e-11
 3.4882e-11
3.27957e-11
3.36264e-11
3.16351e-11
3.24396e-11
3.05371e-11
3.13167e-11
2.94972e-11
3.02528e-11
 2.8522e-11
2.92204e-11
9.25383e-05
5.37285e-05
4.37762e-05
3.43229e-05
2.98436e-05
2.53679e-05
2.28019e-05
  2.016e-05
1.84923e-05
1.67409e-05
1.55685e-05
1.43196e-05
1.34497e-05
1.25131e-05
1.18417e-05
1.11129e-05
1.05789e-05
 9.9953e-06
9.56036e-06
9.08242e-06
8.72125e-06
8.32258e-06
8.01787e-06
7.68021e-06
7.41965e-06
7.12997e-06
6.90461e-06
6.65334e-06
6.45649e-06
6.23645e-06
6.06302e-06
5.86873e-06
5.71476e-06
5.54194e-06
5.40434e-06
5.24961e-06
5.12589e-06
4.98655e-06
4.87471e-06
4.74857e-06
4.64698e-06
4.53225e-06
4.43956e-06
4.33476e-06
4.24985e-06
4.15374e-06
4.07567e-06
 3.9872e-06
3.91518e-06
3.83349e-06
3.76683e-06
3.69116e-06
 3.6293e-06
3.55901e-06
3.50143e-06
3.43597e-06
3.38225e-06
3.32113e-06
 3.2709e-06
3.21371e-06
3.16663e-06
  3.113e-06
3.06879e-06
 3.0184e-06
 2.9768e-06
2.92936e-06
2.89014e-06
 2.8454e-06
2.80838e-06
2.76612e-06
 2.7311e-06
2.69111e-06
2.65795e-06
2.62006e-06
 2.5886e-06
2.55265e-06
2.52277e-06
 2.4886e-06
2.46019e-06
2.42769e-06
2.40063e-06
2.36967e-06
2.34388e-06
2.31435e-06
2.28973e-06
2.26154e-06
2.23803e-06
2.21108e-06
2.18859e-06
2.16282e-06
2.14129e-06
2.11661e-06
2.09598e-06
2.07232e-06
2.05253e-06
2.02984e-06
2.01085e-06
1.98906e-06
1.97081e-06
1.94988e-06
1.93204e-06
0.000199981
          1
2.03724e-08
1.12451e-08
9.06768e-09
7.03015e-09
6.07345e-09
5.14441e-09
4.60345e-09
4.06656e-09
 3.7174e-09
3.36601e-09
3.12165e-09
2.87322e-09
2.69254e-09
2.50726e-09
2.36819e-09
2.22455e-09
2.11412e-09
1.99947e-09
1.90963e-09
1.81599e-09
1.74137e-09
1.66346e-09
1.60054e-09
1.53463e-09
1.48086e-09
1.42439e-09
1.37789e-09
1.32896e-09
1.28835e-09
1.24554e-09
1.20977e-09
1.17199e-09
1.14024e-09
1.10665e-09
1.07828e-09
1.04822e-09
1.02271e-09
9.95657e-10
9.72599e-10
9.48117e-10
9.27169e-10
9.04907e-10
8.85797e-10
8.65466e-10
8.47959e-10
8.29318e-10
8.13221e-10
7.96068e-10
7.81216e-10
7.65379e-10
7.51634e-10
7.36967e-10
7.24208e-10
7.10586e-10
6.98712e-10
6.86027e-10
6.74948e-10
6.63106e-10
6.52745e-10
6.41665e-10
6.31954e-10
6.21565e-10
6.12445e-10
6.02683e-10
5.94102e-10
5.84913e-10
5.76824e-10
5.68158e-10
 5.6052e-10
5.52334e-10
5.45111e-10
5.37366e-10
5.30524e-10
5.23186e-10
5.16695e-10
5.09732e-10
5.03567e-10
4.96951e-10
4.91088e-10
4.84794e-10
4.79211e-10
4.73216e-10
4.67892e-10
4.62175e-10
4.57095e-10
4.51637e-10
4.46783e-10
4.41567e-10
4.36924e-10
4.31934e-10
4.27489e-10
4.22711e-10
4.18452e-10
4.13872e-10
4.09788e-10
4.05394e-10
4.01473e-10
3.97255e-10
3.93488e-10
3.89436e-10
3.85756e-10
