3.08333e-09
 4.8301e-09
3.89791e-09
3.99435e-09
 3.4311e-09
3.36099e-09
2.96261e-09
2.86996e-09
2.56678e-09
 2.4813e-09
2.23975e-09
2.16823e-09
1.96898e-09
1.91234e-09
1.74292e-09
1.70065e-09
1.55224e-09
1.52385e-09
 1.3896e-09
1.37517e-09
1.24917e-09
9.15888e-10
6.02916e-09
6.14984e-09
6.66939e-09
6.57987e-09
6.54754e-09
6.40033e-09
6.23214e-09
6.07005e-09
 5.8685e-09
5.70598e-09
5.50571e-09
5.34681e-09
5.16219e-09
5.00595e-09
4.84497e-09
4.68675e-09
4.55694e-09
 4.3876e-09
4.30037e-09
4.10296e-09
3.95825e-09
9.69844e-05
9.51505e-05
8.94783e-05
 8.6575e-05
8.20761e-05
7.94723e-05
7.57155e-05
 7.3484e-05
7.02518e-05
6.83632e-05
6.55163e-05
 6.3934e-05
6.13708e-05
 6.0068e-05
5.77051e-05
5.66708e-05
5.44298e-05
5.36749e-05
5.14675e-05
5.10368e-05
4.87425e-05
 0.00199988
          1
1.96388e-07
1.91646e-07
1.79967e-07
1.73931e-07
 1.6479e-07
1.59478e-07
1.51885e-07
1.47361e-07
1.40848e-07
 1.3703e-07
1.31304e-07
 1.2811e-07
1.22961e-07
1.20333e-07
1.15591e-07
1.13505e-07
1.09011e-07
1.07487e-07
1.03063e-07
1.02191e-07
9.75904e-08
