5.37467e-09
4.83487e-09
4.38045e-09
3.98741e-09
3.64782e-09
3.35014e-09
3.08909e-09
2.85737e-09
 2.6519e-09
2.46763e-09
2.30275e-09
2.15364e-09
 2.0191e-09
1.89671e-09
1.78534e-09
1.68358e-09
1.59036e-09
1.50471e-09
1.42591e-09
1.35311e-09
1.28588e-09
1.22344e-09
1.16562e-09
1.11166e-09
1.06156e-09
 1.0146e-09
9.70881e-10
9.29764e-10
 8.9138e-10
8.55184e-10
 8.2128e-10
7.89258e-10
7.59157e-10
7.30687e-10
 7.0384e-10
6.78413e-10
6.54367e-10
6.31562e-10
6.09942e-10
5.89405e-10
5.69899e-10
5.51336e-10
5.33677e-10
5.16843e-10
5.00802e-10
4.85492e-10
4.70876e-10
4.56909e-10
4.43555e-10
4.30777e-10
4.18545e-10
4.06825e-10
3.95592e-10
3.84816e-10
3.74476e-10
3.64546e-10
3.55007e-10
3.45835e-10
3.37016e-10
3.28528e-10
3.20358e-10
3.12488e-10
3.04905e-10
2.97594e-10
2.90543e-10
2.83738e-10
2.77171e-10
2.70828e-10
2.64701e-10
2.58778e-10
2.53053e-10
2.47514e-10
2.42156e-10
2.36969e-10
2.31948e-10
2.27083e-10
2.22371e-10
2.17803e-10
2.13375e-10
2.09079e-10
2.04913e-10
2.00869e-10
1.96944e-10
1.93132e-10
 1.8943e-10
1.85833e-10
1.82338e-10
 1.7894e-10
1.75636e-10
1.72422e-10
1.69296e-10
1.66254e-10
1.63294e-10
1.60411e-10
1.57604e-10
 1.5487e-10
1.52206e-10
1.49611e-10
1.47074e-10
1.44659e-10
1.41907e-10
9.74628e-09
9.28624e-09
8.86187e-09
8.45953e-09
8.08302e-09
7.72876e-09
7.39727e-09
7.08597e-09
6.79426e-09
6.52028e-09
6.26306e-09
6.02115e-09
5.79357e-09
5.57911e-09
5.37697e-09
5.18605e-09
5.00575e-09
4.83508e-09
4.67358e-09
4.52042e-09
4.37515e-09
4.23719e-09
4.10598e-09
3.98129e-09
3.86234e-09
3.74925e-09
3.64103e-09
 3.5381e-09
3.43937e-09
3.34538e-09
3.25503e-09
3.16893e-09
3.08604e-09
3.00694e-09
2.93069e-09
2.85783e-09
2.78751e-09
2.72023e-09
2.65523e-09
2.59295e-09
2.53273e-09
2.47495e-09
2.41904e-09
2.36534e-09
2.31332e-09
 2.2633e-09
2.21481e-09
2.16814e-09
2.12286e-09
2.07923e-09
2.03687e-09
1.99602e-09
1.95633e-09
1.91802e-09
1.88077e-09
1.84478e-09
1.80977e-09
1.77592e-09
1.74297e-09
1.71108e-09
1.68003e-09
1.64995e-09
1.62064e-09
1.59224e-09
1.56454e-09
1.53769e-09
1.51149e-09
1.48606e-09
1.46125e-09
1.43715e-09
1.41362e-09
1.39077e-09
1.36843e-09
1.34672e-09
 1.3255e-09
1.30487e-09
1.28469e-09
1.26505e-09
1.24584e-09
1.22714e-09
1.20883e-09
  1.191e-09
1.17355e-09
1.15654e-09
1.13988e-09
1.12364e-09
1.10772e-09
 1.0922e-09
1.07699e-09
1.06215e-09
1.04759e-09
1.03339e-09
1.01945e-09
1.00585e-09
  9.925e-10
9.79462e-10
9.66663e-10
9.54165e-10
9.41848e-10
9.30103e-10
9.16627e-10
9.05191e-10
     0.0001
9.49998e-05
9.04986e-05
8.64219e-05
8.27098e-05
7.93138e-05
7.61938e-05
7.33165e-05
7.06539e-05
6.81822e-05
6.58811e-05
6.37332e-05
6.17234e-05
5.98385e-05
5.80671e-05
5.63989e-05
5.48253e-05
5.33381e-05
5.19303e-05
5.05958e-05
4.93288e-05
4.81243e-05
4.69778e-05
 4.5885e-05
4.48423e-05
4.38463e-05
4.28939e-05
4.19822e-05
4.11087e-05
 4.0271e-05
 3.9467e-05
3.86945e-05
3.79519e-05
3.72373e-05
3.65493e-05
3.58863e-05
 3.5247e-05
3.46302e-05
3.40347e-05
3.34593e-05
3.29031e-05
3.23651e-05
3.18445e-05
3.13404e-05
 3.0852e-05
3.03787e-05
2.99196e-05
2.94743e-05
 2.9042e-05
2.86222e-05
2.82144e-05
 2.7818e-05
2.74326e-05
2.70578e-05
2.66931e-05
 2.6338e-05
2.59923e-05
2.56556e-05
2.53274e-05
2.50075e-05
2.46956e-05
2.43914e-05
2.40946e-05
2.38049e-05
 2.3522e-05
2.32458e-05
 2.2976e-05
2.27124e-05
2.24548e-05
2.22029e-05
2.19566e-05
2.17157e-05
  2.148e-05
2.12493e-05
2.10236e-05
2.08026e-05
2.05861e-05
2.03741e-05
2.01665e-05
 1.9963e-05
1.97635e-05
 1.9568e-05
1.93763e-05
1.91883e-05
1.90039e-05
1.88231e-05
1.86456e-05
1.84714e-05
1.83004e-05
1.81326e-05
1.79677e-05
1.78059e-05
1.76469e-05
1.74907e-05
1.73373e-05
1.71865e-05
1.70383e-05
1.68927e-05
 1.6749e-05
1.66113e-05
1.64526e-05
 0.00199971
          1
2.00209e-07
1.90182e-07
1.81158e-07
1.72985e-07
1.65544e-07
1.58737e-07
1.52485e-07
1.46719e-07
1.41384e-07
1.36432e-07
1.31823e-07
 1.2752e-07
1.23495e-07
 1.1972e-07
1.16172e-07
1.12831e-07
 1.0968e-07
1.06703e-07
1.03884e-07
1.01212e-07
9.86758e-08
9.62644e-08
9.39693e-08
9.17819e-08
8.96949e-08
8.77012e-08
 8.5795e-08
8.39703e-08
8.22222e-08
8.05456e-08
7.89366e-08
7.73907e-08
7.59047e-08
7.44747e-08
 7.3098e-08
7.17713e-08
7.04923e-08
 6.9258e-08
6.80664e-08
6.69152e-08
6.58024e-08
 6.4726e-08
6.36845e-08
6.26759e-08
6.16989e-08
6.07518e-08
5.98335e-08
5.89425e-08
5.80778e-08
5.72379e-08
5.64222e-08
5.56293e-08
5.48584e-08
5.41085e-08
 5.3379e-08
5.26687e-08
5.19772e-08
5.13036e-08
5.06472e-08
5.00073e-08
4.93835e-08
4.87749e-08
4.81812e-08
4.76018e-08
4.70361e-08
4.64836e-08
 4.5944e-08
4.54167e-08
4.49014e-08
4.43976e-08
 4.3905e-08
4.34232e-08
4.29518e-08
4.24905e-08
 4.2039e-08
4.15969e-08
4.11641e-08
4.07401e-08
4.03248e-08
3.99178e-08
3.95189e-08
3.91279e-08
3.87445e-08
3.83685e-08
3.79998e-08
 3.7638e-08
3.72831e-08
3.69347e-08
3.65928e-08
3.62571e-08
3.59275e-08
3.56038e-08
3.52859e-08
3.49736e-08
3.46667e-08
3.43652e-08
3.40688e-08
3.37776e-08
3.34903e-08
3.32148e-08
3.28974e-08
