-1.74996e-09
 4.69652e-09
 2.90155e-09
 3.93586e-09
 2.99928e-09
   3.328e-09
 2.72442e-09
 2.84705e-09
 2.42007e-09
 2.46122e-09
 2.14589e-09
-1.69492e-08
-9.55452e-10
 5.36984e-10
 2.83044e-09
 3.42877e-09
 4.01653e-09
 4.29068e-09
 4.40533e-09
 4.52579e-09
 4.47625e-09
 4.51085e-09
 4.39284e-09
 8.85474e-05
 9.55724e-05
 8.66238e-05
 8.70032e-05
  8.0303e-05
 7.99157e-05
 7.43771e-05
 7.39526e-05
 6.91267e-05
 6.88698e-05
 6.44958e-05
  0.00200024
           1
 1.83513e-07
  1.9484e-07
 1.75842e-07
 1.76093e-07
 1.62204e-07
 1.61237e-07
 1.49874e-07
  1.4894e-07
 1.39093e-07
 1.38544e-07
 1.29645e-07
