-1.72303e-09
 4.69676e-09
  2.9039e-09
 3.93439e-09
 2.99876e-09
 3.32634e-09
 2.72328e-09
  2.8455e-09
 2.41883e-09
 2.45986e-09
 2.14471e-09
-1.68329e-08
-9.03906e-10
 5.71612e-10
 2.85434e-09
 3.44527e-09
 4.02948e-09
  4.2995e-09
  4.4128e-09
 4.53059e-09
 4.48063e-09
 4.51331e-09
 4.39443e-09
 8.85474e-05
 9.55724e-05
 8.66238e-05
 8.70032e-05
  8.0303e-05
 7.99157e-05
 7.43771e-05
 7.39526e-05
 6.91267e-05
 6.88698e-05
 6.44958e-05
  0.00200024
           1
 1.83489e-07
 1.94824e-07
 1.75832e-07
 1.76084e-07
 1.62197e-07
 1.61231e-07
 1.49869e-07
 1.48935e-07
 1.39089e-07
  1.3854e-07
 1.29643e-07
