5.36202e-09
4.83054e-09
4.37476e-09
3.98384e-09
3.64389e-09
3.34723e-09
3.08609e-09
2.85508e-09
2.64948e-09
2.46577e-09
2.30076e-09
2.15209e-09
 2.0175e-09
1.89532e-09
1.78406e-09
1.68238e-09
1.58925e-09
1.50369e-09
1.42496e-09
1.35223e-09
1.28503e-09
1.22272e-09
1.16485e-09
1.11104e-09
1.06087e-09
1.01405e-09
 9.7027e-10
 9.2929e-10
8.90833e-10
8.54754e-10
8.20807e-10
7.88856e-10
7.58746e-10
7.30315e-10
7.03477e-10
6.78075e-10
6.54038e-10
6.31259e-10
6.09639e-10
5.89134e-10
 5.6962e-10
5.51091e-10
5.33422e-10
5.16617e-10
5.00571e-10
4.85282e-10
4.70665e-10
4.56715e-10
4.43361e-10
4.30599e-10
4.18366e-10
 4.0666e-10
3.95427e-10
3.84664e-10
3.74323e-10
3.64404e-10
3.54865e-10
3.45703e-10
3.36884e-10
3.28405e-10
3.20236e-10
3.12373e-10
3.04791e-10
2.97486e-10
2.90436e-10
2.83638e-10
2.77071e-10
2.70733e-10
2.64607e-10
2.58689e-10
2.52965e-10
2.47431e-10
2.42074e-10
2.36891e-10
 2.3187e-10
 2.2701e-10
2.22298e-10
2.17733e-10
2.13306e-10
2.09013e-10
2.04847e-10
2.00806e-10
1.96882e-10
1.93073e-10
1.89372e-10
1.85777e-10
1.82282e-10
1.78887e-10
1.75583e-10
1.72372e-10
1.69247e-10
1.66206e-10
1.63246e-10
1.60365e-10
1.57559e-10
1.54826e-10
1.52163e-10
 1.4957e-10
1.47033e-10
 1.4462e-10
1.41869e-10
  9.699e-09
9.25942e-09
8.83778e-09
8.43916e-09
8.06459e-09
7.71212e-09
7.38186e-09
 7.0718e-09
6.78098e-09
6.50793e-09
6.25147e-09
6.01021e-09
5.78329e-09
5.56937e-09
5.36771e-09
5.17733e-09
4.99738e-09
4.82717e-09
  4.666e-09
4.51321e-09
4.36822e-09
4.23059e-09
4.09965e-09
3.97519e-09
3.85654e-09
3.74358e-09
 3.6357e-09
3.53284e-09
3.43443e-09
3.34048e-09
3.25045e-09
3.16436e-09
3.08176e-09
3.00268e-09
2.92668e-09
2.85385e-09
2.78374e-09
2.71649e-09
2.65169e-09
2.58943e-09
 2.5294e-09
2.47164e-09
 2.4159e-09
2.36221e-09
2.31035e-09
2.26035e-09
2.21201e-09
2.16534e-09
 2.1202e-09
2.07658e-09
2.03435e-09
 1.9935e-09
1.95393e-09
1.91562e-09
1.87848e-09
 1.8425e-09
1.80759e-09
1.77375e-09
1.74089e-09
1.70901e-09
1.67804e-09
1.64797e-09
1.61874e-09
1.59034e-09
1.56272e-09
1.53587e-09
1.50974e-09
1.48432e-09
1.45957e-09
1.43548e-09
1.41202e-09
1.38916e-09
1.36689e-09
1.34518e-09
1.32402e-09
1.30339e-09
1.28326e-09
1.26362e-09
1.24446e-09
1.22576e-09
 1.2075e-09
1.18968e-09
1.17227e-09
1.15526e-09
1.13864e-09
 1.1224e-09
1.10653e-09
1.09101e-09
1.07584e-09
  1.061e-09
1.04648e-09
1.03228e-09
1.01838e-09
1.00477e-09
9.91456e-10
 9.7842e-10
9.65652e-10
9.53156e-10
9.40869e-10
9.29125e-10
9.15678e-10
9.04247e-10
     0.0001
9.49997e-05
9.04986e-05
8.64219e-05
8.27098e-05
7.93138e-05
7.61938e-05
7.33165e-05
7.06539e-05
6.81822e-05
6.58811e-05
6.37332e-05
6.17234e-05
5.98385e-05
5.80671e-05
5.63989e-05
5.48253e-05
5.33381e-05
5.19303e-05
5.05958e-05
4.93288e-05
4.81243e-05
4.69778e-05
 4.5885e-05
4.48423e-05
4.38463e-05
4.28939e-05
4.19822e-05
4.11087e-05
 4.0271e-05
 3.9467e-05
3.86945e-05
3.79519e-05
3.72373e-05
3.65493e-05
3.58863e-05
 3.5247e-05
3.46302e-05
3.40347e-05
3.34593e-05
3.29031e-05
3.23651e-05
3.18445e-05
3.13404e-05
 3.0852e-05
3.03787e-05
2.99196e-05
2.94743e-05
 2.9042e-05
2.86222e-05
2.82144e-05
 2.7818e-05
2.74326e-05
2.70578e-05
2.66931e-05
 2.6338e-05
2.59923e-05
2.56556e-05
2.53274e-05
2.50075e-05
2.46956e-05
2.43914e-05
2.40946e-05
2.38049e-05
 2.3522e-05
2.32458e-05
 2.2976e-05
2.27124e-05
2.24548e-05
2.22029e-05
2.19566e-05
2.17157e-05
  2.148e-05
2.12493e-05
2.10236e-05
2.08026e-05
2.05861e-05
2.03741e-05
2.01665e-05
 1.9963e-05
1.97635e-05
 1.9568e-05
1.93763e-05
1.91883e-05
1.90039e-05
1.88231e-05
1.86456e-05
1.84714e-05
1.83004e-05
1.81326e-05
1.79677e-05
1.78059e-05
1.76469e-05
1.74907e-05
1.73373e-05
1.71865e-05
1.70383e-05
1.68927e-05
 1.6749e-05
1.66113e-05
1.64526e-05
 0.00199971
          1
2.00215e-07
1.90185e-07
 1.8116e-07
1.72986e-07
1.65545e-07
1.58739e-07
1.52486e-07
 1.4672e-07
1.41385e-07
1.36433e-07
1.31823e-07
1.27521e-07
1.23495e-07
 1.1972e-07
1.16172e-07
1.12832e-07
1.09681e-07
1.06703e-07
1.03884e-07
1.01213e-07
 9.8676e-08
9.62647e-08
9.39695e-08
9.17822e-08
8.96951e-08
8.77015e-08
8.57952e-08
8.39705e-08
8.22223e-08
8.05458e-08
7.89367e-08
7.73909e-08
7.59048e-08
7.44749e-08
7.30982e-08
7.17715e-08
7.04924e-08
6.92582e-08
6.80665e-08
6.69153e-08
6.58025e-08
6.47262e-08
6.36846e-08
 6.2676e-08
 6.1699e-08
 6.0752e-08
5.98336e-08
5.89426e-08
5.80778e-08
5.72381e-08
5.64222e-08
5.56294e-08
5.48585e-08
5.41087e-08
 5.3379e-08
5.26689e-08
5.19773e-08
5.13037e-08
5.06473e-08
5.00074e-08
4.93835e-08
 4.8775e-08
4.81813e-08
4.76019e-08
4.70361e-08
4.64837e-08
4.59441e-08
4.54168e-08
4.49015e-08
4.43977e-08
4.39051e-08
4.34233e-08
4.29519e-08
4.24906e-08
 4.2039e-08
 4.1597e-08
4.11641e-08
4.07402e-08
4.03248e-08
3.99178e-08
3.95189e-08
3.91279e-08
3.87445e-08
3.83686e-08
3.79998e-08
3.76381e-08
3.72831e-08
3.69348e-08
3.65928e-08
3.62572e-08
3.59276e-08
3.56039e-08
 3.5286e-08
3.49736e-08
3.46668e-08
3.43652e-08
3.40689e-08
3.37777e-08
3.34904e-08
3.32148e-08
3.28975e-08
