3.09033e-09
4.82673e-09
3.89624e-09
3.99125e-09
 3.4289e-09
3.35838e-09
2.96057e-09
 2.8678e-09
2.56501e-09
 2.4795e-09
2.23822e-09
2.16671e-09
1.96767e-09
1.91105e-09
1.74179e-09
1.69954e-09
1.55127e-09
1.52289e-09
1.38876e-09
1.37433e-09
1.24844e-09
9.51354e-10
6.03698e-09
6.15317e-09
6.66842e-09
6.57728e-09
6.54369e-09
6.39581e-09
6.22722e-09
6.06487e-09
5.86324e-09
5.70066e-09
5.50042e-09
5.34159e-09
5.15704e-09
5.00094e-09
4.84003e-09
4.68199e-09
4.55223e-09
4.38309e-09
4.29591e-09
4.09872e-09
3.95415e-09
9.69844e-05
9.51505e-05
8.94783e-05
 8.6575e-05
8.20761e-05
7.94723e-05
7.57155e-05
 7.3484e-05
7.02518e-05
6.83632e-05
6.55163e-05
 6.3934e-05
6.13708e-05
 6.0068e-05
5.77051e-05
5.66708e-05
5.44298e-05
5.36749e-05
5.14675e-05
5.10368e-05
4.87425e-05
 0.00199988
          1
1.96377e-07
 1.9164e-07
1.79962e-07
1.73927e-07
1.64787e-07
1.59475e-07
1.51883e-07
 1.4736e-07
1.40846e-07
1.37029e-07
1.31303e-07
1.28109e-07
 1.2296e-07
1.20332e-07
 1.1559e-07
1.13504e-07
 1.0901e-07
1.07486e-07
1.03062e-07
 1.0219e-07
9.75899e-08
