5.30957e-09
4.78273e-09
 4.3332e-09
3.94688e-09
3.61131e-09
 3.3181e-09
3.05994e-09
2.83151e-09
2.62815e-09
2.44646e-09
2.28311e-09
2.13601e-09
 2.0027e-09
1.88178e-09
1.77152e-09
1.67085e-09
1.57853e-09
1.49379e-09
 1.4157e-09
1.34366e-09
1.27699e-09
1.21524e-09
1.15782e-09
1.10447e-09
1.05467e-09
1.00826e-09
9.64774e-10
9.24144e-10
8.85953e-10
8.50155e-10
8.16447e-10
7.84736e-10
7.54824e-10
7.26616e-10
6.99934e-10
6.74735e-10
6.50838e-10
 6.2822e-10
6.06748e-10
5.86357e-10
5.66996e-10
5.48551e-10
5.31029e-10
5.14292e-10
4.98379e-10
4.83149e-10
 4.6865e-10
4.54755e-10
4.41505e-10
4.28793e-10
4.16652e-10
4.04992e-10
3.93841e-10
 3.8312e-10
3.72853e-10
3.62973e-10
3.53498e-10
3.44373e-10
3.35613e-10
3.27167e-10
 3.1905e-10
3.11219e-10
3.03683e-10
2.96408e-10
  2.894e-10
2.82629e-10
2.76101e-10
2.69788e-10
2.63697e-10
2.57802e-10
 2.5211e-10
2.46597e-10
2.41269e-10
2.36107e-10
2.31113e-10
2.26271e-10
2.21584e-10
2.17036e-10
2.12631e-10
2.08355e-10
 2.0421e-10
2.00184e-10
1.96279e-10
1.92484e-10
1.88801e-10
1.85219e-10
1.81741e-10
1.78358e-10
 1.7507e-10
 1.7187e-10
1.68759e-10
1.65729e-10
1.62783e-10
1.59912e-10
1.57118e-10
1.54395e-10
1.51743e-10
1.49159e-10
1.46633e-10
1.44228e-10
1.41488e-10
9.52606e-09
9.09466e-09
8.68221e-09
8.29351e-09
7.92694e-09
7.58299e-09
7.25984e-09
 6.9566e-09
6.67212e-09
6.40476e-09
6.15367e-09
5.91733e-09
 5.6949e-09
 5.4853e-09
5.28751e-09
5.10082e-09
4.92426e-09
4.75728e-09
4.59903e-09
4.44908e-09
4.30669e-09
4.17151e-09
4.04292e-09
3.92059e-09
3.80405e-09
3.69297e-09
3.58699e-09
3.48579e-09
3.38911e-09
3.29662e-09
3.20815e-09
3.12339e-09
3.04219e-09
2.96431e-09
2.88958e-09
2.81784e-09
2.74889e-09
2.68263e-09
2.61888e-09
2.55754e-09
2.49845e-09
2.44155e-09
2.38666e-09
2.33377e-09
2.28268e-09
2.23341e-09
2.18577e-09
 2.1398e-09
 2.0953e-09
2.05232e-09
2.01068e-09
1.97044e-09
1.93141e-09
1.89366e-09
1.85702e-09
1.82157e-09
1.78712e-09
1.75377e-09
1.72134e-09
1.68992e-09
1.65935e-09
1.62971e-09
1.60086e-09
1.57286e-09
1.54559e-09
1.51912e-09
1.49332e-09
1.46825e-09
1.44381e-09
1.42006e-09
1.39688e-09
1.37434e-09
1.35234e-09
1.33093e-09
1.31002e-09
1.28967e-09
1.26978e-09
1.25041e-09
1.23148e-09
1.21303e-09
1.19499e-09
 1.1774e-09
1.16019e-09
1.14341e-09
1.12698e-09
1.11096e-09
1.09527e-09
1.07995e-09
1.06495e-09
 1.0503e-09
1.03595e-09
1.02193e-09
1.00819e-09
9.94762e-10
9.81593e-10
9.68724e-10
9.56097e-10
9.43761e-10
9.31609e-10
9.20015e-10
9.06717e-10
8.95428e-10
     0.0001
9.49997e-05
9.04986e-05
8.64219e-05
8.27098e-05
7.93138e-05
7.61938e-05
7.33165e-05
7.06539e-05
6.81822e-05
6.58811e-05
6.37332e-05
6.17234e-05
5.98385e-05
5.80671e-05
5.63989e-05
5.48253e-05
5.33381e-05
5.19303e-05
5.05958e-05
4.93288e-05
4.81243e-05
4.69778e-05
 4.5885e-05
4.48423e-05
4.38463e-05
4.28939e-05
4.19822e-05
4.11087e-05
 4.0271e-05
 3.9467e-05
3.86945e-05
3.79519e-05
3.72373e-05
3.65493e-05
3.58863e-05
 3.5247e-05
3.46302e-05
3.40347e-05
3.34593e-05
3.29031e-05
3.23651e-05
3.18445e-05
3.13404e-05
 3.0852e-05
3.03787e-05
2.99196e-05
2.94743e-05
 2.9042e-05
2.86222e-05
2.82144e-05
 2.7818e-05
2.74326e-05
2.70578e-05
2.66931e-05
 2.6338e-05
2.59923e-05
2.56556e-05
2.53274e-05
2.50075e-05
2.46956e-05
2.43914e-05
2.40946e-05
2.38049e-05
 2.3522e-05
2.32458e-05
 2.2976e-05
2.27124e-05
2.24548e-05
2.22029e-05
2.19566e-05
2.17157e-05
  2.148e-05
2.12493e-05
2.10236e-05
2.08026e-05
2.05861e-05
2.03741e-05
2.01665e-05
 1.9963e-05
1.97635e-05
 1.9568e-05
1.93763e-05
1.91883e-05
1.90039e-05
1.88231e-05
1.86456e-05
1.84714e-05
1.83004e-05
1.81326e-05
1.79677e-05
1.78059e-05
1.76469e-05
1.74907e-05
1.73373e-05
1.71865e-05
1.70383e-05
1.68927e-05
 1.6749e-05
1.66113e-05
1.64526e-05
 0.00199971
          1
2.00208e-07
1.90182e-07
1.81157e-07
1.72985e-07
1.65543e-07
1.58737e-07
1.52484e-07
1.46719e-07
1.41384e-07
1.36432e-07
1.31823e-07
 1.2752e-07
1.23495e-07
 1.1972e-07
1.16172e-07
1.12832e-07
1.09681e-07
1.06703e-07
1.03884e-07
1.01213e-07
 9.8676e-08
9.62648e-08
9.39696e-08
9.17822e-08
8.96951e-08
8.77016e-08
8.57953e-08
8.39707e-08
8.22225e-08
 8.0546e-08
7.89369e-08
7.73911e-08
 7.5905e-08
7.44751e-08
7.30983e-08
7.17717e-08
7.04926e-08
6.92583e-08
6.80667e-08
6.69155e-08
6.58027e-08
6.47264e-08
6.36848e-08
6.26762e-08
6.16992e-08
6.07521e-08
5.98338e-08
5.89428e-08
 5.8078e-08
5.72382e-08
5.64224e-08
5.56295e-08
5.48587e-08
5.41088e-08
5.33792e-08
 5.2669e-08
5.19775e-08
5.13038e-08
5.06474e-08
5.00076e-08
4.93837e-08
4.87752e-08
4.81815e-08
 4.7602e-08
4.70363e-08
4.64839e-08
4.59442e-08
 4.5417e-08
4.49017e-08
4.43979e-08
4.39052e-08
4.34234e-08
 4.2952e-08
4.24907e-08
4.20392e-08
4.15972e-08
4.11643e-08
4.07403e-08
 4.0325e-08
 3.9918e-08
3.95191e-08
3.91281e-08
3.87447e-08
3.83687e-08
    3.8e-08
3.76382e-08
3.72832e-08
3.69349e-08
 3.6593e-08
3.62573e-08
3.59277e-08
 3.5604e-08
3.52861e-08
3.49738e-08
3.46669e-08
3.43654e-08
 3.4069e-08
3.37778e-08
3.34905e-08
3.32149e-08
3.28976e-08
