-1.46381e-09
 4.69683e-09
  2.9255e-09
 3.91891e-09
 2.99284e-09
 3.30931e-09
 2.71154e-09
  2.8298e-09
 2.40628e-09
 2.44607e-09
 2.13276e-09
-1.57114e-08
-4.13408e-10
 9.00506e-10
 3.07924e-09
 3.59968e-09
 4.14962e-09
  4.3803e-09
 4.48069e-09
 4.57319e-09
 4.51925e-09
 4.53384e-09
 4.40675e-09
 8.85474e-05
 9.55724e-05
 8.66238e-05
 8.70032e-05
  8.0303e-05
 7.99157e-05
 7.43771e-05
 7.39526e-05
 6.91267e-05
 6.88698e-05
 6.44958e-05
  0.00200021
           1
 1.83259e-07
 1.94671e-07
 1.75728e-07
 1.75996e-07
 1.62131e-07
 1.61171e-07
 1.49823e-07
 1.48891e-07
 1.39054e-07
 1.38505e-07
 1.29615e-07
