5.22242e-09
1.71031e-09
1.27371e-09
7.36865e-10
5.93189e-10
4.08179e-10
3.43734e-10
2.58161e-10
2.23958e-10
1.77422e-10
1.57202e-10
1.29127e-10
1.16227e-10
9.80122e-11
8.93015e-11
7.68278e-11
7.06815e-11
6.17748e-11
5.72787e-11
5.07477e-11
4.68975e-11
 3.6915e-09
4.53755e-09
 2.6083e-09
2.53858e-09
1.73941e-09
1.67452e-09
1.24711e-09
1.20569e-09
9.43709e-10
9.17819e-10
7.42723e-10
7.26377e-10
6.02093e-10
5.91678e-10
 4.9946e-10
4.92826e-10
4.22024e-10
4.17861e-10
3.62006e-10
3.59499e-10
3.14395e-10
3.09967e-10
9.25383e-05
5.37285e-05
4.37762e-05
3.43229e-05
2.98436e-05
2.53679e-05
2.28019e-05
  2.016e-05
1.84923e-05
1.67409e-05
1.55685e-05
1.43196e-05
1.34497e-05
1.25131e-05
1.18417e-05
1.11129e-05
1.05789e-05
9.99534e-06
   9.56e-06
9.08581e-06
8.68695e-06
0.000199983
          1
2.00566e-08
1.11912e-08
9.03076e-09
7.01679e-09
6.06561e-09
 5.1411e-09
4.60261e-09
4.06614e-09
3.71864e-09
 3.3667e-09
3.12354e-09
2.87432e-09
2.69447e-09
2.50848e-09
2.36999e-09
2.22576e-09
2.11578e-09
2.00062e-09
1.91106e-09
1.81767e-09
1.73597e-09
