3.50043e-10
 4.5425e-09
3.00124e-09
 3.7095e-09
2.88491e-09
3.11545e-09
2.57412e-09
2.66163e-09
2.27247e-09
2.30263e-09
2.01056e-09
-7.7508e-09
2.63816e-09
2.90279e-09
4.30773e-09
4.37988e-09
4.68591e-09
4.67316e-09
4.68656e-09
4.62744e-09
4.54966e-09
4.45932e-09
4.29018e-09
8.85474e-05
9.55724e-05
8.66238e-05
8.70032e-05
 8.0303e-05
7.99157e-05
7.43771e-05
7.39526e-05
6.91267e-05
6.88698e-05
6.44958e-05
 0.00200006
          1
 1.8143e-07
1.93501e-07
1.74927e-07
 1.7533e-07
 1.6163e-07
1.60721e-07
 1.4947e-07
1.48558e-07
1.38789e-07
1.38246e-07
1.29406e-07
