3.47139e-09
 4.4363e-09
3.66332e-09
3.65911e-09
3.17938e-09
3.08526e-09
2.74048e-09
2.64253e-09
2.37716e-09
2.29194e-09
2.07863e-09
2.00894e-09
1.83164e-09
  1.777e-09
 1.6252e-09
 1.5846e-09
1.45074e-09
1.42348e-09
1.30156e-09
1.28767e-09
1.17239e-09
3.13804e-09
6.15813e-09
5.98552e-09
6.20992e-09
6.02662e-09
5.92362e-09
5.74594e-09
5.56855e-09
5.40186e-09
5.21188e-09
5.05676e-09
 4.8748e-09
4.72944e-09
4.56409e-09
4.42496e-09
4.28144e-09
4.14298e-09
4.02712e-09
3.88031e-09
3.80202e-09
3.63096e-09
3.50395e-09
9.69844e-05
9.51505e-05
8.94783e-05
 8.6575e-05
8.20761e-05
7.94723e-05
7.57155e-05
 7.3484e-05
7.02518e-05
6.83632e-05
6.55163e-05
 6.3934e-05
6.13708e-05
 6.0068e-05
5.77051e-05
5.66708e-05
5.44298e-05
5.36749e-05
5.14675e-05
5.10368e-05
4.87425e-05
 0.00199984
          1
1.95509e-07
 1.9114e-07
1.79595e-07
1.73643e-07
1.64558e-07
1.59285e-07
1.51723e-07
1.47221e-07
1.40726e-07
1.36922e-07
1.31208e-07
1.28024e-07
1.22884e-07
1.20263e-07
1.15527e-07
1.13446e-07
1.08958e-07
1.07437e-07
1.03018e-07
1.02148e-07
 9.7552e-08
