2.39271e-09
9.88692e-10
7.19429e-10
4.68082e-10
3.71099e-10
2.75839e-10
2.29557e-10
1.82477e-10
1.56779e-10
  1.298e-10
1.14176e-10
9.71265e-11
8.68305e-11
7.54184e-11
6.82633e-11
 6.0264e-11
5.50681e-11
4.92635e-11
4.53729e-11
4.10066e-11
3.80321e-11
3.46634e-11
3.23349e-11
2.96794e-11
2.78273e-11
2.56991e-11
2.41969e-11
2.24641e-11
2.12322e-11
1.98027e-11
1.87798e-11
1.75855e-11
1.67268e-11
1.57208e-11
1.49924e-11
1.41363e-11
1.35125e-11
1.27785e-11
1.22424e-11
1.16069e-11
1.11409e-11
 1.0589e-11
1.01822e-11
9.69845e-12
9.34132e-12
8.91547e-12
8.60006e-12
8.22325e-12
7.94336e-12
7.60833e-12
7.35881e-12
7.05954e-12
6.83624e-12
6.56792e-12
 6.3673e-12
6.12571e-12
5.94471e-12
5.72646e-12
5.56263e-12
5.36497e-12
5.21634e-12
5.03638e-12
4.90104e-12
4.73711e-12
4.61349e-12
4.46355e-12
4.35042e-12
4.21299e-12
4.10911e-12
3.98282e-12
3.88731e-12
3.77097e-12
3.68288e-12
3.57552e-12
3.49414e-12
3.39482e-12
3.31947e-12
3.22743e-12
3.15754e-12
3.07208e-12
3.00713e-12
2.92764e-12
2.86718e-12
2.79312e-12
2.73674e-12
2.66762e-12
2.61498e-12
2.55037e-12
2.50113e-12
2.44066e-12
2.39454e-12
2.33785e-12
2.29459e-12
2.24138e-12
2.20075e-12
2.15074e-12
2.11253e-12
2.06547e-12
 2.0295e-12
1.98517e-12
1.95065e-12
1.25944e-09
1.63559e-09
1.11149e-09
1.05064e-09
8.07307e-10
7.51154e-10
6.12014e-10
5.71727e-10
4.82513e-10
4.53716e-10
3.92106e-10
3.71149e-10
3.26179e-10
3.10612e-10
2.76532e-10
2.64669e-10
2.38054e-10
2.28793e-10
2.07556e-10
2.00175e-10
1.82892e-10
1.76923e-10
1.62618e-10
1.57738e-10
1.45727e-10
1.41688e-10
1.31486e-10
1.28107e-10
1.19349e-10
1.16499e-10
 1.0891e-10
1.06488e-10
9.98573e-11
9.77849e-11
9.19506e-11
9.01645e-11
8.49967e-11
8.34498e-11
7.88456e-11
7.74986e-11
 7.3374e-11
7.21956e-11
 6.8483e-11
6.74478e-11
6.40908e-11
 6.3178e-11
6.01301e-11
5.93222e-11
5.65445e-11
5.58272e-11
5.32868e-11
5.26481e-11
5.03172e-11
4.97468e-11
4.76016e-11
4.70911e-11
4.51113e-11
4.46533e-11
4.28212e-11
4.24094e-11
4.07099e-11
 4.0339e-11
3.87587e-11
3.84241e-11
3.69515e-11
 3.6649e-11
 3.5274e-11
3.50003e-11
3.37139e-11
3.34658e-11
  3.226e-11
3.20349e-11
3.09028e-11
3.06983e-11
2.96335e-11
2.94477e-11
2.84447e-11
2.82756e-11
2.73294e-11
2.71755e-11
2.62816e-11
2.61414e-11
2.52958e-11
 2.5168e-11
 2.4367e-11
2.42505e-11
2.34909e-11
2.33846e-11
2.26634e-11
2.25665e-11
2.18809e-11
2.17926e-11
2.11401e-11
2.10596e-11
2.04381e-11
2.03647e-11
1.97721e-11
1.97052e-11
1.91396e-11
1.90788e-11
1.85376e-11
1.84757e-11
9.25383e-05
5.37285e-05
4.37762e-05
3.43229e-05
2.98436e-05
2.53679e-05
2.28019e-05
  2.016e-05
1.84923e-05
1.67409e-05
1.55685e-05
1.43196e-05
1.34497e-05
1.25131e-05
1.18417e-05
1.11129e-05
1.05789e-05
 9.9953e-06
9.56036e-06
9.08242e-06
8.72126e-06
8.32258e-06
8.01787e-06
7.68021e-06
7.41965e-06
7.12997e-06
6.90461e-06
6.65334e-06
6.45649e-06
6.23645e-06
6.06302e-06
5.86873e-06
5.71476e-06
5.54194e-06
5.40434e-06
5.24961e-06
5.12589e-06
4.98655e-06
4.87471e-06
4.74857e-06
4.64698e-06
4.53225e-06
4.43956e-06
4.33476e-06
4.24985e-06
4.15374e-06
4.07567e-06
 3.9872e-06
3.91518e-06
3.83349e-06
3.76683e-06
3.69116e-06
 3.6293e-06
3.55901e-06
3.50143e-06
3.43597e-06
3.38225e-06
3.32113e-06
 3.2709e-06
3.21371e-06
3.16663e-06
  3.113e-06
3.06879e-06
 3.0184e-06
 2.9768e-06
2.92936e-06
2.89014e-06
 2.8454e-06
2.80838e-06
2.76612e-06
 2.7311e-06
2.69111e-06
2.65795e-06
2.62006e-06
 2.5886e-06
2.55265e-06
2.52277e-06
 2.4886e-06
2.46019e-06
2.42769e-06
2.40063e-06
2.36967e-06
2.34388e-06
2.31435e-06
2.28973e-06
2.26154e-06
2.23803e-06
2.21108e-06
2.18859e-06
2.16282e-06
2.14129e-06
2.11661e-06
2.09598e-06
2.07232e-06
2.05253e-06
2.02984e-06
2.01085e-06
1.98906e-06
1.97081e-06
1.94988e-06
1.93204e-06
0.000199987
          1
1.90641e-08
1.09668e-08
8.89175e-09
6.95283e-09
6.02805e-09
5.11851e-09
4.59195e-09
4.05787e-09
3.71721e-09
 3.3643e-09
 3.1256e-09
2.87444e-09
2.69783e-09
2.50985e-09
2.37372e-09
2.22771e-09
2.11952e-09
2.00279e-09
1.91472e-09
1.81923e-09
1.74615e-09
1.66656e-09
1.60494e-09
1.53757e-09
1.48491e-09
1.42715e-09
1.38162e-09
1.33153e-09
1.29178e-09
1.24794e-09
1.21292e-09
1.17422e-09
1.14315e-09
1.10873e-09
1.08097e-09
1.05016e-09
1.02521e-09
 9.9747e-10
9.74912e-10
 9.4981e-10
9.29322e-10
9.06494e-10
8.87804e-10
8.66953e-10
8.49834e-10
8.30715e-10
8.14977e-10
7.97382e-10
7.82863e-10
7.66617e-10
7.53181e-10
7.38134e-10
7.25665e-10
7.11689e-10
7.00085e-10
 6.8707e-10
6.76245e-10
6.64095e-10
6.53972e-10
6.42603e-10
6.33116e-10
6.22455e-10
6.13547e-10
 6.0353e-10
5.95149e-10
5.85719e-10
5.77819e-10
5.68927e-10
5.61468e-10
5.53068e-10
5.46014e-10
5.38067e-10
5.31386e-10
5.23855e-10
5.17519e-10
5.10373e-10
5.04355e-10
4.97566e-10
4.91842e-10
4.85383e-10
4.79933e-10
4.73781e-10
4.68585e-10
4.62718e-10
4.57759e-10
4.52158e-10
4.47421e-10
4.42068e-10
4.37538e-10
4.32417e-10
 4.2808e-10
4.23176e-10
 4.1902e-10
4.14321e-10
4.10335e-10
4.05827e-10
4.02001e-10
3.97673e-10
3.93997e-10
3.89839e-10
3.86247e-10
