 2.21659e-06
 2.36836e-07
 3.72523e-07
  9.5253e-08
 1.41587e-07
 5.04671e-08
 7.19141e-08
 3.09407e-08
  4.2655e-08
 2.07804e-08
  2.7891e-08
 1.48578e-08
 1.95033e-08
 1.11193e-08
  1.4324e-08
 8.61603e-09
 1.09213e-08
 6.86173e-09
 8.57615e-09
 5.58687e-09
 6.89694e-09
 4.63262e-09
 5.65651e-09
 3.90059e-09
 4.71618e-09
 3.32725e-09
 3.98758e-09
 2.87017e-09
 3.41236e-09
 2.50012e-09
 2.95083e-09
 2.19649e-09
 2.57525e-09
 1.94438e-09
 2.26576e-09
 1.73286e-09
  2.0079e-09
  1.5537e-09
 1.79093e-09
 1.40067e-09
 1.60672e-09
 1.26896e-09
 1.44908e-09
 1.15481e-09
 1.31318e-09
 1.05525e-09
 1.19524e-09
 9.67908e-10
 1.09227e-09
 8.90881e-10
 1.00185e-09
 8.22613e-10
 9.22055e-10
 7.61832e-10
 8.51292e-10
  7.0749e-10
 7.88261e-10
 6.58712e-10
 7.31886e-10
 6.14769e-10
  6.8127e-10
 5.75045e-10
 6.35663e-10
  5.3902e-10
 5.94429e-10
  5.0625e-10
 5.57032e-10
 4.76358e-10
 5.23014e-10
 4.49018e-10
 4.91983e-10
 4.23948e-10
 4.63603e-10
 4.00905e-10
 4.37582e-10
 3.79678e-10
 4.13668e-10
 3.60082e-10
 3.91641e-10
 3.41954e-10
 3.71309e-10
 3.25152e-10
 3.52504e-10
 3.09551e-10
 3.35078e-10
 2.95038e-10
   3.189e-10
 2.81517e-10
 3.03854e-10
 2.68898e-10
 2.89839e-10
 2.57104e-10
 2.76762e-10
 2.46064e-10
 2.64543e-10
 2.35716e-10
 2.53108e-10
 2.26004e-10
 2.42392e-10
 2.16876e-10
 2.32336e-10
-1.08542e-12
 1.77257e-06
 2.36777e-07
 8.15529e-07
 1.73198e-07
 4.77656e-07
 1.26964e-07
  3.1694e-07
 9.66999e-08
 2.27105e-07
 7.62141e-08
  1.7147e-07
 6.17547e-08
 1.34473e-07
  5.1166e-08
 1.08542e-07
 4.31694e-08
 8.96199e-08
 3.69734e-08
 7.53615e-08
 3.20679e-08
 6.43338e-08
 2.81126e-08
 5.56184e-08
 2.48731e-08
 4.86035e-08
 2.21835e-08
 4.28686e-08
  1.9924e-08
 3.81165e-08
 1.80059e-08
 3.41321e-08
 1.63624e-08
 3.07565e-08
 1.49426e-08
 2.78702e-08
 1.37068e-08
 2.53818e-08
 1.26241e-08
 2.32205e-08
 1.16696e-08
 2.13307e-08
 1.08235e-08
 1.96681e-08
 1.00697e-08
 1.81974e-08
 9.39495e-09
 1.68897e-08
 8.78836e-09
 1.57215e-08
 8.24089e-09
 1.46734e-08
 7.74495e-09
 1.37292e-08
 7.29414e-09
 1.28756e-08
 6.88305e-09
  1.2101e-08
 6.50704e-09
 1.13961e-08
 6.16218e-09
 1.07524e-08
 5.84503e-09
 1.01631e-08
 5.55266e-09
 9.62217e-09
  5.2825e-09
 9.12432e-09
 5.03231e-09
 8.66505e-09
 4.80013e-09
 8.24044e-09
 4.58425e-09
 7.84704e-09
 4.38314e-09
 7.48183e-09
 4.19546e-09
 7.14214e-09
 4.02002e-09
 6.82563e-09
 3.85576e-09
  6.5302e-09
 3.70173e-09
   6.254e-09
 3.55707e-09
 5.99538e-09
 3.42104e-09
 5.75285e-09
 3.29295e-09
  5.5251e-09
 3.17217e-09
 5.31093e-09
 3.05816e-09
 5.10927e-09
  2.9504e-09
 4.91915e-09
 2.84844e-09
  4.7397e-09
 2.75186e-09
 4.57012e-09
 2.66029e-09
  4.4097e-09
   0.0019999
 0.000666567
 0.000666567
   0.0003999
   0.0003999
 0.000285614
 0.000285614
 0.000222122
 0.000222122
 0.000181718
 0.000181718
 0.000153746
 0.000153746
 0.000133233
 0.000133233
 0.000117547
 0.000117547
 0.000105163
 0.000105163
 9.51381e-05
 9.51381e-05
 8.68565e-05
 8.68565e-05
    7.99e-05
    7.99e-05
 7.39741e-05
 7.39741e-05
 6.88655e-05
 6.88655e-05
 6.44161e-05
 6.44161e-05
 6.05061e-05
 6.05061e-05
 5.70429e-05
 5.70429e-05
 5.39541e-05
 5.39541e-05
 5.11821e-05
 5.11821e-05
 4.86805e-05
 4.86805e-05
 4.64116e-05
 4.64116e-05
 4.43444e-05
 4.43444e-05
 4.24532e-05
 4.24532e-05
 4.07163e-05
 4.07163e-05
 3.91157e-05
 3.91157e-05
 3.76358e-05
 3.76358e-05
 3.62636e-05
 3.62636e-05
 3.49877e-05
 3.49877e-05
 3.37983e-05
 3.37983e-05
 3.26869e-05
 3.26869e-05
  3.1646e-05
  3.1646e-05
 3.06692e-05
 3.06692e-05
 2.97507e-05
 2.97507e-05
 2.88855e-05
 2.88855e-05
  2.8069e-05
  2.8069e-05
 2.72973e-05
 2.72973e-05
 2.65667e-05
 2.65667e-05
  2.5874e-05
  2.5874e-05
 2.52165e-05
 2.52165e-05
 2.45914e-05
 2.45914e-05
 2.39964e-05
 2.39964e-05
 2.34294e-05
 2.34294e-05
 2.28885e-05
 2.28885e-05
 2.23719e-05
 2.23719e-05
  2.1878e-05
  2.1878e-05
 2.14054e-05
 2.14054e-05
 2.09526e-05
 2.09526e-05
 2.05186e-05
 2.05186e-05
  2.0102e-05
  2.0102e-05
  1.9702e-05
  1.9702e-05
   0.0019999
           1
 4.88568e-06
 1.42176e-06
 1.43938e-06
 8.30987e-07
 8.27221e-07
 5.85893e-07
 5.79694e-07
 4.52302e-07
 4.46509e-07
  3.6832e-07
 3.63355e-07
 3.10659e-07
 3.06476e-07
 2.68625e-07
 2.65094e-07
 2.36621e-07
  2.3362e-07
 2.11439e-07
 2.08865e-07
 1.91106e-07
 1.88879e-07
 1.74344e-07
   1.724e-07
 1.60287e-07
 1.58577e-07
 1.48329e-07
 1.46815e-07
 1.38032e-07
 1.36682e-07
 1.29072e-07
 1.27861e-07
 1.21205e-07
 1.20113e-07
 1.14241e-07
 1.13251e-07
 1.08034e-07
 1.07133e-07
 1.02466e-07
 1.01643e-07
 9.74439e-08
 9.66885e-08
 9.28906e-08
 9.21951e-08
 8.87435e-08
 8.81011e-08
 8.49504e-08
 8.43553e-08
  8.1468e-08
 8.09151e-08
 7.82594e-08
 7.77444e-08
 7.52936e-08
 7.48128e-08
  7.2544e-08
 7.20942e-08
 6.99879e-08
  6.9566e-08
 6.76054e-08
  6.7209e-08
 6.53795e-08
 6.50063e-08
 6.32951e-08
 6.29433e-08
 6.13393e-08
 6.10069e-08
 5.95004e-08
  5.9186e-08
 5.77683e-08
 5.74704e-08
  5.6134e-08
 5.58513e-08
 5.45893e-08
 5.43207e-08
 5.31271e-08
 5.28716e-08
  5.1741e-08
 5.14976e-08
 5.04251e-08
 5.01931e-08
 4.91743e-08
 4.89528e-08
 4.79838e-08
 4.77722e-08
 4.68494e-08
  4.6647e-08
 4.57673e-08
 4.55734e-08
 4.47338e-08
  4.4548e-08
 4.37458e-08
 4.35676e-08
 4.28003e-08
 4.26292e-08
 4.18946e-08
 4.17303e-08
 4.10264e-08
 4.08683e-08
 4.01932e-08
 4.00411e-08
 3.93931e-08
 3.92466e-08
