2.21659e-08
2.36836e-09
3.72523e-09
 9.5253e-10
1.41588e-09
5.04671e-10
 7.1914e-10
3.09406e-10
4.26549e-10
2.07804e-10
2.78909e-10
1.48578e-10
1.95033e-10
1.11193e-10
 1.4324e-10
8.61601e-11
1.09213e-10
6.86172e-11
8.57615e-11
5.58686e-11
6.89693e-11
4.69588e-16
1.77257e-08
2.36777e-09
8.15529e-09
1.73198e-09
4.77656e-09
1.26964e-09
 3.1694e-09
   9.67e-10
2.27105e-09
7.62142e-10
 1.7147e-09
6.17547e-10
1.34473e-09
 5.1166e-10
1.08542e-09
4.31694e-10
8.96199e-10
3.69734e-10
7.53615e-10
3.20679e-10
6.43338e-10
 0.00019999
6.66567e-05
6.66567e-05
  3.999e-05
  3.999e-05
2.85614e-05
2.85614e-05
2.22122e-05
2.22122e-05
1.81718e-05
1.81718e-05
1.53746e-05
1.53746e-05
1.33233e-05
1.33233e-05
1.17547e-05
1.17547e-05
1.05163e-05
1.05163e-05
9.51381e-06
9.51381e-06
 0.00019999
          1
4.88568e-08
1.42176e-08
1.43938e-08
8.30988e-09
8.27221e-09
5.85893e-09
5.79693e-09
4.52302e-09
4.46509e-09
 3.6832e-09
3.63355e-09
3.10659e-09
3.06476e-09
2.68625e-09
2.65094e-09
2.36621e-09
 2.3362e-09
2.11439e-09
2.08865e-09
1.91106e-09
1.88879e-09
