4.12817e-10
2.21419e-10
1.72264e-10
1.27499e-10
1.06297e-10
8.61983e-11
7.46164e-11
6.32513e-11
5.61375e-11
4.88555e-11
4.40443e-11
3.91425e-11
3.57065e-11
3.21758e-11
2.96665e-11
2.70133e-11
2.50694e-11
2.30456e-11
2.15118e-11
1.99236e-11
  1.869e-11
1.74151e-11
1.64103e-11
1.53664e-11
 1.4537e-11
1.36712e-11
1.29765e-11
1.22486e-11
 1.1662e-11
1.10464e-11
1.05408e-11
1.00135e-11
9.58135e-12
9.12393e-12
8.74907e-12
 8.3499e-12
8.02284e-12
7.67412e-12
7.38595e-12
7.07739e-12
6.82279e-12
6.55025e-12
6.32408e-12
6.07983e-12
5.87833e-12
5.66039e-12
5.47926e-12
5.28309e-12
5.12013e-12
4.94326e-12
 4.7958e-12
4.63551e-12
4.50188e-12
4.35615e-12
4.23465e-12
4.10178e-12
3.99077e-12
3.86933e-12
3.76773e-12
3.65646e-12
3.56312e-12
3.46081e-12
3.37506e-12
3.28075e-12
3.20159e-12
3.11455e-12
3.04139e-12
2.96083e-12
2.89306e-12
2.81836e-12
2.75545e-12
2.68605e-12
2.62756e-12
2.56294e-12
2.50846e-12
2.44822e-12
2.39737e-12
2.34111e-12
2.29358e-12
2.24095e-12
2.19646e-12
2.14715e-12
2.10545e-12
2.05918e-12
2.02003e-12
1.97657e-12
1.93976e-12
1.89887e-12
1.86422e-12
1.82571e-12
1.79306e-12
1.75674e-12
1.72592e-12
1.69163e-12
1.66253e-12
1.63011e-12
1.60259e-12
1.57192e-12
1.54586e-12
1.51682e-12
1.49172e-12
 6.3853e-11
9.35995e-11
8.44554e-11
8.48956e-11
7.69821e-11
7.48167e-11
6.87229e-11
6.62548e-11
6.13142e-11
5.90799e-11
5.49581e-11
5.30667e-11
4.96514e-11
4.79899e-11
4.50904e-11
 4.3726e-11
4.12615e-11
3.99929e-11
3.79312e-11
3.67907e-11
 3.5027e-11
3.40038e-11
3.24791e-11
3.15607e-11
3.02238e-11
2.94067e-11
2.82243e-11
2.74879e-11
2.64364e-11
2.57749e-11
2.48332e-11
2.42333e-11
2.33858e-11
2.28426e-11
2.20765e-11
2.15808e-11
2.08837e-11
2.04325e-11
 1.9797e-11
1.93832e-11
1.88008e-11
1.84207e-11
1.78864e-11
1.75366e-11
1.70433e-11
1.67205e-11
 1.6265e-11
1.59662e-11
1.55439e-11
1.52669e-11
1.48747e-11
1.46172e-11
 1.4252e-11
1.40123e-11
1.36714e-11
1.34478e-11
1.31291e-11
1.29201e-11
1.26215e-11
1.24259e-11
1.21456e-11
1.19621e-11
1.16987e-11
1.15264e-11
1.12783e-11
1.11162e-11
1.08823e-11
1.07297e-11
1.05087e-11
1.03648e-11
1.01559e-11
1.00199e-11
9.82209e-12
9.69357e-12
  9.506e-12
9.38435e-12
9.20631e-12
9.09102e-12
8.92183e-12
8.81247e-12
8.65151e-12
8.54766e-12
8.39439e-12
8.29566e-12
8.14956e-12
8.05563e-12
7.91623e-12
7.82677e-12
7.69364e-12
7.60838e-12
7.48113e-12
7.39978e-12
7.27805e-12
7.20039e-12
7.08384e-12
7.00963e-12
6.89796e-12
  6.827e-12
6.71991e-12
6.65202e-12
6.54833e-12
6.48281e-12
9.25383e-05
5.37285e-05
4.37762e-05
3.43229e-05
2.98436e-05
2.53679e-05
2.28019e-05
  2.016e-05
1.84923e-05
1.67409e-05
1.55685e-05
1.43196e-05
1.34497e-05
1.25131e-05
1.18417e-05
1.11129e-05
1.05789e-05
 9.9953e-06
9.56036e-06
9.08242e-06
8.72125e-06
8.32258e-06
8.01787e-06
7.68021e-06
7.41965e-06
7.12997e-06
6.90461e-06
6.65334e-06
6.45649e-06
6.23645e-06
6.06302e-06
5.86873e-06
5.71476e-06
5.54194e-06
5.40434e-06
5.24961e-06
5.12589e-06
4.98655e-06
4.87471e-06
4.74857e-06
4.64698e-06
4.53225e-06
4.43956e-06
4.33476e-06
4.24985e-06
4.15374e-06
4.07567e-06
 3.9872e-06
3.91518e-06
3.83349e-06
3.76683e-06
3.69116e-06
 3.6293e-06
3.55901e-06
3.50143e-06
3.43597e-06
3.38225e-06
3.32113e-06
 3.2709e-06
3.21371e-06
3.16663e-06
  3.113e-06
3.06879e-06
 3.0184e-06
 2.9768e-06
2.92936e-06
2.89014e-06
 2.8454e-06
2.80838e-06
2.76612e-06
 2.7311e-06
2.69111e-06
2.65795e-06
2.62006e-06
 2.5886e-06
2.55265e-06
2.52277e-06
 2.4886e-06
2.46019e-06
2.42769e-06
2.40063e-06
2.36967e-06
2.34388e-06
2.31435e-06
2.28973e-06
2.26154e-06
2.23803e-06
2.21108e-06
2.18859e-06
2.16282e-06
2.14129e-06
2.11661e-06
2.09598e-06
2.07232e-06
2.05253e-06
2.02984e-06
2.01085e-06
1.98906e-06
1.97081e-06
1.94988e-06
1.93204e-06
 0.00019999
          1
 1.8538e-08
1.07643e-08
8.76914e-09
6.87415e-09
5.97663e-09
5.07998e-09
4.56544e-09
4.03644e-09
3.70214e-09
3.35146e-09
3.11646e-09
2.86638e-09
2.69203e-09
2.50449e-09
2.36999e-09
2.22403e-09
2.11713e-09
2.00027e-09
1.91313e-09
1.81751e-09
 1.7451e-09
1.66538e-09
1.60428e-09
1.53676e-09
1.48452e-09
 1.4266e-09
1.38142e-09
1.33118e-09
1.29172e-09
1.24773e-09
1.21296e-09
1.17412e-09
1.14326e-09
1.10871e-09
1.08113e-09
 1.0502e-09
1.02541e-09
9.97552e-10
9.75141e-10
9.49926e-10
9.29568e-10
9.06635e-10
8.88062e-10
8.67113e-10
8.50099e-10
8.30888e-10
8.15245e-10
7.97564e-10
7.83133e-10
7.66805e-10
 7.5345e-10
7.38327e-10
7.25931e-10
7.11884e-10
7.00348e-10
6.87265e-10
6.76504e-10
6.64289e-10
6.54225e-10
6.42796e-10
6.33365e-10
6.22647e-10
 6.1379e-10
6.03719e-10
5.95386e-10
5.85905e-10
 5.7805e-10
5.69109e-10
5.61693e-10
5.53247e-10
5.46233e-10
5.38242e-10
5.31599e-10
5.24027e-10
5.17726e-10
5.10541e-10
5.04557e-10
4.97729e-10
4.92038e-10
4.85543e-10
4.80124e-10
4.73937e-10
4.68771e-10
4.62871e-10
 4.5794e-10
4.52307e-10
4.47597e-10
4.42214e-10
4.37709e-10
4.32559e-10
4.28246e-10
4.23315e-10
4.19182e-10
4.14456e-10
4.10493e-10
4.05959e-10
4.02155e-10
3.97801e-10
3.94147e-10
3.89965e-10
3.86392e-10
