2.37634e-09
 2.3631e-09
2.11195e-09
2.02305e-09
1.84011e-09
 1.7582e-09
1.61443e-09
1.54564e-09
1.42799e-09
1.37169e-09
1.27253e-09
1.22721e-09
1.14145e-09
 1.1058e-09
1.02969e-09
1.00283e-09
9.33341e-10
9.14919e-10
8.49297e-10
8.39616e-10
7.75021e-10
2.11015e-09
2.32352e-09
2.23185e-09
2.23403e-09
2.17144e-09
2.13728e-09
2.08546e-09
2.03929e-09
 1.9938e-09
1.94352e-09
1.90269e-09
1.85182e-09
1.81459e-09
1.76515e-09
1.73038e-09
1.68409e-09
1.65006e-09
1.60925e-09
1.57276e-09
 1.5418e-09
1.49634e-09
1.45345e-09
9.69844e-05
9.51505e-05
8.94783e-05
 8.6575e-05
8.20761e-05
7.94723e-05
7.57155e-05
 7.3484e-05
7.02518e-05
6.83632e-05
6.55163e-05
 6.3934e-05
6.13708e-05
 6.0068e-05
5.77051e-05
5.66708e-05
5.44298e-05
5.36749e-05
5.14675e-05
5.10368e-05
4.87425e-05
 0.00199986
          1
1.94146e-07
1.90405e-07
1.79046e-07
1.73223e-07
1.64217e-07
1.59001e-07
1.51481e-07
1.47013e-07
1.40544e-07
1.36763e-07
1.31066e-07
1.27898e-07
1.22769e-07
1.20161e-07
1.15433e-07
1.13362e-07
1.08879e-07
1.07367e-07
1.02951e-07
1.02088e-07
9.74979e-08
