1.92559e-09
2.43178e-09
1.97272e-09
2.06464e-09
1.76081e-09
1.78876e-09
1.55997e-09
1.56993e-09
1.38735e-09
1.39125e-09
1.24161e-09
1.36738e-09
2.27709e-09
2.05451e-09
2.19101e-09
2.08967e-09
2.09957e-09
2.03889e-09
2.00675e-09
1.96361e-09
1.91621e-09
1.88028e-09
1.81015e-09
8.85474e-05
9.55724e-05
8.66238e-05
8.70032e-05
 8.0303e-05
7.99157e-05
7.43771e-05
7.39526e-05
6.91267e-05
6.88698e-05
6.44958e-05
 0.00199987
          1
1.77556e-07
1.91361e-07
1.73422e-07
 1.7414e-07
1.60717e-07
1.59927e-07
1.48836e-07
1.47978e-07
1.38317e-07
1.37797e-07
1.29041e-07
