1.65472e-09
8.83887e-10
6.17621e-10
4.42398e-10
3.41739e-10
2.68483e-10
2.18823e-10
1.80808e-10
1.52425e-10
1.30031e-10
1.12344e-10
9.79472e-11
8.61978e-11
7.63929e-11
6.82355e-11
6.11776e-11
5.53139e-11
5.00808e-11
4.57058e-11
4.17936e-11
3.84146e-11
3.53318e-11
3.27501e-11
 3.0268e-11
2.82233e-11
2.62226e-11
2.45659e-11
2.29354e-11
2.15674e-11
2.02251e-11
1.90873e-11
1.79641e-11
1.70048e-11
 1.6061e-11
1.52461e-11
1.44419e-11
1.37437e-11
1.30543e-11
 1.2452e-11
1.18566e-11
1.13328e-11
1.08148e-11
1.03572e-11
9.90399e-12
 9.5015e-12
9.10258e-12
8.74697e-12
8.39413e-12
8.07829e-12
7.76476e-12
7.48303e-12
7.20312e-12
6.95077e-12
6.69989e-12
6.47305e-12
6.24727e-12
6.04258e-12
5.83881e-12
5.65347e-12
5.46884e-12
5.30053e-12
5.13269e-12
4.97945e-12
4.82654e-12
4.68649e-12
4.54675e-12
4.41855e-12
4.29047e-12
4.17278e-12
4.05516e-12
3.94686e-12
3.83857e-12
3.73869e-12
 3.6388e-12
3.54651e-12
3.45411e-12
3.36866e-12
 3.2831e-12
3.20381e-12
3.12439e-12
3.05071e-12
2.97686e-12
2.90826e-12
2.83949e-12
2.77552e-12
2.71136e-12
2.65161e-12
2.59167e-12
2.53578e-12
2.47969e-12
2.42734e-12
2.37478e-12
2.32568e-12
2.27636e-12
2.23024e-12
 2.1839e-12
2.14053e-12
2.09694e-12
 2.0561e-12
2.01508e-12
1.97545e-12
1.98444e-09
1.81115e-09
1.42736e-09
1.22356e-09
1.02367e-09
8.95047e-10
7.74644e-10
6.89941e-10
6.10457e-10
5.51572e-10
4.95856e-10
4.53081e-10
4.12266e-10
3.80019e-10
3.49184e-10
3.24232e-10
3.00192e-10
  2.805e-10
2.61317e-10
2.45474e-10
2.29918e-10
2.16949e-10
2.04098e-10
1.93374e-10
1.82602e-10
1.73622e-10
1.64492e-10
1.56888e-10
1.49079e-10
1.42573e-10
1.35835e-10
1.30222e-10
1.24362e-10
1.19482e-10
1.14351e-10
1.10078e-10
1.05557e-10
1.01793e-10
9.77852e-11
9.44509e-11
9.08803e-11
8.79112e-11
8.47139e-11
8.20577e-11
7.91828e-11
 7.6796e-11
7.41998e-11
7.20467e-11
6.96936e-11
 6.7744e-11
6.56036e-11
6.38323e-11
6.18791e-11
6.02645e-11
5.84766e-11
5.70005e-11
5.53593e-11
 5.4006e-11
5.24955e-11
5.12515e-11
4.98577e-11
4.87114e-11
4.74222e-11
4.63636e-11
4.51685e-11
4.41886e-11
4.30784e-11
4.21695e-11
4.11362e-11
4.02915e-11
3.93279e-11
3.85414e-11
3.76412e-11
3.69076e-11
3.60652e-11
3.53799e-11
3.45902e-11
3.39489e-11
3.32076e-11
3.26066e-11
3.19097e-11
3.13456e-11
3.06894e-11
3.01593e-11
2.95407e-11
2.90418e-11
2.84579e-11
2.79878e-11
 2.7436e-11
2.69924e-11
2.64703e-11
2.60514e-11
2.55568e-11
2.51606e-11
2.46916e-11
2.43166e-11
2.38714e-11
2.35161e-11
 2.3093e-11
2.27563e-11
2.23444e-11
2.20229e-11
 4.9866e-05
3.75329e-05
3.11861e-05
2.66053e-05
2.33602e-05
2.07895e-05
1.87838e-05
1.71129e-05
1.57414e-05
1.45614e-05
1.35612e-05
1.26811e-05
1.19181e-05
1.12355e-05
1.06336e-05
1.00882e-05
9.60095e-06
 9.1549e-06
8.75227e-06
8.38056e-06
8.04214e-06
7.72752e-06
7.43903e-06
7.16924e-06
6.92035e-06
6.68641e-06
6.46947e-06
6.26465e-06
6.07386e-06
5.89303e-06
5.72392e-06
5.56309e-06
5.41215e-06
5.26817e-06
5.13262e-06
5.00296e-06
4.88056e-06
4.76319e-06
 4.6521e-06
4.54534e-06
4.44407e-06
4.34655e-06
4.25384e-06
4.16441e-06
4.07923e-06
3.99691e-06
3.91837e-06
3.84235e-06
 3.7697e-06
3.69929e-06
3.63189e-06
3.56648e-06
3.50379e-06
3.44287e-06
 3.3844e-06
3.32753e-06
3.27287e-06
3.21964e-06
3.16844e-06
3.11853e-06
3.07046e-06
3.02355e-06
2.97834e-06
2.93418e-06
2.89157e-06
2.84993e-06
2.80971e-06
2.77036e-06
2.73234e-06
2.69511e-06
2.65911e-06
2.62383e-06
2.58968e-06
2.55621e-06
2.52378e-06
2.49198e-06
2.46114e-06
2.43088e-06
2.40153e-06
 2.3727e-06
2.34472e-06
2.31723e-06
2.29054e-06
2.26429e-06
2.23878e-06
 2.2137e-06
2.18931e-06
2.16531e-06
2.14197e-06
2.11899e-06
2.09663e-06
 2.0746e-06
2.05315e-06
2.03202e-06
2.01144e-06
1.99115e-06
1.97138e-06
1.95188e-06
1.93288e-06
1.91414e-06
1.89533e-06
0.000199982
          1
1.02861e-08
7.66207e-09
6.33032e-09
5.38421e-09
4.71387e-09
4.18917e-09
3.77852e-09
3.43944e-09
3.16057e-09
2.92202e-09
2.71935e-09
2.54201e-09
2.38776e-09
2.25052e-09
2.12913e-09
2.01957e-09
1.92148e-09
1.83199e-09
1.75105e-09
1.67649e-09
1.60856e-09
1.54548e-09
1.48762e-09
1.43356e-09
1.38367e-09
1.33682e-09
1.29335e-09
1.25235e-09
1.21414e-09
1.17795e-09
1.14409e-09
1.11192e-09
 1.0817e-09
 1.0529e-09
1.02578e-09
9.99851e-10
 9.7536e-10
9.51893e-10
9.29669e-10
 9.0833e-10
8.88072e-10
8.68581e-10
8.50039e-10
8.32166e-10
8.15131e-10
7.98682e-10
7.82976e-10
7.67787e-10
7.53261e-10
7.39193e-10
7.25718e-10
 7.1265e-10
7.00116e-10
6.87946e-10
6.76258e-10
6.64896e-10
 6.5397e-10
6.43338e-10
6.33103e-10
6.23132e-10
6.13524e-10
6.04155e-10
5.95118e-10
5.86298e-10
5.77781e-10
5.69463e-10
5.61425e-10
5.53567e-10
5.45967e-10
5.38532e-10
5.31335e-10
 5.2429e-10
5.17466e-10
5.10781e-10
  5.043e-10
4.97948e-10
4.91786e-10
4.85742e-10
4.79875e-10
4.74118e-10
4.68527e-10
4.63037e-10
4.57701e-10
4.52459e-10
4.47363e-10
4.42353e-10
4.37479e-10
4.32687e-10
4.28022e-10
4.23432e-10
4.18963e-10
4.14564e-10
4.10278e-10
4.06058e-10
4.01945e-10
3.97893e-10
3.93942e-10
3.90048e-10
 3.8625e-10
3.82508e-10
3.78748e-10
