1.66666e-09
8.89082e-10
6.21157e-10
4.44558e-10
3.43501e-10
2.69576e-10
2.19773e-10
1.81547e-10
1.52521e-10
1.31785e-10
1.08785e-10
2.00466e-09
 1.8286e-09
1.43999e-09
1.23454e-09
1.03173e-09
9.02845e-10
7.80035e-10
6.95873e-10
6.13345e-10
5.58749e-10
 4.9023e-10
4.45043e-10
4.98562e-05
3.75353e-05
3.11816e-05
2.66087e-05
2.33549e-05
2.07962e-05
1.87724e-05
 1.7133e-05
1.57001e-05
1.46545e-05
 1.3327e-05
0.000199982
          1
1.02886e-08
7.66279e-09
6.33105e-09
 5.3845e-09
4.71353e-09
4.19008e-09
3.77669e-09
3.44315e-09
3.15286e-09
2.93968e-09
2.67223e-09
