1.65385e-09
8.83814e-10
6.17707e-10
4.42395e-10
3.41919e-10
2.68447e-10
2.18894e-10
1.80875e-10
1.51978e-10
1.31345e-10
 1.0844e-10
1.98297e-09
1.81033e-09
1.42699e-09
1.22378e-09
 1.0233e-09
8.95637e-10
7.74108e-10
6.90673e-10
6.08948e-10
5.54785e-10
4.86892e-10
4.42049e-10
4.98562e-05
3.75353e-05
3.11816e-05
2.66087e-05
2.33549e-05
2.07962e-05
1.87724e-05
 1.7133e-05
1.57001e-05
1.46545e-05
 1.3327e-05
0.000199982
          1
1.02857e-08
7.66182e-09
6.33056e-09
5.38425e-09
4.71341e-09
4.19002e-09
3.77668e-09
3.44317e-09
3.15288e-09
2.93972e-09
2.67228e-09
