9.27083e-10
5.56288e-10
4.02366e-10
3.01756e-10
2.38656e-10
1.92781e-10
1.59841e-10
  1.348e-10
1.14714e-10
 1.0066e-10
8.42485e-11
8.32827e-10
8.12934e-10
6.88639e-10
6.08189e-10
5.29653e-10
4.72458e-10
4.20044e-10
3.79795e-10
3.42377e-10
 3.1457e-10
2.82232e-10
2.58255e-10
4.98562e-05
3.75353e-05
3.11816e-05
2.66087e-05
2.33549e-05
2.07962e-05
1.87724e-05
 1.7133e-05
1.57001e-05
1.46545e-05
 1.3327e-05
0.000199987
          1
1.01238e-08
7.59655e-09
6.29514e-09
5.36385e-09
4.70169e-09
4.18285e-09
3.77273e-09
 3.4411e-09
3.15187e-09
2.94015e-09
2.67296e-09
