9.28411e-10
5.55609e-10
4.02786e-10
3.01385e-10
2.38978e-10
1.92673e-10
1.60106e-10
1.34545e-10
1.15373e-10
9.95765e-11
8.71954e-11
7.67786e-11
6.83371e-11
6.10868e-11
5.49798e-11
4.97934e-11
4.52141e-11
 4.1308e-11
3.78475e-11
3.48355e-11
3.21443e-11
2.97772e-11
2.76431e-11
2.57429e-11
2.40294e-11
2.24746e-11
2.10786e-11
1.97962e-11
1.86369e-11
1.75655e-11
   1.66e-11
1.56939e-11
1.48742e-11
1.41063e-11
1.34054e-11
1.27479e-11
1.21434e-11
1.15747e-11
1.10517e-11
1.05573e-11
1.01001e-11
9.66728e-12
 9.2664e-12
8.88549e-12
8.53122e-12
8.19428e-12
 7.8803e-12
7.58073e-12
7.30071e-12
7.03329e-12
6.78277e-12
6.54299e-12
6.31787e-12
6.10202e-12
5.89902e-12
5.70412e-12
5.52041e-12
5.34376e-12
5.17701e-12
5.01642e-12
4.86455e-12
4.71816e-12
4.57957e-12
4.44564e-12
4.31873e-12
4.19606e-12
4.07957e-12
3.96684e-12
3.85963e-12
3.75582e-12
  3.657e-12
3.56118e-12
3.46986e-12
3.38122e-12
3.29668e-12
3.21456e-12
3.13611e-12
3.05986e-12
2.98697e-12
2.91604e-12
2.84818e-12
 2.7821e-12
2.71882e-12
2.65715e-12
2.59805e-12
2.54042e-12
2.48513e-12
2.43118e-12
 2.3794e-12
2.32883e-12
2.28025e-12
2.23278e-12
2.18715e-12
2.14254e-12
2.09963e-12
2.05765e-12
2.01724e-12
1.97769e-12
 1.9396e-12
1.90232e-12
1.86534e-12
8.34758e-10
8.13493e-10
 6.8803e-10
6.08623e-10
5.29458e-10
 4.7288e-10
4.19932e-10
3.80141e-10
3.42617e-10
3.13676e-10
2.86041e-10
2.64268e-10
2.43324e-10
2.26352e-10
2.10112e-10
1.96613e-10
1.83623e-10
1.72706e-10
1.62184e-10
1.53185e-10
1.44484e-10
 1.3701e-10
1.29713e-10
1.23408e-10
1.17237e-10
1.11864e-10
1.06578e-10
1.01963e-10
9.74012e-11
9.33961e-11
8.94265e-11
 8.5932e-11
8.24508e-11
7.93786e-11
7.63072e-11
 7.3591e-11
7.08667e-11
6.84498e-11
6.60196e-11
6.38607e-11
6.16825e-11
5.97435e-11
5.77828e-11
5.60349e-11
5.42624e-11
5.26802e-11
5.10721e-11
4.96348e-11
4.81705e-11
4.68605e-11
4.55231e-11
4.43253e-11
4.30998e-11
4.20015e-11
4.08756e-11
3.98657e-11
3.88284e-11
3.78976e-11
3.69396e-11
3.60794e-11
3.51926e-11
3.43959e-11
3.35732e-11
3.28339e-11
 3.2069e-11
3.13814e-11
3.06689e-11
3.00284e-11
2.93634e-11
2.87654e-11
2.81438e-11
2.75847e-11
2.70026e-11
2.64789e-11
2.59329e-11
2.54417e-11
2.49289e-11
2.44675e-11
 2.3985e-11
2.35509e-11
2.30964e-11
2.26875e-11
2.22588e-11
2.18731e-11
2.14682e-11
 2.1104e-11
2.07211e-11
2.03768e-11
2.00143e-11
1.96884e-11
1.93449e-11
1.90361e-11
1.87101e-11
1.84172e-11
1.81076e-11
1.78295e-11
1.75352e-11
1.72709e-11
1.69908e-11
1.67396e-11
1.64659e-11
1.62261e-11
 4.9866e-05
3.75329e-05
3.11861e-05
2.66053e-05
2.33602e-05
2.07895e-05
1.87838e-05
1.71129e-05
1.57414e-05
1.45614e-05
1.35612e-05
1.26811e-05
1.19181e-05
1.12355e-05
1.06336e-05
1.00882e-05
9.60095e-06
 9.1549e-06
8.75227e-06
8.38056e-06
8.04214e-06
7.72752e-06
7.43903e-06
7.16924e-06
6.92035e-06
6.68641e-06
6.46947e-06
6.26465e-06
6.07386e-06
5.89303e-06
5.72392e-06
5.56309e-06
5.41215e-06
5.26817e-06
5.13262e-06
5.00296e-06
4.88056e-06
4.76319e-06
 4.6521e-06
4.54534e-06
4.44407e-06
4.34655e-06
4.25384e-06
4.16441e-06
4.07923e-06
3.99691e-06
3.91837e-06
3.84235e-06
 3.7697e-06
3.69929e-06
3.63189e-06
3.56648e-06
3.50379e-06
3.44287e-06
 3.3844e-06
3.32753e-06
3.27287e-06
3.21964e-06
3.16844e-06
3.11853e-06
3.07046e-06
3.02355e-06
2.97834e-06
2.93418e-06
2.89157e-06
2.84993e-06
2.80971e-06
2.77036e-06
2.73234e-06
2.69511e-06
2.65911e-06
2.62383e-06
2.58968e-06
2.55621e-06
2.52378e-06
2.49198e-06
2.46114e-06
2.43088e-06
2.40153e-06
 2.3727e-06
2.34472e-06
2.31723e-06
2.29054e-06
2.26429e-06
2.23878e-06
 2.2137e-06
2.18931e-06
2.16531e-06
2.14197e-06
2.11899e-06
2.09663e-06
 2.0746e-06
2.05315e-06
2.03202e-06
2.01144e-06
1.99115e-06
1.97138e-06
1.95188e-06
1.93288e-06
1.91414e-06
1.89533e-06
0.000199987
          1
1.01254e-08
7.59569e-09
 6.2963e-09
5.36265e-09
4.70308e-09
4.18115e-09
3.77506e-09
3.43704e-09
 3.1598e-09
2.92194e-09
2.71997e-09
2.54294e-09
2.38901e-09
 2.2519e-09
2.13054e-09
2.02112e-09
1.92298e-09
1.83357e-09
1.75251e-09
1.67807e-09
1.60995e-09
  1.547e-09
1.48895e-09
  1.435e-09
1.38493e-09
1.33816e-09
1.29454e-09
 1.2536e-09
1.21525e-09
1.17912e-09
1.14514e-09
  1.113e-09
1.08268e-09
1.05392e-09
 1.0267e-09
 1.0008e-09
9.76222e-10
9.52779e-10
9.30481e-10
 9.0916e-10
8.88834e-10
 8.6936e-10
8.50757e-10
8.32898e-10
8.15806e-10
7.99371e-10
7.83613e-10
7.68436e-10
7.53863e-10
7.39805e-10
7.26287e-10
7.13229e-10
7.00656e-10
6.88495e-10
6.76769e-10
6.65415e-10
6.54456e-10
6.43831e-10
6.33564e-10
6.23601e-10
6.13963e-10
6.04601e-10
5.95536e-10
5.86722e-10
5.78181e-10
5.69868e-10
5.61806e-10
5.53954e-10
5.46331e-10
5.38902e-10
5.31684e-10
5.24644e-10
5.17799e-10
5.11119e-10
5.04619e-10
4.98272e-10
4.92092e-10
4.86053e-10
 4.8017e-10
4.74417e-10
 4.6881e-10
4.63323e-10
4.57973e-10
4.52735e-10
4.47624e-10
4.42618e-10
4.37731e-10
4.32942e-10
4.28264e-10
4.23678e-10
4.19197e-10
4.14801e-10
4.10504e-10
4.06287e-10
4.02163e-10
3.98114e-10
3.94152e-10
3.90262e-10
3.86453e-10
3.82715e-10
3.78945e-10
