3.11584e-11
 4.8285e-11
3.90539e-11
3.99343e-11
3.43474e-11
3.36039e-11
2.96482e-11
2.86959e-11
2.56824e-11
2.48109e-11
 2.2408e-11
2.16806e-11
1.96981e-11
1.91218e-11
 1.7436e-11
1.70051e-11
1.55279e-11
1.52377e-11
1.38997e-11
1.37523e-11
1.24935e-11
1.05215e-11
6.07385e-11
6.19033e-11
6.69455e-11
6.60206e-11
 6.5645e-11
6.41505e-11
6.24461e-11
6.08084e-11
5.87809e-11
5.71446e-11
5.51325e-11
5.35384e-11
5.16821e-11
5.01197e-11
 4.8499e-11
 4.6919e-11
4.56118e-11
4.39191e-11
4.30422e-11
4.10652e-11
3.96153e-11
9.69844e-06
9.51505e-06
8.94783e-06
 8.6575e-06
8.20761e-06
7.94723e-06
7.57155e-06
 7.3484e-06
7.02518e-06
6.83632e-06
6.55163e-06
 6.3934e-06
6.13708e-06
 6.0068e-06
5.77051e-06
5.66708e-06
5.44298e-06
5.36749e-06
5.14675e-06
5.10368e-06
4.87425e-06
 0.00019999
          1
1.96365e-09
1.91629e-09
1.79959e-09
1.73921e-09
1.64786e-09
1.59472e-09
1.51883e-09
1.47357e-09
1.40847e-09
1.37027e-09
1.31303e-09
1.28107e-09
1.22961e-09
 1.2033e-09
1.15592e-09
1.13503e-09
1.09012e-09
1.07485e-09
1.03063e-09
 1.0219e-09
9.75903e-10
