 5.7393e-11
4.81188e-11
4.44646e-11
 3.9712e-11
3.68593e-11
3.34571e-11
3.11507e-11
2.85064e-11
 2.6681e-11
2.46222e-11
2.31597e-11
2.14857e-11
2.02796e-11
1.89487e-11
1.78957e-11
1.68441e-11
1.59216e-11
1.50589e-11
1.42724e-11
1.35441e-11
1.28612e-11
1.22557e-11
1.16483e-11
1.11407e-11
1.06092e-11
1.01584e-11
 9.7148e-12
9.29861e-12
 8.9245e-12
8.55011e-12
8.22342e-12
7.88994e-12
7.60213e-12
7.30357e-12
 7.0475e-12
  6.783e-12
 6.5491e-12
6.31667e-12
 6.1033e-12
5.89498e-12
5.70286e-12
5.51392e-12
5.34055e-12
5.16856e-12
5.01175e-12
4.85502e-12
 4.7117e-12
4.56993e-12
4.43749e-12
4.30895e-12
4.18725e-12
4.06907e-12
3.95784e-12
3.84875e-12
3.74659e-12
  3.646e-12
3.55169e-12
3.45896e-12
 3.3716e-12
3.28583e-12
3.20492e-12
3.12545e-12
3.05025e-12
2.97646e-12
2.90655e-12
2.83787e-12
2.77274e-12
2.70876e-12
2.64796e-12
2.58826e-12
 2.5314e-12
 2.4756e-12
2.42237e-12
2.37012e-12
2.32023e-12
2.27126e-12
2.22441e-12
2.17843e-12
2.13441e-12
2.09117e-12
2.04975e-12
2.00905e-12
1.97002e-12
1.93166e-12
1.89485e-12
1.85866e-12
 1.8239e-12
1.78971e-12
1.75685e-12
1.72453e-12
1.69342e-12
1.66284e-12
1.63337e-12
1.60439e-12
1.57646e-12
1.54896e-12
1.52245e-12
1.49637e-12
1.47111e-12
1.44684e-12
1.41941e-12
1.12882e-10
9.80842e-11
9.28063e-11
8.74067e-11
8.30532e-11
7.90917e-11
 7.5513e-11
7.21624e-11
6.90266e-11
6.62961e-11
6.33724e-11
6.10919e-11
5.85699e-11
5.64771e-11
5.42823e-11
5.24605e-11
5.04644e-11
4.88663e-11
4.70877e-11
4.56364e-11
 4.4068e-11
4.27344e-11
4.13502e-11
  4.012e-11
3.88815e-11
3.77755e-11
3.66211e-11
3.56496e-11
3.45756e-11
3.36938e-11
3.27203e-11
 3.1898e-11
3.10216e-11
3.02563e-11
2.94509e-11
2.87546e-11
2.80017e-11
2.73674e-11
2.66657e-11
2.60841e-11
2.54297e-11
 2.4893e-11
2.42861e-11
2.37846e-11
2.32232e-11
2.27548e-11
2.22314e-11
2.17951e-11
2.13067e-11
2.08976e-11
2.04427e-11
2.00581e-11
 1.9633e-11
1.92719e-11
1.88733e-11
1.85339e-11
1.81596e-11
  1.784e-11
1.74883e-11
1.71869e-11
1.68558e-11
1.65713e-11
1.62591e-11
1.59902e-11
1.56955e-11
 1.5441e-11
1.51624e-11
1.49215e-11
1.46578e-11
1.44293e-11
1.41794e-11
1.39625e-11
1.37256e-11
1.35195e-11
1.32945e-11
1.30985e-11
1.28846e-11
 1.2698e-11
1.24945e-11
1.23167e-11
1.21229e-11
1.19534e-11
1.17687e-11
1.16069e-11
1.14306e-11
1.12761e-11
1.11078e-11
1.09602e-11
1.07993e-11
1.06581e-11
1.05042e-11
 1.0369e-11
1.02218e-11
1.00923e-11
9.95129e-12
9.82715e-12
9.69198e-12
9.57298e-12
9.44297e-12
9.33112e-12
9.19058e-12
 9.0802e-12
      1e-05
9.49998e-06
9.04986e-06
8.64219e-06
8.27098e-06
7.93138e-06
7.61938e-06
7.33165e-06
7.06539e-06
6.81822e-06
6.58811e-06
6.37332e-06
6.17234e-06
5.98385e-06
5.80671e-06
5.63989e-06
5.48253e-06
5.33381e-06
5.19303e-06
5.05958e-06
4.93288e-06
4.81243e-06
4.69778e-06
 4.5885e-06
4.48423e-06
4.38463e-06
4.28939e-06
4.19822e-06
4.11087e-06
 4.0271e-06
 3.9467e-06
3.86945e-06
3.79519e-06
3.72373e-06
3.65493e-06
3.58863e-06
 3.5247e-06
3.46302e-06
3.40347e-06
3.34593e-06
3.29031e-06
3.23651e-06
3.18445e-06
3.13404e-06
 3.0852e-06
3.03787e-06
2.99196e-06
2.94743e-06
 2.9042e-06
2.86222e-06
2.82144e-06
 2.7818e-06
2.74326e-06
2.70578e-06
2.66931e-06
 2.6338e-06
2.59923e-06
2.56556e-06
2.53274e-06
2.50075e-06
2.46956e-06
2.43914e-06
2.40946e-06
2.38049e-06
 2.3522e-06
2.32458e-06
 2.2976e-06
2.27124e-06
2.24548e-06
2.22029e-06
2.19566e-06
2.17157e-06
  2.148e-06
2.12493e-06
2.10236e-06
2.08026e-06
2.05861e-06
2.03741e-06
2.01665e-06
 1.9963e-06
1.97635e-06
 1.9568e-06
1.93763e-06
1.91883e-06
1.90039e-06
1.88231e-06
1.86456e-06
1.84714e-06
1.83004e-06
1.81326e-06
1.79677e-06
1.78059e-06
1.76469e-06
1.74907e-06
1.73373e-06
1.71865e-06
1.70383e-06
1.68927e-06
 1.6749e-06
1.66113e-06
1.64526e-06
0.000199988
          1
2.00004e-09
1.89969e-09
1.81097e-09
1.72868e-09
1.65509e-09
1.58652e-09
1.52467e-09
 1.4667e-09
 1.4137e-09
1.36398e-09
1.31809e-09
1.27499e-09
1.23484e-09
1.19703e-09
1.16166e-09
1.12817e-09
1.09676e-09
1.06695e-09
1.03876e-09
1.01211e-09
9.86667e-10
9.62649e-10
9.39617e-10
9.17833e-10
8.96882e-10
8.77037e-10
8.57885e-10
8.39744e-10
8.22154e-10
8.05509e-10
7.89302e-10
7.73959e-10
   7.59e-10
7.44784e-10
7.30959e-10
7.17733e-10
 7.0492e-10
6.92591e-10
6.80671e-10
 6.6916e-10
6.58037e-10
6.47268e-10
 6.3686e-10
6.26768e-10
6.17005e-10
6.07529e-10
5.98353e-10
5.89437e-10
5.80795e-10
5.72393e-10
 5.6424e-10
5.56307e-10
5.48603e-10
  5.411e-10
5.33809e-10
5.26703e-10
5.19792e-10
5.13052e-10
5.06492e-10
 5.0009e-10
4.93855e-10
4.87767e-10
4.81833e-10
4.76035e-10
4.70381e-10
4.64854e-10
 4.5946e-10
4.54185e-10
4.49035e-10
4.43995e-10
4.39071e-10
 4.3425e-10
4.29538e-10
4.24923e-10
 4.2041e-10
4.15988e-10
4.11661e-10
 4.0742e-10
4.03268e-10
3.99196e-10
3.95209e-10
3.91297e-10
3.87465e-10
3.83704e-10
3.80018e-10
3.76399e-10
 3.7285e-10
3.69366e-10
3.65948e-10
 3.6259e-10
3.59295e-10
3.56057e-10
3.52879e-10
3.49754e-10
3.46687e-10
 3.4367e-10
3.40707e-10
3.37795e-10
3.34922e-10
3.32166e-10
3.28993e-10
