-1.74978e-11
 4.69584e-11
 2.90111e-11
 3.93528e-11
 2.99884e-11
 3.32751e-11
 2.72402e-11
 2.84663e-11
 2.41971e-11
 2.46086e-11
 2.14558e-11
 -1.6947e-10
-9.55424e-12
 5.36831e-12
 2.82997e-11
 3.42823e-11
 4.01591e-11
 4.29003e-11
 4.40467e-11
 4.52511e-11
 4.47558e-11
 4.51017e-11
 4.39219e-11
 8.85474e-06
 9.55724e-06
 8.66238e-06
 8.70032e-06
  8.0303e-06
 7.99157e-06
 7.43771e-06
 7.39526e-06
 6.91267e-06
 6.88698e-06
 6.44958e-06
 0.000199993
           1
 1.83485e-09
 1.94811e-09
 1.75817e-09
 1.76067e-09
  1.6218e-09
 1.61214e-09
 1.49852e-09
 1.48918e-09
 1.39072e-09
 1.38523e-09
 1.29626e-09
