 2.16818e-06
 2.35204e-07
 3.65587e-07
 9.46956e-08
 1.39272e-07
 5.02093e-08
 7.08605e-08
 3.07999e-08
 4.20873e-08
  2.0695e-08
 2.75503e-08
  1.4802e-08
 1.92828e-08
 1.10809e-08
 1.41731e-08
 8.58842e-09
 1.08135e-08
  6.8412e-09
 8.49649e-09
 5.57119e-09
  6.8364e-09
 4.62038e-09
 5.60943e-09
 3.89085e-09
 4.67884e-09
 3.31937e-09
 3.95747e-09
  2.8637e-09
 3.38773e-09
 2.49475e-09
 2.93043e-09
 2.19197e-09
 2.55815e-09
 1.94056e-09
  2.2513e-09
 1.72958e-09
 1.99556e-09
 1.55088e-09
 1.78031e-09
 1.39822e-09
 1.59752e-09
 1.26682e-09
 1.44105e-09
 1.15293e-09
 1.30614e-09
 1.05359e-09
 1.18903e-09
 9.66433e-10
 1.08676e-09
 8.89564e-10
 9.96944e-10
 8.21433e-10
 9.17664e-10
 7.60772e-10
 8.47347e-10
 7.06533e-10
 7.84704e-10
 6.57845e-10
 7.28669e-10
 6.13981e-10
  6.7835e-10
 5.74327e-10
 6.33004e-10
 5.38364e-10
 5.92002e-10
  5.0565e-10
  5.5481e-10
 4.75806e-10
 5.20975e-10
  4.4851e-10
 4.90108e-10
 4.23479e-10
 4.61874e-10
 4.00472e-10
 4.35985e-10
 3.79277e-10
 4.12189e-10
 3.59709e-10
 3.90269e-10
 3.41607e-10
 3.70034e-10
 3.24829e-10
 3.51317e-10
 3.09249e-10
 3.33971e-10
 2.94757e-10
 3.17866e-10
 2.81253e-10
 3.02887e-10
 2.68651e-10
 2.88933e-10
 2.56872e-10
 2.75912e-10
 2.45846e-10
 2.63744e-10
 2.35511e-10
 2.52357e-10
 2.25811e-10
 2.41685e-10
 2.16694e-10
  2.3167e-10
-1.71479e-14
 1.72763e-06
 2.34617e-07
 7.96167e-07
 1.71729e-07
 4.66859e-07
 1.25948e-07
 3.10051e-07
 9.59621e-08
 2.22325e-07
 7.56556e-08
 1.67959e-07
 6.13177e-08
 1.31784e-07
 5.08149e-08
 1.06417e-07
 4.28812e-08
 8.78977e-08
 3.67326e-08
 7.39375e-08
 3.18637e-08
 6.31368e-08
 2.79373e-08
 5.45979e-08
 2.47208e-08
 4.77233e-08
 2.20501e-08
 4.21015e-08
 1.98061e-08
 3.74421e-08
  1.7901e-08
 3.35345e-08
 1.62684e-08
 3.02232e-08
 1.48579e-08
 2.73914e-08
 1.36302e-08
 2.49496e-08
 1.25543e-08
 2.28283e-08
 1.16059e-08
 2.09733e-08
 1.07651e-08
 1.93411e-08
 1.00159e-08
  1.7897e-08
 9.34522e-09
 1.66127e-08
 8.74229e-09
 1.54654e-08
 8.19808e-09
 1.44358e-08
 7.70507e-09
 1.35083e-08
 7.25689e-09
 1.26696e-08
 6.84818e-09
 1.19085e-08
 6.47434e-09
 1.12157e-08
 6.13144e-09
 1.05832e-08
 5.81609e-09
  1.0004e-08
 5.52536e-09
 9.47221e-09
 5.25671e-09
 8.98278e-09
  5.0079e-09
 8.53125e-09
   4.777e-09
 8.11376e-09
 4.56229e-09
 7.72692e-09
 4.36228e-09
 7.36778e-09
 4.17561e-09
 7.03371e-09
 4.00111e-09
 6.72241e-09
 3.83772e-09
 6.43183e-09
  3.6845e-09
 6.16014e-09
 3.54061e-09
 5.90573e-09
 3.40529e-09
 5.66713e-09
 3.27786e-09
 5.44306e-09
  3.1577e-09
 5.23234e-09
 3.04428e-09
 5.03391e-09
 2.93707e-09
 4.84683e-09
 2.83563e-09
 4.67024e-09
 2.73954e-09
 4.50335e-09
 2.64843e-09
 4.34547e-09
   0.0019999
 0.000666567
 0.000666567
   0.0003999
   0.0003999
 0.000285614
 0.000285614
 0.000222122
 0.000222122
 0.000181718
 0.000181718
 0.000153746
 0.000153746
 0.000133233
 0.000133233
 0.000117547
 0.000117547
 0.000105163
 0.000105163
 9.51381e-05
 9.51381e-05
 8.68565e-05
 8.68565e-05
    7.99e-05
    7.99e-05
 7.39741e-05
 7.39741e-05
 6.88655e-05
 6.88655e-05
 6.44161e-05
 6.44161e-05
 6.05061e-05
 6.05061e-05
 5.70429e-05
 5.70429e-05
 5.39541e-05
 5.39541e-05
 5.11821e-05
 5.11821e-05
 4.86805e-05
 4.86805e-05
 4.64116e-05
 4.64116e-05
 4.43444e-05
 4.43444e-05
 4.24532e-05
 4.24532e-05
 4.07163e-05
 4.07163e-05
 3.91157e-05
 3.91157e-05
 3.76358e-05
 3.76358e-05
 3.62636e-05
 3.62636e-05
 3.49877e-05
 3.49877e-05
 3.37983e-05
 3.37983e-05
 3.26869e-05
 3.26869e-05
  3.1646e-05
  3.1646e-05
 3.06692e-05
 3.06692e-05
 2.97507e-05
 2.97507e-05
 2.88855e-05
 2.88855e-05
  2.8069e-05
  2.8069e-05
 2.72973e-05
 2.72973e-05
 2.65667e-05
 2.65667e-05
  2.5874e-05
  2.5874e-05
 2.52165e-05
 2.52165e-05
 2.45914e-05
 2.45914e-05
 2.39964e-05
 2.39964e-05
 2.34294e-05
 2.34294e-05
 2.28885e-05
 2.28885e-05
 2.23719e-05
 2.23719e-05
  2.1878e-05
  2.1878e-05
 2.14054e-05
 2.14054e-05
 2.09526e-05
 2.09526e-05
 2.05186e-05
 2.05186e-05
  2.0102e-05
  2.0102e-05
  1.9702e-05
  1.9702e-05
   0.0019999
           1
 4.86321e-06
 1.42095e-06
 1.43706e-06
 8.30727e-07
 8.26746e-07
  5.8578e-07
 5.79614e-07
 4.52244e-07
  4.4654e-07
 3.68287e-07
 3.63419e-07
  3.1064e-07
 3.06546e-07
 2.68612e-07
 2.65162e-07
 2.36613e-07
 2.33682e-07
 2.11433e-07
 2.08921e-07
 1.91102e-07
  1.8893e-07
 1.74341e-07
 1.72446e-07
 1.60285e-07
 1.58619e-07
 1.48328e-07
 1.46852e-07
 1.38031e-07
 1.36715e-07
 1.29072e-07
 1.27892e-07
 1.21204e-07
  1.2014e-07
 1.14241e-07
 1.13277e-07
 1.08034e-07
 1.07156e-07
 1.02466e-07
 1.01664e-07
  9.7444e-08
 9.67084e-08
 9.28907e-08
 9.22135e-08
 8.87436e-08
 8.81181e-08
 8.49506e-08
 8.43712e-08
 8.14681e-08
 8.09299e-08
 7.82596e-08
 7.77583e-08
 7.52938e-08
 7.48258e-08
 7.25443e-08
 7.21063e-08
 6.99881e-08
 6.95775e-08
 6.76056e-08
 6.72198e-08
 6.53797e-08
 6.50165e-08
 6.32954e-08
 6.29529e-08
 6.13395e-08
  6.1016e-08
 5.95006e-08
 5.91946e-08
 5.77685e-08
 5.74786e-08
 5.61342e-08
 5.58591e-08
 5.45895e-08
 5.43281e-08
 5.31273e-08
 5.28787e-08
 5.17411e-08
 5.15043e-08
 5.04253e-08
 5.01995e-08
 4.91745e-08
 4.89589e-08
  4.7984e-08
  4.7778e-08
 4.68496e-08
 4.66526e-08
 4.57674e-08
 4.55788e-08
  4.4734e-08
 4.45532e-08
 4.37459e-08
 4.35725e-08
 4.28004e-08
  4.2634e-08
 4.18948e-08
 4.17348e-08
 4.10265e-08
 4.08727e-08
 4.01934e-08
 4.00454e-08
 3.93932e-08
 3.92507e-08
