 2.16818e-06
 2.35204e-07
 3.65587e-07
 9.46957e-08
 1.39272e-07
 5.02093e-08
 7.08605e-08
 3.07999e-08
 4.20873e-08
  2.0695e-08
 2.75503e-08
-1.40423e-15
 1.72763e-06
 2.34617e-07
 7.96167e-07
 1.71729e-07
 4.66859e-07
 1.25948e-07
 3.10051e-07
 9.59621e-08
 2.22325e-07
 7.56556e-08
 1.67959e-07
   0.0019999
 0.000666567
 0.000666567
   0.0003999
   0.0003999
 0.000285614
 0.000285614
 0.000222122
 0.000222122
 0.000181718
 0.000181718
   0.0019999
           1
 4.86321e-06
 1.42095e-06
 1.43706e-06
 8.30727e-07
 8.26746e-07
  5.8578e-07
 5.79614e-07
 4.52244e-07
  4.4654e-07
 3.68287e-07
 3.63419e-07
