2.16818e-06
2.35204e-07
3.65587e-07
9.46957e-08
1.39272e-07
5.02093e-08
7.08605e-08
3.07999e-08
4.20873e-08
 2.0695e-08
2.75503e-08
 1.4802e-08
1.92828e-08
1.10809e-08
1.41731e-08
8.58842e-09
1.08135e-08
 6.8412e-09
8.49649e-09
5.57119e-09
 6.8364e-09
-2.0485e-15
1.72763e-06
2.34617e-07
7.96167e-07
1.71729e-07
4.66859e-07
1.25948e-07
3.10051e-07
9.59621e-08
2.22325e-07
7.56556e-08
1.67959e-07
6.13177e-08
1.31784e-07
5.08149e-08
1.06417e-07
4.28812e-08
8.78977e-08
3.67326e-08
7.39375e-08
3.18637e-08
6.31368e-08
  0.0019999
0.000666567
0.000666567
  0.0003999
  0.0003999
0.000285614
0.000285614
0.000222122
0.000222122
0.000181718
0.000181718
0.000153746
0.000153746
0.000133233
0.000133233
0.000117547
0.000117547
0.000105163
0.000105163
9.51381e-05
9.51381e-05
  0.0019999
          1
4.86321e-06
1.42095e-06
1.43706e-06
8.30727e-07
8.26746e-07
 5.8578e-07
5.79614e-07
4.52244e-07
 4.4654e-07
3.68287e-07
3.63419e-07
 3.1064e-07
3.06546e-07
2.68612e-07
2.65162e-07
2.36613e-07
2.33682e-07
2.11433e-07
2.08921e-07
1.91102e-07
 1.8893e-07
