 3.49982e-12
 4.54219e-11
 3.00103e-11
 3.70925e-11
 2.88472e-11
 3.11524e-11
 2.57395e-11
 2.66145e-11
 2.27232e-11
 2.30247e-11
 2.01042e-11
-7.75037e-11
 2.63794e-11
 2.90257e-11
 4.30742e-11
 4.37958e-11
 4.68559e-11
 4.67284e-11
 4.68624e-11
 4.62712e-11
 4.54936e-11
 4.45902e-11
 4.28989e-11
 8.85474e-06
 9.55724e-06
 8.66238e-06
 8.70032e-06
  8.0303e-06
 7.99157e-06
 7.43771e-06
 7.39526e-06
 6.91267e-06
 6.88698e-06
 6.44958e-06
 0.000199992
           1
 1.81417e-09
 1.93488e-09
 1.74915e-09
 1.75318e-09
 1.61619e-09
  1.6071e-09
  1.4946e-09
 1.48548e-09
  1.3878e-09
 1.38236e-09
 1.29397e-09
