3.29764e-11
4.46837e-11
3.62042e-11
3.67763e-11
3.15698e-11
3.09826e-11
2.72581e-11
2.65227e-11
2.36674e-11
2.29925e-11
2.07121e-11
2.01411e-11
1.82665e-11
1.78032e-11
1.62214e-11
1.58644e-11
1.44909e-11
1.42428e-11
1.30084e-11
1.28786e-11
1.17221e-11
2.42326e-11
5.98913e-11
5.80659e-11
6.11551e-11
5.94035e-11
5.85986e-11
5.69487e-11
5.52132e-11
5.36824e-11
5.17497e-11
5.03313e-11
4.84488e-11
4.71207e-11
4.53925e-11
4.41159e-11
4.26075e-11
 4.1319e-11
4.01023e-11
3.87021e-11
3.78875e-11
3.62104e-11
 3.4939e-11
9.69844e-06
9.51505e-06
8.94783e-06
 8.6575e-06
8.20761e-06
7.94723e-06
7.57155e-06
 7.3484e-06
7.02518e-06
6.83632e-06
6.55163e-06
 6.3934e-06
6.13708e-06
 6.0068e-06
5.77051e-06
5.66708e-06
5.44298e-06
5.36749e-06
5.14675e-06
5.10368e-06
4.87425e-06
 0.00019999
          1
1.95744e-09
1.91247e-09
1.79678e-09
1.73702e-09
1.64608e-09
1.59324e-09
1.51758e-09
1.47249e-09
1.40753e-09
1.36944e-09
 1.3123e-09
1.28041e-09
1.22902e-09
1.20276e-09
1.15544e-09
1.13457e-09
1.08972e-09
1.07447e-09
 1.0303e-09
1.02157e-09
9.75618e-10
