2.52698e-11
 2.3359e-11
2.16823e-11
1.99543e-11
1.86718e-11
1.73339e-11
1.63389e-11
1.53369e-11
1.44182e-11
1.36588e-11
 1.2791e-11
 1.2239e-11
1.14938e-11
1.09954e-11
   1.04e-11
9.92695e-12
9.47631e-12
9.01801e-12
8.64416e-12
8.25461e-12
7.92346e-12
7.57352e-12
7.29123e-12
6.99233e-12
6.71784e-12
6.47887e-12
 6.2224e-12
6.00823e-12
 5.7867e-12
 5.5922e-12
5.38561e-12
5.23084e-12
5.01887e-12
4.90205e-12
4.69925e-12
4.59133e-12
 4.4188e-12
4.30656e-12
4.16207e-12
4.05056e-12
3.92565e-12
3.81841e-12
3.70776e-12
3.60697e-12
3.50774e-12
3.41261e-12
3.32355e-12
3.23477e-12
3.15267e-12
3.07132e-12
2.99476e-12
2.91994e-12
2.84875e-12
2.77963e-12
2.71337e-12
2.64924e-12
2.58759e-12
2.52792e-12
2.47053e-12
2.41491e-12
2.36123e-12
2.30941e-12
2.25922e-12
 2.2107e-12
2.16377e-12
2.11829e-12
2.07428e-12
2.03166e-12
1.99029e-12
1.95028e-12
1.91138e-12
1.87375e-12
1.83712e-12
1.80167e-12
1.76717e-12
1.73372e-12
1.70118e-12
1.66959e-12
1.63884e-12
  1.609e-12
1.57991e-12
1.55168e-12
1.52413e-12
1.49739e-12
1.47129e-12
1.44593e-12
1.42117e-12
1.39711e-12
 1.3736e-12
1.35074e-12
 1.3284e-12
1.30667e-12
1.28541e-12
1.26473e-12
1.24449e-12
 1.2248e-12
1.20552e-12
1.18676e-12
1.16831e-12
1.15079e-12
 1.1307e-12
2.38261e-11
 2.3191e-11
2.29738e-11
2.24316e-11
2.19861e-11
2.16656e-11
2.09422e-11
2.05939e-11
 1.9977e-11
 1.9526e-11
1.90527e-11
1.86337e-11
1.81849e-11
1.77072e-11
1.73172e-11
 1.6933e-11
1.65123e-11
1.61245e-11
1.57841e-11
1.54191e-11
1.50511e-11
1.47555e-11
1.44044e-11
1.41061e-11
1.38013e-11
1.35068e-11
1.32377e-11
 1.2932e-11
1.27254e-11
1.23882e-11
1.22339e-11
1.19012e-11
 1.1749e-11
1.14578e-11
1.12914e-11
1.10354e-11
1.08677e-11
 1.0633e-11
1.04719e-11
1.02512e-11
1.01006e-11
9.89044e-12
9.74973e-12
9.55014e-12
9.41786e-12
9.22904e-12
9.10278e-12
8.92611e-12
8.80402e-12
8.63889e-12
8.52101e-12
8.36631e-12
8.25263e-12
8.10713e-12
7.99809e-12
7.86054e-12
7.75609e-12
  7.626e-12
7.52578e-12
7.40258e-12
7.30647e-12
 7.1896e-12
7.09737e-12
 6.9864e-12
6.89793e-12
6.79234e-12
6.70746e-12
6.60692e-12
6.52544e-12
6.42958e-12
6.35134e-12
6.25987e-12
 6.1847e-12
6.09731e-12
 6.0251e-12
 5.9415e-12
5.87212e-12
5.79208e-12
5.72535e-12
 5.6487e-12
5.58448e-12
5.51099e-12
5.44918e-12
5.37867e-12
5.31914e-12
5.25145e-12
5.19409e-12
5.12904e-12
5.07376e-12
5.01122e-12
 4.9579e-12
4.89774e-12
 4.8463e-12
4.78838e-12
4.73873e-12
4.68293e-12
4.63499e-12
4.58124e-12
4.53476e-12
4.48399e-12
4.43197e-12
4.38294e-12
      1e-05
9.49997e-06
9.04986e-06
8.64219e-06
8.27098e-06
7.93138e-06
7.61938e-06
7.33165e-06
7.06539e-06
6.81822e-06
6.58811e-06
6.37332e-06
6.17234e-06
5.98385e-06
5.80671e-06
5.63989e-06
5.48253e-06
5.33381e-06
5.19303e-06
5.05958e-06
4.93288e-06
4.81243e-06
4.69778e-06
 4.5885e-06
4.48423e-06
4.38463e-06
4.28939e-06
4.19822e-06
4.11087e-06
 4.0271e-06
 3.9467e-06
3.86945e-06
3.79519e-06
3.72373e-06
3.65493e-06
3.58863e-06
 3.5247e-06
3.46302e-06
3.40347e-06
3.34593e-06
3.29031e-06
3.23651e-06
3.18445e-06
3.13404e-06
 3.0852e-06
3.03787e-06
2.99196e-06
2.94743e-06
 2.9042e-06
2.86222e-06
2.82144e-06
 2.7818e-06
2.74326e-06
2.70578e-06
2.66931e-06
 2.6338e-06
2.59923e-06
2.56556e-06
2.53274e-06
2.50075e-06
2.46956e-06
2.43914e-06
2.40946e-06
2.38049e-06
 2.3522e-06
2.32458e-06
 2.2976e-06
2.27124e-06
2.24548e-06
2.22029e-06
2.19566e-06
2.17157e-06
  2.148e-06
2.12493e-06
2.10236e-06
2.08026e-06
2.05861e-06
2.03741e-06
2.01665e-06
 1.9963e-06
1.97635e-06
 1.9568e-06
1.93763e-06
1.91883e-06
1.90039e-06
1.88231e-06
1.86456e-06
1.84714e-06
1.83004e-06
1.81326e-06
1.79677e-06
1.78059e-06
1.76469e-06
1.74907e-06
1.73373e-06
1.71865e-06
1.70383e-06
1.68927e-06
 1.6749e-06
1.66113e-06
1.64526e-06
 0.00019999
          1
1.99865e-09
1.90067e-09
1.81026e-09
1.72893e-09
1.65449e-09
1.58669e-09
1.52421e-09
1.46664e-09
1.41329e-09
1.36393e-09
1.31784e-09
1.27491e-09
1.23464e-09
1.19699e-09
1.16147e-09
1.12818e-09
 1.0966e-09
1.06696e-09
1.03866e-09
1.01211e-09
9.86607e-10
9.62646e-10
9.39586e-10
9.17833e-10
 8.9687e-10
8.77035e-10
8.57906e-10
8.39723e-10
8.22203e-10
8.05486e-10
 7.8936e-10
7.73944e-10
7.59054e-10
7.44791e-10
7.30995e-10
7.17762e-10
7.04945e-10
6.92635e-10
6.80688e-10
6.69214e-10
6.58051e-10
6.47326e-10
6.36877e-10
6.26826e-10
6.17025e-10
6.07586e-10
5.98374e-10
5.89494e-10
5.80819e-10
5.72448e-10
5.64266e-10
5.56361e-10
 5.4863e-10
5.41153e-10
5.33837e-10
5.26755e-10
5.19821e-10
5.13103e-10
5.06522e-10
 5.0014e-10
4.93886e-10
4.87815e-10
4.81864e-10
4.76083e-10
4.70412e-10
  4.649e-10
4.59492e-10
4.54231e-10
4.49066e-10
4.44039e-10
4.39102e-10
4.34294e-10
4.29569e-10
4.24966e-10
4.20441e-10
 4.1603e-10
4.11692e-10
 4.0746e-10
4.03298e-10
3.99236e-10
3.95239e-10
3.91336e-10
3.87495e-10
3.83742e-10
3.80047e-10
3.76436e-10
 3.7288e-10
3.69402e-10
3.65976e-10
3.62625e-10
3.59323e-10
3.56092e-10
3.52907e-10
3.49789e-10
3.46714e-10
3.43704e-10
3.40734e-10
3.37827e-10
3.34949e-10
3.32198e-10
 3.2902e-10
