1.78074e-08
2.20134e-09
3.09759e-09
8.95121e-10
1.20569e-09
4.78034e-10
6.23136e-10
2.94728e-10
3.74641e-10
1.98901e-10
2.47678e-10
1.42729e-10
1.74776e-10
1.07177e-10
1.29413e-10
8.32662e-11
9.93263e-11
6.64695e-11
7.84473e-11
5.42225e-11
 6.3407e-11
4.50447e-11
5.22352e-11
3.79809e-11
4.37272e-11
3.24453e-11
3.71034e-11
2.80224e-11
3.18553e-11
 2.4438e-11
2.76281e-11
2.14894e-11
2.41764e-11
1.90425e-11
2.13239e-11
 1.6984e-11
1.89402e-11
1.52403e-11
1.69291e-11
 1.3749e-11
1.52177e-11
1.24645e-11
1.37495e-11
1.13502e-11
1.24813e-11
1.03775e-11
1.13783e-11
9.52372e-12
1.04135e-11
8.77018e-12
9.56488e-12
8.10197e-12
8.81463e-12
7.50669e-12
8.14818e-12
6.97405e-12
 7.5538e-12
6.49584e-12
7.02129e-12
 6.0647e-12
6.54261e-12
5.67487e-12
6.11073e-12
5.32109e-12
5.71972e-12
 4.9992e-12
5.36478e-12
4.70542e-12
5.04143e-12
4.43664e-12
4.74626e-12
4.19006e-12
4.47597e-12
3.96338e-12
 4.2279e-12
3.75444e-12
3.99973e-12
3.56153e-12
3.78935e-12
3.38299e-12
  3.595e-12
3.21748e-12
3.41509e-12
3.06373e-12
3.24824e-12
2.92069e-12
3.09322e-12
2.78738e-12
2.94894e-12
2.66293e-12
2.81445e-12
2.54659e-12
2.68887e-12
2.43766e-12
2.57145e-12
2.33554e-12
 2.4615e-12
2.23966e-12
2.35839e-12
2.14954e-12
2.26158e-12
1.21322e-13
1.36987e-08
 2.1479e-09
6.41497e-09
1.58157e-09
3.80432e-09
1.16537e-09
2.54812e-09
8.91116e-10
1.83944e-09
 7.0465e-10
1.39732e-09
5.72465e-10
1.10148e-09
4.75432e-10
8.93077e-10
4.01935e-10
7.40258e-10
3.44861e-10
6.24627e-10
2.99575e-10
5.34867e-10
   2.63e-10
4.63688e-10
2.32986e-10
4.06227e-10
2.08036e-10
 3.5912e-10
1.87044e-10
3.19987e-10
1.69203e-10
2.87099e-10
1.53898e-10
2.59175e-10
1.40662e-10
2.35251e-10
1.29131e-10
2.14586e-10
1.19017e-10
1.96605e-10
1.10094e-10
1.80857e-10
1.02178e-10
1.66982e-10
9.51193e-11
1.54688e-10
8.87966e-11
1.43742e-10
8.31088e-11
1.33951e-10
7.79719e-11
1.25155e-10
7.33157e-11
1.17221e-10
6.90806e-11
 1.1004e-10
6.52164e-11
1.03518e-10
6.16803e-11
9.75745e-11
5.84352e-11
9.21428e-11
5.54496e-11
8.71649e-11
5.26959e-11
8.25909e-11
5.01502e-11
7.83776e-11
4.77917e-11
7.44874e-11
 4.5602e-11
7.08879e-11
4.35652e-11
6.75501e-11
4.16671e-11
6.44491e-11
 3.9895e-11
6.15627e-11
3.82379e-11
5.88712e-11
3.66858e-11
5.63571e-11
3.52299e-11
5.40051e-11
3.38622e-11
5.18013e-11
3.25756e-11
4.97333e-11
3.13637e-11
4.77901e-11
3.02207e-11
4.59616e-11
2.91413e-11
4.42389e-11
2.81209e-11
4.26139e-11
2.71552e-11
4.10791e-11
2.62401e-11
 3.9628e-11
2.53723e-11
3.82545e-11
 0.00019999
6.66567e-05
6.66567e-05
  3.999e-05
  3.999e-05
2.85614e-05
2.85614e-05
2.22122e-05
2.22122e-05
1.81718e-05
1.81718e-05
1.53746e-05
1.53746e-05
1.33233e-05
1.33233e-05
1.17547e-05
1.17547e-05
1.05163e-05
1.05163e-05
9.51381e-06
9.51381e-06
8.68565e-06
8.68565e-06
   7.99e-06
   7.99e-06
7.39741e-06
7.39741e-06
6.88655e-06
6.88655e-06
6.44161e-06
6.44161e-06
6.05061e-06
6.05061e-06
5.70429e-06
5.70429e-06
5.39541e-06
5.39541e-06
5.11821e-06
5.11821e-06
4.86805e-06
4.86805e-06
4.64116e-06
4.64116e-06
4.43444e-06
4.43444e-06
4.24532e-06
4.24532e-06
4.07163e-06
4.07163e-06
3.91157e-06
3.91157e-06
3.76358e-06
3.76358e-06
3.62636e-06
3.62636e-06
3.49877e-06
3.49877e-06
3.37983e-06
3.37983e-06
3.26869e-06
3.26869e-06
 3.1646e-06
 3.1646e-06
3.06692e-06
3.06692e-06
2.97507e-06
2.97507e-06
2.88855e-06
2.88855e-06
 2.8069e-06
 2.8069e-06
2.72973e-06
2.72973e-06
2.65667e-06
2.65667e-06
 2.5874e-06
 2.5874e-06
2.52165e-06
2.52165e-06
2.45914e-06
2.45914e-06
2.39964e-06
2.39964e-06
2.34294e-06
2.34294e-06
2.28885e-06
2.28885e-06
2.23719e-06
2.23719e-06
 2.1878e-06
 2.1878e-06
2.14054e-06
2.14054e-06
2.09526e-06
2.09526e-06
2.05186e-06
2.05186e-06
 2.0102e-06
 2.0102e-06
 1.9702e-06
 1.9702e-06
 0.00019999
          1
4.68429e-08
1.41352e-08
1.41851e-08
 8.2833e-09
8.22922e-09
5.84746e-09
 5.7893e-09
4.51706e-09
4.46741e-09
3.67989e-09
3.63893e-09
3.10453e-09
3.07089e-09
2.68496e-09
2.65696e-09
2.36535e-09
2.34177e-09
2.11381e-09
 2.0937e-09
1.91066e-09
1.89334e-09
1.74316e-09
 1.7281e-09
1.60267e-09
1.58947e-09
1.48315e-09
1.47148e-09
1.38022e-09
1.36984e-09
1.29066e-09
1.28136e-09
  1.212e-09
1.20363e-09
1.14238e-09
 1.1348e-09
1.08033e-09
1.07343e-09
1.02466e-09
1.01836e-09
9.74443e-10
 9.6867e-10
9.28915e-10
9.23603e-10
8.87448e-10
8.82544e-10
 8.4952e-10
 8.4498e-10
8.14698e-10
8.10482e-10
7.82613e-10
7.78689e-10
7.52957e-10
7.49294e-10
7.25462e-10
7.22036e-10
6.99901e-10
6.96689e-10
6.76076e-10
6.73059e-10
6.53817e-10
6.50978e-10
6.32974e-10
6.30297e-10
6.13415e-10
6.10887e-10
5.95026e-10
5.92635e-10
5.77705e-10
 5.7544e-10
5.61361e-10
5.59212e-10
5.45914e-10
5.43873e-10
5.31291e-10
 5.2935e-10
 5.1743e-10
5.15581e-10
5.04271e-10
5.02508e-10
4.91762e-10
 4.9008e-10
4.79857e-10
 4.7825e-10
4.68513e-10
4.66975e-10
4.57691e-10
4.56219e-10
4.47355e-10
4.45945e-10
4.37475e-10
4.36122e-10
4.28019e-10
4.26721e-10
4.18963e-10
4.17715e-10
4.10279e-10
 4.0908e-10
4.01947e-10
4.00793e-10
3.93946e-10
3.92834e-10
