1.78076e-06
2.20063e-07
3.09758e-07
8.95066e-08
1.20557e-07
4.78018e-08
6.23197e-08
2.94828e-08
3.74749e-08
1.98947e-08
2.47766e-08
1.53745e-16
 1.3698e-06
2.14693e-07
6.41514e-07
1.58154e-07
3.80442e-07
1.16541e-07
2.54822e-07
8.91227e-08
1.83963e-07
7.04737e-08
1.39752e-07
  0.0019999
0.000666567
0.000666567
  0.0003999
  0.0003999
0.000285614
0.000285614
0.000222122
0.000222122
0.000181718
0.000181718
  0.0019999
          1
4.68429e-06
1.41348e-06
1.41843e-06
8.28321e-07
8.22889e-07
5.84733e-07
5.78941e-07
4.51707e-07
4.46763e-07
3.67983e-07
3.63905e-07
