 1.78076e-06
 2.20063e-07
 3.09758e-07
 8.95066e-08
 1.20557e-07
 4.78018e-08
 6.23197e-08
 2.94828e-08
 3.74749e-08
 1.98947e-08
 2.47766e-08
 1.42788e-08
  1.7485e-08
 1.07197e-08
 1.29413e-08
 8.32853e-09
 9.93263e-09
 6.64787e-09
 7.84477e-09
 5.42344e-09
 6.34069e-09
-1.25024e-16
  1.3698e-06
 2.14693e-07
 6.41514e-07
 1.58154e-07
 3.80442e-07
 1.16541e-07
 2.54822e-07
 8.91227e-08
 1.83963e-07
 7.04737e-08
 1.39752e-07
 5.72601e-08
 1.10167e-07
 4.75529e-08
 8.93197e-08
 4.02021e-08
 7.40352e-08
 3.44931e-08
 6.24704e-08
 2.99638e-08
 5.34929e-08
   0.0019999
 0.000666567
 0.000666567
   0.0003999
   0.0003999
 0.000285614
 0.000285614
 0.000222122
 0.000222122
 0.000181718
 0.000181718
 0.000153746
 0.000153746
 0.000133233
 0.000133233
 0.000117547
 0.000117547
 0.000105163
 0.000105163
 9.51381e-05
 9.51381e-05
   0.0019999
           1
 4.68429e-06
 1.41348e-06
 1.41843e-06
 8.28321e-07
 8.22889e-07
 5.84733e-07
 5.78941e-07
 4.51707e-07
 4.46763e-07
 3.67983e-07
 3.63905e-07
 3.10455e-07
  3.0709e-07
 2.68494e-07
 2.65691e-07
 2.36535e-07
 2.34173e-07
  2.1138e-07
 2.09367e-07
 1.91065e-07
 1.89332e-07
