6.51173e-07
1.34685e-07
1.38308e-07
5.92463e-08
6.09831e-08
 3.3406e-08
3.43985e-08
2.14512e-08
2.20796e-08
 1.4936e-08
 1.5362e-08
1.09933e-08
 1.1297e-08
8.42632e-09
8.65133e-09
6.66202e-09
6.83378e-09
5.39758e-09
5.53193e-09
4.46068e-09
4.56791e-09
3.74731e-09
3.83437e-09
3.19172e-09
3.26344e-09
2.75065e-09
2.81049e-09
2.39472e-09
2.44519e-09
2.10337e-09
2.14637e-09
1.86191e-09
1.89885e-09
1.65958e-09
1.69157e-09
1.48839e-09
1.51628e-09
1.34226e-09
1.36674e-09
1.21656e-09
1.23816e-09
1.10764e-09
 1.1268e-09
1.01265e-09
1.02974e-09
9.29328e-10
9.44631e-10
8.55836e-10
8.69596e-10
7.90692e-10
8.03112e-10
 7.3268e-10
 7.4393e-10
6.80798e-10
6.91022e-10
6.34215e-10
6.43535e-10
5.92234e-10
6.00755e-10
5.54269e-10
5.62081e-10
5.19827e-10
5.27006e-10
4.88484e-10
4.95098e-10
4.59882e-10
4.65989e-10
4.33709e-10
4.39361e-10
  4.097e-10
 4.1494e-10
3.87623e-10
3.92491e-10
3.67276e-10
3.71807e-10
3.48484e-10
3.52708e-10
3.31093e-10
3.35038e-10
3.14967e-10
3.18656e-10
2.99986e-10
3.03442e-10
2.86045e-10
2.89287e-10
 2.7305e-10
2.76096e-10
2.60918e-10
2.63783e-10
2.49574e-10
2.52272e-10
2.38951e-10
2.41495e-10
2.28989e-10
2.31392e-10
2.19636e-10
2.21906e-10
2.10842e-10
 2.1299e-10
2.02564e-10
2.04599e-10
-5.4853e-14
3.72051e-07
1.07735e-07
 1.9826e-07
8.39075e-08
1.28085e-07
6.43833e-08
9.13206e-08
 5.0798e-08
6.91917e-08
4.11896e-08
5.46511e-08
3.41698e-08
4.44969e-08
2.88812e-08
  3.708e-08
2.47902e-08
3.14716e-08
2.15541e-08
2.71122e-08
1.89451e-08
2.36468e-08
1.68073e-08
  2.084e-08
1.50309e-08
1.85305e-08
1.35369e-08
1.66041e-08
1.22668e-08
1.49784e-08
1.11769e-08
1.35923e-08
1.02337e-08
1.23996e-08
 9.4113e-09
 1.1365e-08
8.68943e-09
 1.0461e-08
8.05188e-09
9.66603e-09
7.48565e-09
8.96271e-09
6.98022e-09
8.33714e-09
6.52695e-09
7.77797e-09
 6.1187e-09
 7.2759e-09
5.74955e-09
6.82321e-09
5.41453e-09
6.41346e-09
5.10944e-09
6.04127e-09
4.83073e-09
5.70206e-09
4.57536e-09
5.39195e-09
4.34073e-09
5.10763e-09
4.12459e-09
4.84624e-09
  3.925e-09
4.60533e-09
3.74027e-09
4.38275e-09
3.56892e-09
4.17665e-09
3.40966e-09
 3.9854e-09
3.26134e-09
3.80758e-09
3.12296e-09
3.64193e-09
2.99363e-09
3.48733e-09
2.87255e-09
3.34281e-09
2.75903e-09
3.20748e-09
2.65242e-09
3.08056e-09
2.55217e-09
2.96135e-09
2.45777e-09
2.84923e-09
2.36875e-09
2.74363e-09
2.28471e-09
2.64405e-09
2.20528e-09
2.55002e-09
2.13011e-09
2.46114e-09
2.05889e-09
2.37702e-09
1.99136e-09
2.29732e-09
1.92724e-09
2.22173e-09
1.86632e-09
2.14997e-09
  0.0019999
0.000666567
0.000666567
  0.0003999
  0.0003999
0.000285614
0.000285614
0.000222122
0.000222122
0.000181718
0.000181718
0.000153746
0.000153746
0.000133233
0.000133233
0.000117547
0.000117547
0.000105163
0.000105163
9.51381e-05
9.51381e-05
8.68565e-05
8.68565e-05
   7.99e-05
   7.99e-05
7.39741e-05
7.39741e-05
6.88655e-05
6.88655e-05
6.44161e-05
6.44161e-05
6.05061e-05
6.05061e-05
5.70429e-05
5.70429e-05
5.39541e-05
5.39541e-05
5.11821e-05
5.11821e-05
4.86805e-05
4.86805e-05
4.64116e-05
4.64116e-05
4.43444e-05
4.43444e-05
4.24532e-05
4.24532e-05
4.07163e-05
4.07163e-05
3.91157e-05
3.91157e-05
3.76358e-05
3.76358e-05
3.62636e-05
3.62636e-05
3.49877e-05
3.49877e-05
3.37983e-05
3.37983e-05
3.26869e-05
3.26869e-05
 3.1646e-05
 3.1646e-05
3.06692e-05
3.06692e-05
2.97507e-05
2.97507e-05
2.88855e-05
2.88855e-05
 2.8069e-05
 2.8069e-05
2.72973e-05
2.72973e-05
2.65667e-05
2.65667e-05
 2.5874e-05
 2.5874e-05
2.52165e-05
2.52165e-05
2.45914e-05
2.45914e-05
2.39964e-05
2.39964e-05
2.34294e-05
2.34294e-05
2.28885e-05
2.28885e-05
2.23719e-05
2.23719e-05
 2.1878e-05
 2.1878e-05
2.14054e-05
2.14054e-05
2.09526e-05
2.09526e-05
2.05186e-05
2.05186e-05
 2.0102e-05
 2.0102e-05
 1.9702e-05
 1.9702e-05
  0.0019999
          1
4.18541e-06
1.37336e-06
1.36305e-06
8.15092e-07
8.10212e-07
5.78859e-07
5.75938e-07
4.48646e-07
4.46678e-07
3.66218e-07
3.64792e-07
3.09365e-07
3.08279e-07
2.67787e-07
2.66931e-07
2.36059e-07
2.35365e-07
2.11051e-07
2.10477e-07
1.90833e-07
1.90349e-07
1.74149e-07
1.73736e-07
1.60146e-07
1.59789e-07
1.48227e-07
1.47915e-07
1.37958e-07
1.37683e-07
1.29019e-07
1.28774e-07
1.21167e-07
1.20948e-07
1.14215e-07
1.14018e-07
1.08016e-07
1.07838e-07
1.02455e-07
1.02294e-07
9.74382e-08
9.72906e-08
9.28889e-08
9.27536e-08
8.87449e-08
8.86203e-08
8.49542e-08
8.48392e-08
8.14736e-08
 8.1367e-08
7.82664e-08
7.81675e-08
7.53017e-08
7.52096e-08
 7.2553e-08
7.24669e-08
6.99975e-08
6.99169e-08
6.76154e-08
6.75399e-08
6.53898e-08
6.53188e-08
6.33057e-08
6.32388e-08
6.13499e-08
6.12869e-08
5.95111e-08
5.94515e-08
 5.7779e-08
5.77226e-08
5.61446e-08
5.60911e-08
5.45998e-08
5.45491e-08
5.31375e-08
5.30893e-08
5.17512e-08
5.17053e-08
5.04352e-08
5.03915e-08
4.91842e-08
4.91425e-08
4.79936e-08
4.79538e-08
 4.6859e-08
 4.6821e-08
4.57767e-08
4.57403e-08
 4.4743e-08
4.47081e-08
4.37548e-08
4.37213e-08
4.28091e-08
 4.2777e-08
4.19033e-08
4.18725e-08
4.10348e-08
4.10052e-08
4.02015e-08
 4.0173e-08
3.94011e-08
3.93737e-08
