6.51173e-09
1.34686e-09
1.38308e-09
5.92464e-10
6.09832e-10
3.34062e-10
3.43985e-10
2.14513e-10
2.20795e-10
1.49359e-10
 1.5362e-10
6.44253e-18
3.72051e-09
1.07736e-09
 1.9826e-09
8.39076e-10
1.28085e-09
6.43835e-10
9.13206e-10
 5.0798e-10
6.91917e-10
4.11897e-10
5.46512e-10
 0.00019999
6.66567e-05
6.66567e-05
  3.999e-05
  3.999e-05
2.85614e-05
2.85614e-05
2.22122e-05
2.22122e-05
1.81718e-05
1.81718e-05
 0.00019999
          1
4.18541e-08
1.37336e-08
1.36305e-08
8.15092e-09
8.10212e-09
5.78859e-09
5.75938e-09
4.48646e-09
4.46678e-09
3.66218e-09
3.64792e-09
