 6.51173e-07
 1.34686e-07
 1.38308e-07
 5.92464e-08
 6.09832e-08
 3.34062e-08
 3.43985e-08
 2.14513e-08
 2.20795e-08
 1.49359e-08
  1.5362e-08
 1.09932e-08
  1.1297e-08
 8.42631e-09
 8.65134e-09
 6.66202e-09
 6.83379e-09
 5.39759e-09
 5.53194e-09
 4.46067e-09
 4.56791e-09
-2.18449e-15
 3.72051e-07
 1.07736e-07
  1.9826e-07
 8.39076e-08
 1.28085e-07
 6.43835e-08
 9.13206e-08
  5.0798e-08
 6.91917e-08
 4.11897e-08
 5.46512e-08
 3.41699e-08
  4.4497e-08
 2.88813e-08
   3.708e-08
 2.47903e-08
 3.14716e-08
 2.15541e-08
 2.71122e-08
 1.89451e-08
 2.36468e-08
   0.0019999
 0.000666567
 0.000666567
   0.0003999
   0.0003999
 0.000285614
 0.000285614
 0.000222122
 0.000222122
 0.000181718
 0.000181718
 0.000153746
 0.000153746
 0.000133233
 0.000133233
 0.000117547
 0.000117547
 0.000105163
 0.000105163
 9.51381e-05
 9.51381e-05
   0.0019999
           1
 4.18541e-06
 1.37336e-06
 1.36305e-06
 8.15092e-07
 8.10212e-07
 5.78859e-07
 5.75938e-07
 4.48646e-07
 4.46678e-07
 3.66218e-07
 3.64792e-07
 3.09365e-07
  3.0828e-07
 2.67787e-07
 2.66931e-07
 2.36059e-07
 2.35365e-07
 2.11051e-07
 2.10477e-07
 1.90833e-07
 1.90349e-07
