9.35523e-08
2.86137e-08
2.77181e-08
1.54428e-08
1.50399e-08
1.00591e-08
9.83379e-09
7.20712e-09
7.06573e-09
5.47478e-09
5.37931e-09
4.32824e-09
 4.2604e-09
3.52313e-09
3.47303e-09
2.93256e-09
2.89444e-09
2.48459e-09
2.45489e-09
2.13561e-09
2.11201e-09
1.85778e-09
1.83872e-09
1.63257e-09
1.61695e-09
1.44718e-09
1.43422e-09
1.29256e-09
1.28169e-09
1.16212e-09
1.15293e-09
1.05098e-09
1.04313e-09
9.55446e-10
9.48691e-10
 8.7266e-10
8.66817e-10
8.00431e-10
7.95338e-10
7.36999e-10
7.32537e-10
6.80972e-10
6.77042e-10
6.31222e-10
6.27746e-10
5.86834e-10
5.83744e-10
5.47051e-10
5.44295e-10
5.11251e-10
5.08782e-10
4.78912e-10
4.76693e-10
4.49596e-10
4.47595e-10
4.22933e-10
4.21123e-10
3.98609e-10
3.96967e-10
3.76355e-10
3.74861e-10
3.55939e-10
3.54578e-10
3.37164e-10
3.35919e-10
3.19855e-10
3.18714e-10
3.03862e-10
3.02815e-10
2.89054e-10
2.88091e-10
2.75316e-10
2.74428e-10
2.62546e-10
2.61726e-10
2.50654e-10
2.49896e-10
2.39561e-10
2.38858e-10
2.29196e-10
2.28544e-10
2.19497e-10
2.18891e-10
2.10406e-10
2.09842e-10
2.01875e-10
2.01349e-10
1.93857e-10
1.93366e-10
1.86312e-10
1.85853e-10
1.79203e-10
1.78774e-10
1.72497e-10
1.72095e-10
1.66163e-10
1.65786e-10
1.60175e-10
1.59821e-10
1.54508e-10
1.54175e-10
4.05668e-16
1.49414e-08
8.16134e-09
1.17773e-08
7.99039e-09
9.72268e-09
7.21778e-09
8.26002e-09
6.45322e-09
7.16012e-09
5.78467e-09
6.30133e-09
5.21441e-09
 5.6119e-09
4.72899e-09
5.04634e-09
4.31365e-09
4.57427e-09
3.95575e-09
4.17458e-09
3.64505e-09
3.83206e-09
3.37336e-09
3.53551e-09
3.13416e-09
3.27646e-09
2.92225e-09
 3.0484e-09
2.73343e-09
2.84625e-09
 2.5643e-09
2.66595e-09
2.41207e-09
2.50426e-09
2.27444e-09
2.35853e-09
 2.1495e-09
 2.2266e-09
2.03567e-09
2.10667e-09
1.93158e-09
1.99724e-09
 1.8361e-09
1.89704e-09
1.74825e-09
  1.805e-09
1.66719e-09
 1.7202e-09
1.59221e-09
1.64187e-09
1.52268e-09
1.56931e-09
1.45806e-09
1.50195e-09
1.39787e-09
1.43927e-09
1.34169e-09
1.38082e-09
1.28916e-09
1.32622e-09
1.23995e-09
 1.2751e-09
1.19377e-09
1.22717e-09
1.15037e-09
1.18215e-09
1.10951e-09
 1.1398e-09
1.07099e-09
 1.0999e-09
1.03463e-09
1.06225e-09
1.00026e-09
1.02668e-09
9.67731e-10
 9.9303e-10
9.36905e-10
9.61159e-10
9.07661e-10
9.30937e-10
8.79886e-10
9.02246e-10
 8.5348e-10
8.74979e-10
8.28349e-10
8.49039e-10
8.04409e-10
8.24336e-10
7.81582e-10
8.00791e-10
7.59797e-10
7.78327e-10
7.38989e-10
7.56876e-10
7.19096e-10
7.36376e-10
7.00065e-10
7.16769e-10
6.81842e-10
   6.98e-10
6.64382e-10
6.80021e-10
  0.0019999
0.000666567
0.000666567
  0.0003999
  0.0003999
0.000285614
0.000285614
0.000222122
0.000222122
0.000181718
0.000181718
0.000153746
0.000153746
0.000133233
0.000133233
0.000117547
0.000117547
0.000105163
0.000105163
9.51381e-05
9.51381e-05
8.68565e-05
8.68565e-05
   7.99e-05
   7.99e-05
7.39741e-05
7.39741e-05
6.88655e-05
6.88655e-05
6.44161e-05
6.44161e-05
6.05061e-05
6.05061e-05
5.70429e-05
5.70429e-05
5.39541e-05
5.39541e-05
5.11821e-05
5.11821e-05
4.86805e-05
4.86805e-05
4.64116e-05
4.64116e-05
4.43444e-05
4.43444e-05
4.24532e-05
4.24532e-05
4.07163e-05
4.07163e-05
3.91157e-05
3.91157e-05
3.76358e-05
3.76358e-05
3.62636e-05
3.62636e-05
3.49877e-05
3.49877e-05
3.37983e-05
3.37983e-05
3.26869e-05
3.26869e-05
 3.1646e-05
 3.1646e-05
3.06692e-05
3.06692e-05
2.97507e-05
2.97507e-05
2.88855e-05
2.88855e-05
 2.8069e-05
 2.8069e-05
2.72973e-05
2.72973e-05
2.65667e-05
2.65667e-05
 2.5874e-05
 2.5874e-05
2.52165e-05
2.52165e-05
2.45914e-05
2.45914e-05
2.39964e-05
2.39964e-05
2.34294e-05
2.34294e-05
2.28885e-05
2.28885e-05
2.23719e-05
2.23719e-05
 2.1878e-05
 2.1878e-05
2.14054e-05
2.14054e-05
2.09526e-05
2.09526e-05
2.05186e-05
2.05186e-05
 2.0102e-05
 2.0102e-05
 1.9702e-05
 1.9702e-05
  0.0019999
          1
4.00686e-06
1.33602e-06
1.33528e-06
8.01233e-07
8.00914e-07
5.72091e-07
5.71917e-07
4.44819e-07
 4.4471e-07
3.63844e-07
 3.6377e-07
3.07795e-07
3.07741e-07
2.66698e-07
2.66657e-07
2.35276e-07
2.35244e-07
2.10472e-07
2.10446e-07
1.90395e-07
1.90373e-07
1.73811e-07
1.73793e-07
1.59881e-07
1.59866e-07
1.48016e-07
1.48004e-07
1.37789e-07
1.37778e-07
1.28882e-07
1.28872e-07
1.21054e-07
1.21046e-07
1.14122e-07
1.14115e-07
 1.0794e-07
1.07933e-07
1.02392e-07
1.02385e-07
9.73849e-08
9.73793e-08
9.28441e-08
9.28391e-08
8.87072e-08
8.87025e-08
8.49224e-08
8.49182e-08
8.14467e-08
8.14428e-08
7.82437e-08
7.82401e-08
7.52825e-08
7.52792e-08
7.25368e-08
7.25337e-08
6.99838e-08
6.99809e-08
6.76039e-08
6.76012e-08
6.53802e-08
6.53776e-08
6.32976e-08
6.32952e-08
6.13433e-08
 6.1341e-08
5.95057e-08
5.95036e-08
5.77746e-08
5.77726e-08
5.61411e-08
5.61392e-08
5.45971e-08
5.45953e-08
5.31355e-08
5.31338e-08
5.17498e-08
5.17482e-08
5.04343e-08
5.04328e-08
4.91838e-08
4.91823e-08
4.79936e-08
4.79922e-08
4.68593e-08
 4.6858e-08
4.57773e-08
 4.5776e-08
4.47439e-08
4.47427e-08
4.37559e-08
4.37547e-08
4.28104e-08
4.28093e-08
4.19048e-08
4.19037e-08
4.10365e-08
4.10354e-08
4.02033e-08
4.02023e-08
3.94031e-08
3.94021e-08
