 9.35524e-10
 2.86137e-10
 2.77181e-10
 1.54428e-10
 1.50399e-10
 1.00591e-10
 9.83379e-11
 7.20713e-11
 7.06573e-11
 5.47479e-11
 5.37931e-11
-4.65973e-18
 1.49414e-10
 8.16132e-11
 1.17773e-10
  7.9904e-11
 9.72268e-11
 7.21776e-11
 8.26002e-11
 6.45321e-11
 7.16012e-11
 5.78467e-11
 6.30133e-11
  0.00019999
 6.66567e-05
 6.66567e-05
   3.999e-05
   3.999e-05
 2.85614e-05
 2.85614e-05
 2.22122e-05
 2.22122e-05
 1.81718e-05
 1.81718e-05
  0.00019999
           1
 4.00686e-08
 1.33602e-08
 1.33528e-08
 8.01233e-09
 8.00914e-09
 5.72091e-09
 5.71917e-09
 4.44819e-09
  4.4471e-09
 3.63844e-09
  3.6377e-09
