 9.35523e-08
 2.86137e-08
 2.77181e-08
 1.54428e-08
 1.50399e-08
 1.00591e-08
 9.83379e-09
 7.20713e-09
 7.06573e-09
 5.47479e-09
 5.37931e-09
 4.32826e-09
  4.2604e-09
 3.52314e-09
 3.47303e-09
 2.93256e-09
 2.89444e-09
 2.48459e-09
 2.45489e-09
 2.13561e-09
 2.11201e-09
-3.26393e-17
 1.49414e-08
 8.16133e-09
 1.17773e-08
  7.9904e-09
 9.72268e-09
 7.21776e-09
 8.26002e-09
 6.45321e-09
 7.16012e-09
 5.78467e-09
 6.30133e-09
 5.21445e-09
  5.6119e-09
   4.729e-09
 5.04634e-09
 4.31365e-09
 4.57427e-09
 3.95576e-09
 4.17458e-09
 3.64506e-09
 3.83206e-09
   0.0019999
 0.000666567
 0.000666567
   0.0003999
   0.0003999
 0.000285614
 0.000285614
 0.000222122
 0.000222122
 0.000181718
 0.000181718
 0.000153746
 0.000153746
 0.000133233
 0.000133233
 0.000117547
 0.000117547
 0.000105163
 0.000105163
 9.51381e-05
 9.51381e-05
   0.0019999
           1
 4.00686e-06
 1.33602e-06
 1.33528e-06
 8.01233e-07
 8.00914e-07
 5.72091e-07
 5.71917e-07
 4.44819e-07
  4.4471e-07
 3.63844e-07
  3.6377e-07
 3.07795e-07
 3.07741e-07
 2.66698e-07
 2.66657e-07
 2.35276e-07
 2.35244e-07
 2.10472e-07
 2.10446e-07
 1.90395e-07
 1.90373e-07
