2.20168e-08
2.38339e-09
3.70451e-09
9.57668e-10
 1.4091e-09
5.07049e-10
7.16109e-10
3.10704e-10
4.24936e-10
2.08616e-10
2.77714e-10
1.76069e-10
1.76176e-08
2.42735e-09
8.11068e-09
1.76365e-09
4.75244e-09
 1.2895e-09
3.15437e-09
9.80675e-10
2.26081e-09
7.73766e-10
1.70548e-09
0.000198657
 6.6655e-05
6.63901e-05
3.99893e-05
3.98758e-05
 2.8561e-05
 2.8498e-05
 2.2212e-05
2.21718e-05
1.81717e-05
1.81389e-05
 0.00019999
          1
4.85329e-08
1.42198e-08
1.43353e-08
8.30961e-09
8.24855e-09
5.85835e-09
5.78427e-09
4.52245e-09
4.45723e-09
3.68286e-09
3.62712e-09
