2.20168e-06
 2.3834e-07
3.70451e-07
9.57666e-08
1.40911e-07
 5.0705e-08
7.16108e-08
3.10706e-08
4.24935e-08
2.08593e-08
2.77951e-08
1.49093e-08
1.94418e-08
1.11549e-08
1.42821e-08
8.64158e-09
1.08916e-08
6.88072e-09
8.55432e-09
5.60137e-09
6.88042e-09
4.64396e-09
5.64372e-09
3.90963e-09
4.70607e-09
3.33457e-09
3.97945e-09
2.87618e-09
3.40574e-09
2.50512e-09
2.94536e-09
2.20068e-09
2.57067e-09
1.94795e-09
 2.2619e-09
 1.7359e-09
2.00461e-09
1.55633e-09
 1.7881e-09
1.40295e-09
1.60428e-09
1.27096e-09
1.44695e-09
1.15656e-09
1.31132e-09
 1.0568e-09
 1.1936e-09
9.69286e-10
1.09081e-09
 8.9211e-10
1.00056e-09
8.23715e-10
9.20899e-10
7.62824e-10
8.50254e-10
7.08385e-10
7.87326e-10
6.59523e-10
7.31041e-10
6.15506e-10
6.80504e-10
5.75716e-10
6.34966e-10
5.39633e-10
5.93793e-10
5.06813e-10
5.56451e-10
4.76875e-10
5.22481e-10
4.49494e-10
4.91493e-10
4.24387e-10
4.63152e-10
4.01312e-10
4.37165e-10
3.80055e-10
4.13282e-10
3.60432e-10
3.91283e-10
3.42279e-10
3.70977e-10
3.25455e-10
3.52195e-10
3.09833e-10
 3.3479e-10
2.95303e-10
3.18631e-10
2.81764e-10
3.03603e-10
 2.6913e-10
2.89603e-10
2.57321e-10
2.76541e-10
2.46269e-10
2.64335e-10
2.35909e-10
2.52913e-10
2.26185e-10
2.42208e-10
2.17047e-10
 2.3216e-10
1.76068e-08
1.76176e-06
2.42735e-07
8.11068e-07
1.76365e-07
4.75244e-07
 1.2895e-07
3.15437e-07
9.80676e-08
2.26081e-07
7.72151e-08
 1.7073e-07
6.25198e-08
1.33913e-07
5.17704e-08
1.08105e-07
4.36591e-08
8.92684e-08
3.73784e-08
7.50733e-08
3.24085e-08
6.40933e-08
2.84031e-08
5.54146e-08
2.51237e-08
4.84288e-08
2.24021e-08
4.27171e-08
2.01163e-08
 3.7984e-08
1.81764e-08
3.40152e-08
1.65146e-08
3.06526e-08
1.50793e-08
2.77772e-08
1.38304e-08
2.52981e-08
1.27362e-08
2.31448e-08
1.17719e-08
2.12619e-08
1.09171e-08
1.96054e-08
1.01557e-08
1.81399e-08
9.47429e-09
1.68368e-08
8.86177e-09
1.56727e-08
8.30901e-09
1.46282e-08
7.80832e-09
1.36873e-08
7.35325e-09
1.28366e-08
6.93831e-09
1.20647e-08
6.55883e-09
1.13621e-08
 6.2108e-09
1.07206e-08
5.89078e-09
1.01332e-08
5.59578e-09
9.59403e-09
 5.3232e-09
9.09779e-09
 5.0708e-09
8.64001e-09
4.83659e-09
8.21676e-09
4.61883e-09
7.82462e-09
4.41598e-09
7.46056e-09
4.22669e-09
7.12195e-09
4.04976e-09
6.80643e-09
3.88411e-09
6.51192e-09
3.72878e-09
6.23658e-09
3.58292e-09
5.97875e-09
3.44576e-09
5.73697e-09
3.31661e-09
5.50991e-09
3.19484e-09
5.29639e-09
 3.0799e-09
5.09534e-09
2.97127e-09
4.90579e-09
2.86849e-09
4.72688e-09
2.77114e-09
4.55781e-09
2.67909e-09
 4.3976e-09
 0.00198657
 0.00066655
0.000663901
0.000399893
0.000398758
 0.00028561
 0.00028498
 0.00022212
0.000221718
0.000181716
0.000181439
0.000153745
0.000153541
0.000133232
0.000133077
0.000117546
0.000117423
0.000105163
0.000105063
9.51376e-05
9.50554e-05
8.68561e-05
 8.6787e-05
7.98997e-05
7.98408e-05
7.39738e-05
7.39231e-05
6.88653e-05
6.88211e-05
6.44159e-05
6.43771e-05
6.05059e-05
6.04715e-05
5.70427e-05
 5.7012e-05
5.39539e-05
5.39264e-05
5.11819e-05
5.11571e-05
4.86804e-05
4.86578e-05
4.64115e-05
 4.6391e-05
4.43444e-05
4.43256e-05
4.24531e-05
4.24359e-05
4.07163e-05
4.07004e-05
3.91156e-05
3.91009e-05
3.76358e-05
3.76222e-05
3.62636e-05
3.62509e-05
3.49877e-05
3.49759e-05
3.37983e-05
3.37872e-05
3.26868e-05
3.26765e-05
 3.1646e-05
3.16363e-05
3.06692e-05
3.06601e-05
2.97507e-05
2.97421e-05
2.88855e-05
2.88774e-05
 2.8069e-05
2.80613e-05
2.72972e-05
  2.729e-05
2.65666e-05
2.65598e-05
 2.5874e-05
2.58675e-05
2.52164e-05
2.52102e-05
2.45913e-05
2.45854e-05
2.39964e-05
2.39907e-05
2.34294e-05
 2.3424e-05
2.28885e-05
2.28834e-05
2.23719e-05
 2.2367e-05
 2.1878e-05
2.18733e-05
2.14054e-05
2.14009e-05
2.09526e-05
2.09483e-05
2.05185e-05
2.05144e-05
 2.0102e-05
 2.0098e-05
 1.9702e-05
1.96981e-05
  0.0019999
          1
4.85329e-06
1.42198e-06
1.43353e-06
8.30961e-07
8.24854e-07
5.85835e-07
5.78427e-07
4.52245e-07
4.45723e-07
 3.6827e-07
3.62822e-07
3.10617e-07
3.06091e-07
2.68589e-07
2.64803e-07
2.36591e-07
2.33392e-07
2.11413e-07
2.08682e-07
1.91083e-07
1.88728e-07
1.74324e-07
1.72274e-07
 1.6027e-07
1.58471e-07
1.48314e-07
1.46723e-07
1.38018e-07
1.36602e-07
 1.2906e-07
1.27791e-07
1.21194e-07
1.20051e-07
1.14231e-07
1.13197e-07
1.08025e-07
1.07084e-07
1.02458e-07
1.01599e-07
9.74362e-08
9.66485e-08
9.28835e-08
9.21587e-08
8.87369e-08
8.80678e-08
8.49443e-08
8.43248e-08
8.14623e-08
 8.0887e-08
7.82541e-08
7.77185e-08
7.52887e-08
7.47888e-08
7.25394e-08
7.20719e-08
6.99836e-08
6.95453e-08
6.76014e-08
6.71897e-08
6.53757e-08
6.49882e-08
6.32915e-08
6.29263e-08
6.13359e-08
 6.0991e-08
5.94972e-08
 5.9171e-08
5.77653e-08
5.74562e-08
5.61311e-08
5.58379e-08
5.45865e-08
5.43081e-08
5.31245e-08
5.28596e-08
5.17385e-08
5.14862e-08
5.04227e-08
5.01823e-08
 4.9172e-08
4.89425e-08
4.79817e-08
4.77624e-08
4.68474e-08
4.66376e-08
4.57653e-08
4.55645e-08
4.47319e-08
4.45395e-08
 4.3744e-08
4.35594e-08
4.27985e-08
4.26214e-08
 4.1893e-08
4.17228e-08
4.10248e-08
4.08611e-08
4.01917e-08
4.00342e-08
3.93916e-08
3.92399e-08
