2.20168e-06
 2.3834e-07
3.70451e-07
9.57664e-08
 1.4091e-07
5.07048e-08
7.16109e-08
3.10704e-08
4.24936e-08
2.08592e-08
2.77951e-08
1.49093e-08
1.94418e-08
1.11548e-08
1.42822e-08
8.64158e-09
1.08916e-08
6.88072e-09
8.55433e-09
5.60151e-09
6.87832e-09
1.76069e-08
1.76176e-06
2.42735e-07
8.11068e-07
1.76365e-07
4.75244e-07
 1.2895e-07
3.15437e-07
9.80673e-08
2.26081e-07
7.72149e-08
 1.7073e-07
6.25197e-08
1.33913e-07
5.17703e-08
1.08105e-07
 4.3659e-08
8.92684e-08
3.73783e-08
7.50732e-08
3.24378e-08
6.40612e-08
 0.00198657
 0.00066655
0.000663901
0.000399893
0.000398758
 0.00028561
 0.00028498
 0.00022212
0.000221718
0.000181716
0.000181439
0.000153745
0.000153541
0.000133232
0.000133077
0.000117546
0.000117423
0.000105163
0.000105063
9.51376e-05
9.50477e-05
  0.0019999
          1
4.85329e-06
1.42198e-06
1.43353e-06
8.30961e-07
8.24855e-07
5.85835e-07
5.78427e-07
4.52245e-07
4.45723e-07
 3.6827e-07
3.62822e-07
3.10617e-07
3.06091e-07
2.68589e-07
2.64803e-07
2.36591e-07
2.33392e-07
2.11413e-07
2.08682e-07
1.91085e-07
1.88713e-07
