2.19673e-08
2.38149e-09
3.69823e-09
9.56924e-10
1.40689e-09
5.06704e-10
7.15047e-10
3.10501e-10
4.24315e-10
2.08466e-10
2.77606e-10
1.48971e-10
 1.9416e-10
1.11476e-10
1.42648e-10
8.63689e-11
1.08794e-10
6.87739e-11
8.54531e-11
5.59881e-11
6.87367e-11
4.64199e-11
5.63846e-11
3.90824e-11
4.70198e-11
 3.3334e-11
3.97615e-11
2.87521e-11
3.40297e-11
2.50418e-11
2.94321e-11
2.20012e-11
2.56877e-11
 1.9474e-11
2.26033e-11
1.73545e-11
2.00328e-11
1.55591e-11
1.78695e-11
 1.4026e-11
 1.6033e-11
1.27068e-11
1.44609e-11
1.15631e-11
1.31056e-11
1.05657e-11
1.19294e-11
9.69087e-12
1.09022e-11
8.91929e-12
1.00004e-11
8.23558e-12
9.20428e-12
7.62679e-12
8.49834e-12
7.08255e-12
7.86949e-12
6.59409e-12
7.30701e-12
6.15399e-12
6.80191e-12
5.75623e-12
6.34685e-12
5.39547e-12
5.93537e-12
5.06734e-12
5.56213e-12
4.76803e-12
5.22267e-12
4.49428e-12
4.91295e-12
4.24325e-12
4.62968e-12
4.01256e-12
4.36998e-12
3.80003e-12
4.13125e-12
3.60383e-12
3.91139e-12
3.42235e-12
3.70842e-12
3.25414e-12
 3.5207e-12
3.09795e-12
3.34673e-12
2.95267e-12
3.18522e-12
 2.8173e-12
3.03501e-12
2.69098e-12
2.89508e-12
2.57292e-12
2.76452e-12
2.46241e-12
2.64252e-12
2.35883e-12
2.52834e-12
2.26161e-12
2.42134e-12
2.17024e-12
 2.3209e-12
1.75566e-10
1.75715e-08
2.42487e-09
8.09154e-09
1.76181e-09
4.74209e-09
1.28834e-09
3.14764e-09
9.79787e-10
2.25608e-09
7.71438e-10
1.70383e-09
6.24648e-10
1.33644e-09
5.17241e-10
1.07891e-09
4.36213e-10
8.90946e-10
3.73467e-10
7.49292e-10
3.23813e-10
 6.3972e-10
2.83796e-10
 5.5311e-10
2.51036e-10
4.83394e-10
2.23843e-10
4.26392e-10
2.01006e-10
3.79153e-10
1.81623e-10
3.39544e-10
1.65021e-10
3.05982e-10
 1.5068e-10
2.77284e-10
1.38202e-10
2.52541e-10
1.27269e-10
2.31048e-10
1.17633e-10
2.12255e-10
1.09094e-10
 1.9572e-10
1.01486e-10
1.81093e-10
9.46768e-11
1.68086e-10
8.85565e-11
1.56466e-10
8.30332e-11
 1.4604e-10
7.80303e-11
1.36648e-10
7.34831e-11
1.28155e-10
6.93369e-11
 1.2045e-10
6.55449e-11
1.13436e-10
6.20673e-11
1.07033e-10
5.88694e-11
 1.0117e-10
5.59216e-11
9.57871e-11
5.31979e-11
9.08333e-11
5.06757e-11
8.62634e-11
4.83353e-11
8.20382e-11
4.61592e-11
7.81234e-11
4.41322e-11
7.44891e-11
4.22407e-11
7.11087e-11
4.04726e-11
6.79588e-11
3.88172e-11
6.50187e-11
 3.7265e-11
6.22698e-11
3.58075e-11
5.96959e-11
3.44368e-11
5.72821e-11
3.31462e-11
5.50153e-11
3.19293e-11
5.28836e-11
3.07807e-11
5.08764e-11
2.96951e-11
 4.8984e-11
 2.8668e-11
4.71978e-11
2.76951e-11
4.55099e-11
2.67752e-11
4.39104e-11
0.000198657
 6.6655e-05
6.63901e-05
3.99893e-05
3.98758e-05
 2.8561e-05
 2.8498e-05
 2.2212e-05
2.21718e-05
1.81717e-05
1.81439e-05
1.53745e-05
1.53541e-05
1.33232e-05
1.33077e-05
1.17546e-05
1.17423e-05
1.05163e-05
1.05063e-05
9.51376e-06
9.50554e-06
8.68561e-06
 8.6787e-06
7.98997e-06
7.98408e-06
7.39738e-06
7.39231e-06
6.88653e-06
6.88211e-06
6.44159e-06
6.43771e-06
6.05059e-06
6.04715e-06
5.70427e-06
 5.7012e-06
5.39539e-06
5.39264e-06
5.11819e-06
5.11571e-06
4.86804e-06
4.86578e-06
4.64115e-06
 4.6391e-06
4.43444e-06
4.43256e-06
4.24531e-06
4.24359e-06
4.07163e-06
4.07004e-06
3.91156e-06
3.91009e-06
3.76358e-06
3.76222e-06
3.62636e-06
3.62509e-06
3.49877e-06
3.49759e-06
3.37983e-06
3.37872e-06
3.26868e-06
3.26765e-06
 3.1646e-06
3.16363e-06
3.06692e-06
3.06601e-06
2.97507e-06
2.97421e-06
2.88855e-06
2.88774e-06
 2.8069e-06
2.80613e-06
2.72972e-06
  2.729e-06
2.65666e-06
2.65598e-06
 2.5874e-06
2.58675e-06
2.52164e-06
2.52102e-06
2.45913e-06
2.45854e-06
2.39964e-06
2.39907e-06
2.34294e-06
 2.3424e-06
2.28885e-06
2.28834e-06
2.23719e-06
 2.2367e-06
 2.1878e-06
2.18733e-06
2.14054e-06
2.14009e-06
2.09526e-06
2.09483e-06
2.05185e-06
2.05144e-06
 2.0102e-06
 2.0098e-06
 1.9702e-06
1.96981e-06
 0.00019999
          1
  4.851e-08
1.42183e-08
1.43329e-08
8.30962e-09
8.24795e-09
 5.8585e-09
5.78426e-09
4.52256e-09
4.45724e-09
3.68272e-09
3.62829e-09
3.10618e-09
3.06094e-09
2.68587e-09
2.64807e-09
 2.3659e-09
2.33396e-09
2.11412e-09
2.08685e-09
1.91083e-09
1.88732e-09
1.74324e-09
1.72278e-09
 1.6027e-09
1.58474e-09
1.48314e-09
1.46726e-09
1.38018e-09
1.36605e-09
 1.2906e-09
1.27794e-09
1.21194e-09
1.20053e-09
1.14231e-09
1.13199e-09
1.08025e-09
1.07086e-09
1.02458e-09
  1.016e-09
9.74362e-10
9.66502e-10
9.28836e-10
9.21603e-10
 8.8737e-10
8.80693e-10
8.49444e-10
8.43262e-10
8.14624e-10
8.08883e-10
7.82542e-10
7.77197e-10
7.52887e-10
7.47899e-10
7.25395e-10
7.20729e-10
6.99836e-10
6.95463e-10
6.76014e-10
6.71906e-10
6.53757e-10
6.49891e-10
6.32916e-10
6.29271e-10
 6.1336e-10
6.09917e-10
5.94973e-10
5.91717e-10
5.77653e-10
5.74569e-10
5.61311e-10
5.58386e-10
5.45866e-10
5.43087e-10
5.31245e-10
5.28602e-10
5.17385e-10
5.14868e-10
5.04228e-10
5.01828e-10
4.91721e-10
 4.8943e-10
4.79817e-10
4.77629e-10
4.68474e-10
4.66381e-10
4.57653e-10
 4.5565e-10
4.47319e-10
4.45399e-10
 4.3744e-10
4.35598e-10
4.27986e-10
4.26218e-10
 4.1893e-10
4.17232e-10
4.10248e-10
4.08615e-10
4.01917e-10
4.00346e-10
3.93916e-10
3.92403e-10
