2.19676e-06
 2.3817e-07
3.69747e-07
9.57085e-08
1.40675e-07
 5.0678e-08
7.15039e-08
3.10558e-08
 4.2436e-08
2.08528e-08
2.77369e-08
1.75612e-08
1.75719e-06
  2.425e-07
8.09101e-07
1.76207e-07
4.74147e-07
1.28842e-07
3.14737e-07
9.79888e-08
2.25595e-07
7.73166e-08
1.70192e-07
 0.00198657
 0.00066655
0.000663901
0.000399893
0.000398758
 0.00028561
 0.00028498
 0.00022212
0.000221718
0.000181717
0.000181389
  0.0019999
          1
4.85101e-06
1.42189e-06
1.43329e-06
8.30934e-07
8.24806e-07
5.85823e-07
5.78419e-07
4.52239e-07
4.45727e-07
3.68283e-07
3.62719e-07
