2.19676e-08
2.38169e-09
3.69747e-09
9.57097e-10
1.40675e-09
5.06755e-10
 7.1504e-10
3.10565e-10
 4.2436e-10
2.08505e-10
2.77605e-10
1.49036e-10
1.94194e-10
1.11509e-10
1.42669e-10
8.63874e-11
1.08807e-10
6.87862e-11
8.54625e-11
 5.5999e-11
6.87218e-11
1.75613e-10
1.75719e-08
2.42498e-09
8.09101e-09
1.76211e-09
4.74147e-09
1.28839e-09
3.14737e-09
9.79886e-10
2.25596e-09
7.71554e-10
1.70373e-09
6.24733e-10
 1.3364e-09
5.17331e-10
1.07889e-09
4.36285e-10
8.90935e-10
3.73528e-10
7.49286e-10
3.24161e-10
6.39397e-10
0.000198657
 6.6655e-05
6.63901e-05
3.99893e-05
3.98758e-05
 2.8561e-05
 2.8498e-05
 2.2212e-05
2.21718e-05
1.81716e-05
1.81439e-05
1.53745e-05
1.53541e-05
1.33232e-05
1.33077e-05
1.17546e-05
1.17423e-05
1.05163e-05
1.05063e-05
9.51376e-06
9.50477e-06
 0.00019999
          1
4.85101e-08
1.42189e-08
1.43329e-08
8.30943e-09
8.24806e-09
5.85819e-09
5.78419e-09
4.52239e-09
4.45727e-09
3.68267e-09
3.62828e-09
3.10615e-09
3.06098e-09
2.68588e-09
 2.6481e-09
 2.3659e-09
2.33398e-09
2.11412e-09
2.08687e-09
1.91085e-09
1.88718e-09
