2.14881e-06
2.36485e-07
3.62875e-07
9.51338e-08
 1.3838e-07
5.04123e-08
7.04596e-08
3.09109e-08
4.18732e-08
2.07648e-08
2.73996e-08
1.71163e-08
1.71268e-06
 2.4017e-07
7.89918e-07
1.74646e-07
4.63449e-07
1.27767e-07
 3.0791e-07
9.72109e-08
2.20858e-07
7.67238e-08
1.66717e-07
 0.00198657
 0.00066655
0.000663901
0.000399893
0.000398758
 0.00028561
 0.00028498
 0.00022212
0.000221718
0.000181717
0.000181389
  0.0019999
          1
4.82876e-06
1.42107e-06
1.43099e-06
8.30672e-07
8.24335e-07
5.85711e-07
 5.7834e-07
4.52182e-07
4.45757e-07
3.68251e-07
3.62781e-07
