2.14881e-06
2.36484e-07
3.62875e-07
9.51338e-08
 1.3838e-07
5.04123e-08
7.04596e-08
3.09107e-08
4.18732e-08
2.07625e-08
2.74227e-08
1.48461e-08
1.92007e-08
1.11113e-08
1.41172e-08
8.61028e-09
1.07738e-08
6.85747e-09
 8.4672e-09
5.58362e-09
6.81421e-09
 4.6301e-09
5.59222e-09
 3.8986e-09
4.66523e-09
3.32565e-09
3.94652e-09
2.86886e-09
 3.3788e-09
2.49903e-09
2.92304e-09
2.19558e-09
2.55197e-09
1.94362e-09
2.24607e-09
 1.7322e-09
1.99111e-09
1.55313e-09
1.77648e-09
1.40018e-09
1.59421e-09
1.26853e-09
1.43817e-09
1.15444e-09
1.30361e-09
1.05492e-09
 1.1868e-09
9.67617e-10
1.08478e-09
8.90621e-10
9.95189e-10
8.22381e-10
9.16094e-10
7.61625e-10
8.45939e-10
7.07303e-10
7.83436e-10
6.58543e-10
7.27522e-10
6.14615e-10
 6.7731e-10
5.74905e-10
6.32058e-10
5.38892e-10
5.91139e-10
5.06134e-10
 5.5402e-10
4.76251e-10
5.20251e-10
 4.4892e-10
4.89442e-10
4.23858e-10
 4.6126e-10
4.00822e-10
4.35418e-10
3.79601e-10
4.11664e-10
 3.6001e-10
3.89782e-10
3.41887e-10
3.69582e-10
 3.2509e-10
3.50896e-10
3.09493e-10
3.33579e-10
2.94985e-10
  3.175e-10
2.81466e-10
3.02545e-10
2.68851e-10
2.88612e-10
 2.5706e-10
2.75612e-10
2.46023e-10
2.63462e-10
2.35677e-10
2.52091e-10
2.25967e-10
2.41435e-10
2.16841e-10
2.31431e-10
1.71163e-08
1.71268e-06
2.40169e-07
7.89919e-07
1.74646e-07
4.63449e-07
1.27767e-07
 3.0791e-07
9.72109e-08
2.20858e-07
7.65677e-08
1.66893e-07
6.20139e-08
1.30974e-07
5.13644e-08
1.05782e-07
4.33261e-08
8.73861e-08
3.71003e-08
7.35168e-08
3.21728e-08
6.27848e-08
2.82007e-08
5.42992e-08
2.49482e-08
4.74666e-08
2.22483e-08
4.18786e-08
1.99804e-08
3.72467e-08
1.80555e-08
3.33618e-08
1.64063e-08
3.00696e-08
1.49818e-08
2.72538e-08
1.37421e-08
2.48256e-08
1.26559e-08
2.27161e-08
1.16985e-08
2.08712e-08
1.08498e-08
1.92478e-08
1.00938e-08
1.78115e-08
9.41705e-09
1.65341e-08
8.80874e-09
1.53927e-08
8.25973e-09
1.43685e-08
7.76242e-09
1.34458e-08
7.31039e-09
1.26114e-08
 6.8982e-09
1.18542e-08
6.52121e-09
1.11649e-08
6.17544e-09
1.05355e-08
5.85749e-09
 9.9592e-09
5.56437e-09
9.43007e-09
5.29354e-09
8.94304e-09
5.04273e-09
8.49372e-09
4.80998e-09
8.07825e-09
4.59358e-09
7.69329e-09
4.39198e-09
7.33587e-09
4.20386e-09
 7.0034e-09
4.02801e-09
6.69358e-09
3.86336e-09
6.40437e-09
3.70897e-09
6.13396e-09
3.56399e-09
5.88073e-09
3.42764e-09
5.64325e-09
3.29926e-09
5.42021e-09
3.17821e-09
5.21046e-09
3.06394e-09
5.01295e-09
2.95595e-09
4.82672e-09
2.85376e-09
4.65094e-09
2.75698e-09
4.48481e-09
2.66545e-09
4.32739e-09
 0.00198657
 0.00066655
0.000663901
0.000399893
0.000398758
 0.00028561
 0.00028498
 0.00022212
0.000221718
0.000181716
0.000181439
0.000153745
0.000153541
0.000133232
0.000133077
0.000117546
0.000117423
0.000105163
0.000105063
9.51376e-05
9.50554e-05
8.68561e-05
 8.6787e-05
7.98997e-05
7.98408e-05
7.39738e-05
7.39231e-05
6.88653e-05
6.88211e-05
6.44159e-05
6.43771e-05
6.05059e-05
6.04715e-05
5.70427e-05
 5.7012e-05
5.39539e-05
5.39264e-05
5.11819e-05
5.11571e-05
4.86804e-05
4.86578e-05
4.64115e-05
 4.6391e-05
4.43444e-05
4.43256e-05
4.24531e-05
4.24359e-05
4.07163e-05
4.07004e-05
3.91156e-05
3.91009e-05
3.76358e-05
3.76222e-05
3.62636e-05
3.62509e-05
3.49877e-05
3.49759e-05
3.37983e-05
3.37872e-05
3.26868e-05
3.26765e-05
 3.1646e-05
3.16363e-05
3.06692e-05
3.06601e-05
2.97507e-05
2.97421e-05
2.88855e-05
2.88774e-05
 2.8069e-05
2.80613e-05
2.72972e-05
  2.729e-05
2.65666e-05
2.65598e-05
 2.5874e-05
2.58675e-05
2.52164e-05
2.52102e-05
2.45913e-05
2.45854e-05
2.39964e-05
2.39907e-05
2.34294e-05
 2.3424e-05
2.28885e-05
2.28834e-05
2.23719e-05
 2.2367e-05
 2.1878e-05
2.18733e-05
2.14054e-05
2.14009e-05
2.09526e-05
2.09483e-05
2.05185e-05
2.05144e-05
 2.0102e-05
 2.0098e-05
 1.9702e-05
1.96981e-05
  0.0019999
          1
4.82876e-06
1.42107e-06
1.43099e-06
8.30672e-07
8.24335e-07
5.85711e-07
 5.7834e-07
4.52182e-07
4.45757e-07
3.68235e-07
3.62891e-07
3.10596e-07
3.06167e-07
2.68576e-07
2.64877e-07
2.36582e-07
 2.3346e-07
2.11407e-07
2.08743e-07
 1.9108e-07
1.88784e-07
1.74322e-07
1.72324e-07
1.60268e-07
1.58516e-07
1.48313e-07
1.46764e-07
1.38018e-07
1.36639e-07
1.29059e-07
1.27825e-07
1.21193e-07
1.20081e-07
1.14231e-07
1.13224e-07
1.08025e-07
 1.0711e-07
1.02458e-07
1.01622e-07
9.74365e-08
9.66702e-08
9.28838e-08
9.21789e-08
8.87372e-08
8.80865e-08
8.49447e-08
8.43422e-08
8.14626e-08
8.09032e-08
7.82545e-08
7.77337e-08
 7.5289e-08
 7.4803e-08
7.25398e-08
7.20852e-08
6.99839e-08
6.95578e-08
6.76017e-08
6.72014e-08
 6.5376e-08
6.49993e-08
6.32919e-08
6.29368e-08
6.13362e-08
6.10009e-08
5.94975e-08
5.91804e-08
5.77656e-08
5.74652e-08
5.61314e-08
5.58464e-08
5.45868e-08
5.43161e-08
5.31248e-08
5.28673e-08
5.17388e-08
5.14936e-08
 5.0423e-08
5.01893e-08
4.91723e-08
4.89492e-08
4.79819e-08
4.77688e-08
4.68476e-08
4.66438e-08
4.57655e-08
4.55704e-08
4.47321e-08
4.45451e-08
4.37442e-08
4.35648e-08
4.27988e-08
4.26266e-08
4.18932e-08
4.17278e-08
 4.1025e-08
 4.0866e-08
4.01919e-08
4.00389e-08
3.93918e-08
3.92444e-08
