2.14881e-06
2.36485e-07
3.62875e-07
9.51338e-08
 1.3838e-07
5.04123e-08
7.04596e-08
3.09109e-08
4.18732e-08
2.07625e-08
2.74227e-08
1.48461e-08
1.92008e-08
1.11113e-08
1.41172e-08
8.61032e-09
1.07738e-08
 6.8575e-09
8.46724e-09
5.58377e-09
6.81217e-09
1.71163e-08
1.71268e-06
 2.4017e-07
7.89918e-07
1.74646e-07
4.63449e-07
1.27767e-07
 3.0791e-07
9.72109e-08
2.20858e-07
7.65678e-08
1.66893e-07
6.20141e-08
1.30974e-07
5.13644e-08
1.05782e-07
4.33261e-08
8.73861e-08
3.71003e-08
7.35169e-08
3.22012e-08
6.27538e-08
 0.00198657
 0.00066655
0.000663901
0.000399893
0.000398758
 0.00028561
 0.00028498
 0.00022212
0.000221718
0.000181716
0.000181439
0.000153745
0.000153541
0.000133232
0.000133077
0.000117546
0.000117423
0.000105163
0.000105063
9.51376e-05
9.50477e-05
  0.0019999
          1
4.82876e-06
1.42107e-06
1.43099e-06
8.30672e-07
8.24335e-07
5.85711e-07
 5.7834e-07
4.52182e-07
4.45757e-07
3.68235e-07
3.62891e-07
3.10596e-07
3.06167e-07
2.68576e-07
2.64877e-07
2.36582e-07
 2.3346e-07
2.11407e-07
2.08743e-07
1.91081e-07
1.88769e-07
