1.76515e-08
2.20993e-09
3.07502e-09
8.97956e-10
1.19813e-09
4.79316e-10
6.19863e-10
2.95632e-10
3.73029e-10
1.99521e-10
2.46781e-10
1.43219e-10
1.74213e-10
1.07497e-10
1.28984e-10
8.34564e-11
9.89949e-11
6.66063e-11
7.82059e-11
5.43317e-11
6.32238e-11
4.51252e-11
5.20942e-11
3.80449e-11
4.36145e-11
3.24947e-11
 3.7014e-11
2.80652e-11
3.17815e-11
2.44709e-11
2.75671e-11
2.15202e-11
 2.4126e-11
1.90658e-11
2.12807e-11
1.70051e-11
1.89037e-11
1.52586e-11
1.68976e-11
1.37646e-11
1.51906e-11
 1.2478e-11
1.37258e-11
1.13622e-11
1.24605e-11
1.03882e-11
  1.136e-11
9.53312e-12
1.03973e-11
8.77862e-12
9.55043e-12
8.10949e-12
8.80172e-12
7.51338e-12
8.13665e-12
6.98023e-12
 7.5434e-12
6.50136e-12
7.01186e-12
6.06973e-12
6.53409e-12
5.67943e-12
6.10294e-12
5.32528e-12
5.71267e-12
5.00302e-12
5.35825e-12
4.70898e-12
5.03553e-12
4.43984e-12
4.74076e-12
4.19308e-12
4.47094e-12
3.96612e-12
4.22325e-12
3.75703e-12
3.99541e-12
3.56389e-12
3.78536e-12
3.38521e-12
3.59129e-12
3.21953e-12
3.41164e-12
3.06566e-12
3.24502e-12
2.92249e-12
3.09022e-12
2.78906e-12
2.94614e-12
2.66451e-12
2.81182e-12
2.54807e-12
2.68641e-12
2.43905e-12
2.56914e-12
2.33685e-12
2.45932e-12
 2.2409e-12
2.35634e-12
2.15071e-12
2.25962e-12
1.35602e-10
1.35831e-08
2.19019e-09
6.36628e-09
1.60351e-09
3.77762e-09
1.17889e-09
2.53127e-09
9.00532e-10
1.82803e-09
7.11553e-10
1.38915e-09
  5.778e-10
1.09538e-09
4.79638e-10
8.88283e-10
4.05373e-10
7.36391e-10
3.47714e-10
6.21449e-10
3.01978e-10
5.32207e-10
 2.6505e-10
4.61432e-10
2.34758e-10
4.04288e-10
 2.0958e-10
3.57436e-10
1.88405e-10
3.18512e-10
1.70408e-10
2.85795e-10
1.54976e-10
2.58016e-10
 1.4163e-10
2.34212e-10
1.30004e-10
2.13651e-10
1.19811e-10
1.95759e-10
1.10818e-10
1.80088e-10
1.02841e-10
1.66278e-10
9.57288e-11
1.54044e-10
8.93588e-11
1.43149e-10
8.36289e-11
1.33403e-10
7.84547e-11
1.24647e-10
7.37648e-11
 1.1675e-10
6.94996e-11
1.09602e-10
6.56083e-11
1.03108e-10
6.20475e-11
9.71915e-11
5.87801e-11
9.17838e-11
5.57741e-11
8.68277e-11
5.30017e-11
8.22735e-11
5.04389e-11
7.80783e-11
4.80647e-11
7.42049e-11
4.58607e-11
7.06206e-11
4.38105e-11
6.72969e-11
4.19001e-11
 6.4209e-11
4.01166e-11
6.13345e-11
3.84489e-11
5.86541e-11
 3.6887e-11
5.61505e-11
3.54219e-11
5.38081e-11
3.40457e-11
5.16133e-11
3.27511e-11
4.95537e-11
3.15317e-11
4.76182e-11
3.03816e-11
4.57971e-11
2.92957e-11
4.40813e-11
2.82691e-11
4.24627e-11
2.72975e-11
 4.0934e-11
 2.6377e-11
3.94886e-11
2.55059e-11
3.81185e-11
0.000198657
 6.6655e-05
6.63901e-05
3.99893e-05
3.98758e-05
 2.8561e-05
 2.8498e-05
 2.2212e-05
2.21718e-05
1.81716e-05
1.81439e-05
1.53745e-05
1.53541e-05
1.33232e-05
1.33077e-05
1.17546e-05
1.17423e-05
1.05163e-05
1.05063e-05
9.51376e-06
9.50554e-06
8.68561e-06
 8.6787e-06
7.98997e-06
7.98408e-06
7.39738e-06
7.39231e-06
6.88653e-06
6.88211e-06
6.44159e-06
6.43771e-06
6.05059e-06
6.04715e-06
5.70427e-06
 5.7012e-06
5.39539e-06
5.39264e-06
5.11819e-06
5.11571e-06
4.86804e-06
4.86578e-06
4.64115e-06
 4.6391e-06
4.43444e-06
4.43256e-06
4.24531e-06
4.24359e-06
4.07163e-06
4.07004e-06
3.91156e-06
3.91009e-06
3.76358e-06
3.76222e-06
3.62636e-06
3.62509e-06
3.49877e-06
3.49759e-06
3.37983e-06
3.37872e-06
3.26868e-06
3.26765e-06
 3.1646e-06
3.16363e-06
3.06692e-06
3.06601e-06
2.97507e-06
2.97421e-06
2.88855e-06
2.88774e-06
 2.8069e-06
2.80613e-06
2.72972e-06
  2.729e-06
2.65666e-06
2.65598e-06
 2.5874e-06
2.58675e-06
2.52164e-06
2.52102e-06
2.45913e-06
2.45854e-06
2.39964e-06
2.39907e-06
2.34294e-06
 2.3424e-06
2.28885e-06
2.28834e-06
2.23719e-06
 2.2367e-06
 2.1878e-06
2.18733e-06
2.14054e-06
2.14009e-06
2.09526e-06
2.09483e-06
2.05185e-06
2.05144e-06
 2.0102e-06
 2.0098e-06
 1.9702e-06
1.96981e-06
 0.00019999
          1
 4.6516e-08
1.41353e-08
1.41246e-08
8.28257e-09
8.20515e-09
5.84661e-09
5.77678e-09
4.51641e-09
4.45992e-09
3.67927e-09
3.63386e-09
3.10413e-09
3.06719e-09
2.68457e-09
 2.6541e-09
2.36509e-09
2.33954e-09
2.11361e-09
2.09192e-09
1.91049e-09
1.89188e-09
1.74301e-09
1.72688e-09
1.60254e-09
1.58843e-09
1.48304e-09
1.47059e-09
1.38012e-09
1.36906e-09
1.29056e-09
1.28068e-09
1.21192e-09
1.20303e-09
1.14231e-09
1.13427e-09
1.08026e-09
1.07295e-09
 1.0246e-09
1.01793e-09
9.74385e-10
9.68282e-10
9.28862e-10
9.23251e-10
8.87398e-10
8.82222e-10
8.49475e-10
8.44684e-10
8.14655e-10
 8.1021e-10
7.82574e-10
7.78438e-10
 7.5292e-10
7.49061e-10
7.25428e-10
 7.2182e-10
6.99869e-10
6.96488e-10
6.76046e-10
6.72872e-10
6.53789e-10
6.50802e-10
6.32947e-10
6.30132e-10
 6.1339e-10
6.10733e-10
5.95002e-10
 5.9249e-10
5.77682e-10
5.75303e-10
5.61339e-10
5.59083e-10
5.45893e-10
 5.4375e-10
5.31272e-10
5.29234e-10
5.17411e-10
5.15471e-10
5.04253e-10
5.02403e-10
4.91745e-10
 4.8998e-10
4.79841e-10
4.78155e-10
4.68497e-10
4.66885e-10
4.57676e-10
4.56132e-10
4.47341e-10
4.45862e-10
4.37461e-10
4.36043e-10
4.28006e-10
4.26645e-10
 4.1895e-10
4.17643e-10
4.10268e-10
 4.0901e-10
4.01936e-10
4.00727e-10
3.93935e-10
3.92769e-10
