1.76514e-08
2.20941e-09
3.07554e-09
 8.9812e-10
1.19829e-09
 4.7942e-10
6.19912e-10
2.95619e-10
3.72991e-10
1.99427e-10
2.46717e-10
1.43103e-10
1.74173e-10
1.07416e-10
1.28951e-10
8.34432e-11
9.89979e-11
6.65964e-11
7.82056e-11
5.43255e-11
6.32063e-11
1.35733e-10
1.35825e-08
2.18911e-09
6.36679e-09
1.60354e-09
3.77803e-09
1.17905e-09
2.53165e-09
9.00595e-10
1.82828e-09
7.11579e-10
1.38928e-09
5.77827e-10
1.09541e-09
4.79654e-10
8.88288e-10
4.05363e-10
  7.364e-10
3.47694e-10
6.21455e-10
3.02176e-10
5.31972e-10
0.000198657
 6.6655e-05
6.63901e-05
3.99893e-05
3.98758e-05
 2.8561e-05
 2.8498e-05
 2.2212e-05
2.21718e-05
1.81717e-05
1.81439e-05
1.53745e-05
1.53541e-05
1.33232e-05
1.33077e-05
1.17546e-05
1.17423e-05
1.05163e-05
1.05063e-05
9.51376e-06
9.50477e-06
 0.00019999
          1
4.65157e-08
1.41348e-08
1.41252e-08
 8.2826e-09
8.20506e-09
5.84662e-09
5.77669e-09
4.51653e-09
4.45975e-09
3.67939e-09
3.63371e-09
3.10419e-09
3.06704e-09
2.68464e-09
  2.654e-09
 2.3651e-09
2.33945e-09
2.11359e-09
2.09184e-09
1.91048e-09
1.89166e-09
