1.76514e-08
2.20942e-09
3.07554e-09
 8.9811e-10
1.19829e-09
4.79442e-10
6.19912e-10
2.95613e-10
3.72991e-10
1.99444e-10
2.46526e-10
1.35731e-10
1.35825e-08
2.18913e-09
6.36679e-09
1.60351e-09
3.77803e-09
1.17907e-09
2.53165e-09
9.00597e-10
1.82828e-09
 7.1275e-10
1.38791e-09
0.000198657
 6.6655e-05
6.63901e-05
3.99893e-05
3.98758e-05
 2.8561e-05
 2.8498e-05
 2.2212e-05
2.21718e-05
1.81717e-05
1.81389e-05
 0.00019999
          1
4.65157e-08
1.41349e-08
1.41252e-08
8.28251e-09
8.20506e-09
5.84667e-09
5.77669e-09
4.51653e-09
4.45975e-09
3.67951e-09
3.63264e-09
