9.29031e-10
 2.8604e-10
2.75953e-10
1.54385e-10
1.49901e-10
1.00567e-10
9.80753e-11
7.20563e-11
7.04983e-11
5.47377e-11
 5.3688e-11
4.32755e-11
4.25304e-11
 3.5226e-11
3.46763e-11
2.93214e-11
2.89034e-11
2.48427e-11
 2.4517e-11
2.13537e-11
2.10923e-11
1.48494e-12
1.48737e-10
8.19709e-11
1.17394e-10
8.00748e-11
9.69765e-11
7.22802e-11
8.24197e-11
6.46016e-11
7.14638e-11
5.78976e-11
6.29047e-11
5.21832e-11
5.60307e-11
4.73212e-11
5.03902e-11
4.31621e-11
4.56809e-11
 3.9579e-11
4.16929e-11
3.64705e-11
3.82706e-11
0.000198657
 6.6655e-05
6.63901e-05
3.99893e-05
3.98758e-05
 2.8561e-05
 2.8498e-05
 2.2212e-05
2.21718e-05
1.81716e-05
1.81439e-05
1.53745e-05
1.53541e-05
1.33232e-05
1.33077e-05
1.17546e-05
1.17423e-05
1.05163e-05
1.05063e-05
9.51376e-06
9.50477e-06
 0.00019999
          1
3.98016e-08
1.33598e-08
1.32994e-08
8.01215e-09
7.98627e-09
5.72082e-09
5.70646e-09
4.44813e-09
4.43902e-09
 3.6384e-09
 3.6321e-09
3.07792e-09
3.07331e-09
2.66696e-09
2.66344e-09
2.35274e-09
2.34996e-09
 2.1047e-09
2.10246e-09
1.90393e-09
1.90193e-09
