9.28933e-10
2.85849e-10
2.75954e-10
1.54365e-10
1.49864e-10
1.00521e-10
9.81523e-11
7.20038e-11
7.04689e-11
5.46909e-11
5.37174e-11
4.32697e-11
4.25594e-11
3.52306e-11
3.47141e-11
2.93103e-11
2.89574e-11
 2.4847e-11
2.45474e-11
2.13595e-11
 2.1115e-11
1.85841e-11
1.83794e-11
1.63352e-11
1.61613e-11
1.44797e-11
1.43337e-11
1.29293e-11
1.28095e-11
1.16254e-11
1.15221e-11
1.05123e-11
1.04249e-11
9.55571e-12
9.48126e-12
8.72796e-12
8.66283e-12
8.00554e-12
7.94869e-12
7.37057e-12
7.32111e-12
6.81019e-12
6.76656e-12
6.31268e-12
6.27395e-12
5.86866e-12
5.83429e-12
5.47076e-12
5.44005e-12
5.11269e-12
5.08519e-12
4.78925e-12
 4.7645e-12
4.49611e-12
4.47375e-12
4.22944e-12
4.20921e-12
3.98612e-12
3.96775e-12
3.76369e-12
3.74695e-12
3.55941e-12
3.54411e-12
3.37166e-12
3.35776e-12
3.19858e-12
3.18576e-12
3.03865e-12
3.02688e-12
2.89056e-12
2.87973e-12
2.75317e-12
2.74317e-12
2.62547e-12
2.61623e-12
2.50654e-12
2.49799e-12
2.39562e-12
2.38768e-12
2.29196e-12
2.28459e-12
2.19497e-12
2.18811e-12
2.10406e-12
2.09767e-12
2.01875e-12
2.01278e-12
1.93857e-12
  1.933e-12
1.86312e-12
 1.8579e-12
1.79203e-12
1.78714e-12
1.72496e-12
1.72038e-12
1.66163e-12
1.65733e-12
1.60175e-12
1.59771e-12
1.54508e-12
1.54127e-12
1.50043e-12
1.48608e-10
8.20079e-11
1.17395e-10
7.99876e-11
9.69155e-11
7.21296e-11
 8.2339e-11
6.45188e-11
7.13373e-11
5.78497e-11
6.29052e-11
 5.2197e-11
5.60021e-11
4.73222e-11
5.03926e-11
4.31738e-11
4.56959e-11
3.95657e-11
4.17152e-11
3.64427e-11
3.82999e-11
3.37424e-11
3.53382e-11
3.13502e-11
3.27504e-11
 2.9234e-11
3.04712e-11
2.73461e-11
 2.8451e-11
2.56544e-11
2.66489e-11
 2.4132e-11
2.50327e-11
2.27544e-11
2.35762e-11
2.15051e-11
2.22575e-11
 2.0366e-11
2.10586e-11
1.93244e-11
1.99649e-11
1.83691e-11
1.89633e-11
1.74901e-11
1.80433e-11
1.66791e-11
1.71957e-11
1.59288e-11
1.64127e-11
1.52332e-11
1.56874e-11
1.45866e-11
1.50141e-11
1.39843e-11
1.43876e-11
1.34223e-11
1.38034e-11
1.28966e-11
1.32575e-11
1.24043e-11
1.27466e-11
1.19423e-11
1.22675e-11
 1.1508e-11
1.18175e-11
1.10992e-11
1.13941e-11
1.07138e-11
1.09953e-11
1.03501e-11
 1.0619e-11
1.00062e-11
1.02634e-11
 9.6807e-12
9.92708e-12
9.37231e-12
9.60851e-12
9.07971e-12
9.30641e-12
8.80185e-12
9.01962e-12
8.53766e-12
8.74706e-12
8.28624e-12
8.48776e-12
8.04674e-12
8.24084e-12
7.81837e-12
8.00547e-12
7.60042e-12
7.78092e-12
7.39225e-12
 7.5665e-12
7.19324e-12
7.36158e-12
7.00284e-12
7.16558e-12
6.82054e-12
6.97797e-12
6.64589e-12
 6.7982e-12
0.000198657
 6.6655e-05
6.63901e-05
3.99893e-05
3.98758e-05
 2.8561e-05
 2.8498e-05
 2.2212e-05
2.21718e-05
1.81717e-05
1.81439e-05
1.53745e-05
1.53541e-05
1.33232e-05
1.33077e-05
1.17546e-05
1.17423e-05
1.05163e-05
1.05063e-05
9.51376e-06
9.50554e-06
8.68561e-06
 8.6787e-06
7.98997e-06
7.98408e-06
7.39738e-06
7.39231e-06
6.88653e-06
6.88211e-06
6.44159e-06
6.43771e-06
6.05059e-06
6.04715e-06
5.70427e-06
 5.7012e-06
5.39539e-06
5.39264e-06
5.11819e-06
5.11571e-06
4.86804e-06
4.86578e-06
4.64115e-06
 4.6391e-06
4.43444e-06
4.43256e-06
4.24531e-06
4.24359e-06
4.07163e-06
4.07004e-06
3.91156e-06
3.91009e-06
3.76358e-06
3.76222e-06
3.62636e-06
3.62509e-06
3.49877e-06
3.49759e-06
3.37983e-06
3.37872e-06
3.26868e-06
3.26765e-06
 3.1646e-06
3.16363e-06
3.06692e-06
3.06601e-06
2.97507e-06
2.97421e-06
2.88855e-06
2.88774e-06
 2.8069e-06
2.80613e-06
2.72972e-06
  2.729e-06
2.65666e-06
2.65598e-06
 2.5874e-06
2.58675e-06
2.52164e-06
2.52102e-06
2.45913e-06
2.45854e-06
2.39964e-06
2.39907e-06
2.34294e-06
 2.3424e-06
2.28885e-06
2.28834e-06
2.23719e-06
 2.2367e-06
 2.1878e-06
2.18733e-06
2.14054e-06
2.14009e-06
2.09526e-06
2.09483e-06
2.05185e-06
2.05144e-06
 2.0102e-06
 2.0098e-06
 1.9702e-06
1.96981e-06
 0.00019999
          1
3.98016e-08
1.33602e-08
1.32994e-08
8.01181e-09
7.98625e-09
5.72058e-09
5.70639e-09
4.44808e-09
4.43911e-09
3.63841e-09
3.63215e-09
3.07793e-09
3.07329e-09
2.66702e-09
2.66341e-09
2.35278e-09
2.34993e-09
2.10476e-09
2.10245e-09
1.90394e-09
1.90208e-09
1.73814e-09
1.73654e-09
1.59883e-09
1.59748e-09
1.48018e-09
1.47902e-09
1.37791e-09
1.37689e-09
1.28883e-09
1.28794e-09
1.21056e-09
1.20977e-09
1.14123e-09
1.14053e-09
1.07941e-09
1.07878e-09
1.02393e-09
1.02336e-09
9.73858e-10
9.73341e-10
 9.2845e-10
9.27979e-10
8.87079e-10
8.86649e-10
8.49231e-10
8.48836e-10
8.14473e-10
8.14109e-10
7.82443e-10
7.82106e-10
7.52831e-10
7.52519e-10
7.25373e-10
7.25083e-10
6.99843e-10
6.99572e-10
6.76044e-10
6.75791e-10
6.53806e-10
6.53569e-10
 6.3298e-10
6.32758e-10
6.13437e-10
6.13228e-10
 5.9506e-10
5.94863e-10
5.77749e-10
5.77564e-10
5.61414e-10
5.61238e-10
5.45974e-10
5.45808e-10
5.31358e-10
  5.312e-10
5.17501e-10
5.17351e-10
5.04346e-10
5.04203e-10
 4.9184e-10
4.91705e-10
4.79938e-10
4.79809e-10
4.68596e-10
4.68473e-10
4.57775e-10
4.57658e-10
4.47441e-10
4.47329e-10
4.37561e-10
4.37454e-10
4.28106e-10
4.28003e-10
 4.1905e-10
4.18951e-10
4.10366e-10
4.10272e-10
4.02034e-10
4.01943e-10
3.94032e-10
3.93944e-10
