2.02038e-08
2.48239e-09
3.45035e-09
9.91691e-10
1.32568e-09
5.23004e-10
6.78692e-10
3.19431e-10
4.05047e-10
2.13809e-10
2.66083e-10
 1.5247e-10
1.86789e-10
1.13914e-10
1.37655e-10
8.81274e-11
1.05243e-10
7.00834e-11
8.28396e-11
5.69927e-11
6.67567e-11
4.72049e-11
5.48501e-11
3.97031e-11
 4.5806e-11
3.38407e-11
3.87851e-11
2.91681e-11
3.32331e-11
2.53891e-11
2.87732e-11
2.22903e-11
2.51365e-11
1.97215e-11
2.21384e-11
1.75652e-11
1.96363e-11
1.57418e-11
1.75286e-11
1.41842e-11
1.57385e-11
1.28451e-11
1.42039e-11
1.16847e-11
1.28806e-11
1.06733e-11
 1.1731e-11
9.78654e-12
1.07266e-11
9.00465e-12
  9.844e-12
8.31207e-12
9.06453e-12
7.69566e-12
8.37294e-12
7.14472e-12
 7.7565e-12
 6.6504e-12
7.20488e-12
 6.2052e-12
6.70933e-12
5.80288e-12
6.26258e-12
5.43817e-12
5.85849e-12
5.10644e-12
5.49184e-12
4.80398e-12
5.15815e-12
4.52737e-12
4.85365e-12
4.27382e-12
4.57505e-12
4.04082e-12
4.31951e-12
3.82623e-12
4.08456e-12
3.62816e-12
 3.8681e-12
3.44498e-12
3.66821e-12
3.27522e-12
3.48328e-12
3.11763e-12
3.31185e-12
2.97107e-12
3.15265e-12
2.83453e-12
3.00456e-12
2.70714e-12
2.86656e-12
2.58808e-12
2.73778e-12
2.47667e-12
2.61741e-12
2.37225e-12
2.50473e-12
2.27425e-12
2.39912e-12
2.18218e-12
2.29969e-12
1.61222e-09
1.62201e-08
2.88535e-09
7.52683e-09
2.00326e-09
4.43416e-09
1.43911e-09
 2.9548e-09
1.08345e-09
 2.1243e-09
8.47126e-10
 1.6081e-09
6.82374e-10
1.26387e-09
5.62868e-10
1.02205e-09
 4.7316e-10
8.45199e-10
4.04011e-10
7.11704e-10
3.49501e-10
6.08294e-10
3.05703e-10
5.26452e-10
2.69937e-10
4.60498e-10
2.40326e-10
4.06517e-10
2.15506e-10
3.61741e-10
1.94481e-10
3.24164e-10
1.76498e-10
  2.923e-10
1.60991e-10
2.65034e-10
1.47515e-10
2.41509e-10
1.35724e-10
2.21063e-10
1.25343e-10
2.03174e-10
1.16153e-10
1.87427e-10
1.07974e-10
1.73488e-10
 1.0066e-10
1.61089e-10
9.40924e-11
1.50006e-10
8.81701e-11
1.40058e-10
8.28098e-11
1.31092e-10
7.79413e-11
1.22983e-10
7.35053e-11
1.15622e-10
6.94509e-11
 1.0892e-10
6.57349e-11
1.02799e-10
  6.232e-11
9.71922e-11
5.91738e-11
9.20437e-11
5.62683e-11
8.73039e-11
5.35793e-11
8.29302e-11
5.10853e-11
7.88853e-11
4.87675e-11
7.51367e-11
4.66095e-11
7.16557e-11
4.45966e-11
6.84171e-11
4.27159e-11
6.53987e-11
4.09558e-11
6.25806e-11
 3.9306e-11
5.99453e-11
3.77574e-11
5.74772e-11
3.63017e-11
5.51622e-11
3.49315e-11
5.29877e-11
  3.364e-11
5.09424e-11
3.24213e-11
4.90163e-11
  3.127e-11
   4.72e-11
3.01809e-11
4.54852e-11
2.91497e-11
4.38646e-11
2.81931e-11
4.23093e-11
0.000186695
6.64803e-05
6.39958e-05
3.99145e-05
3.88493e-05
2.85195e-05
2.79276e-05
2.21856e-05
2.18088e-05
1.81534e-05
1.78925e-05
1.53611e-05
1.51698e-05
 1.3313e-05
1.31667e-05
1.17466e-05
1.16311e-05
1.05098e-05
1.04162e-05
 9.5084e-06
9.43114e-06
8.68112e-06
8.61621e-06
7.98614e-06
7.93085e-06
7.39409e-06
7.34642e-06
6.88366e-06
6.84215e-06
6.43908e-06
6.40259e-06
6.04836e-06
6.01605e-06
5.70229e-06
5.67347e-06
5.39362e-06
5.36775e-06
5.11659e-06
5.09325e-06
4.86659e-06
4.84542e-06
4.63984e-06
4.62054e-06
4.43323e-06
4.41558e-06
4.24421e-06
  4.228e-06
4.07061e-06
4.05567e-06
3.91062e-06
3.89681e-06
3.76271e-06
 3.7499e-06
3.62555e-06
3.61364e-06
3.49802e-06
3.48692e-06
3.37913e-06
3.36875e-06
3.26803e-06
3.25832e-06
3.16399e-06
3.15487e-06
3.06634e-06
3.05777e-06
2.97453e-06
2.96645e-06
2.88804e-06
2.88042e-06
2.80642e-06
2.79921e-06
2.72927e-06
2.72245e-06
2.65623e-06
2.64977e-06
2.58699e-06
2.58085e-06
2.52126e-06
2.51542e-06
2.45876e-06
2.45321e-06
2.39929e-06
2.39399e-06
2.34261e-06
2.33756e-06
2.28853e-06
2.28371e-06
2.23689e-06
2.23228e-06
2.18751e-06
 2.1831e-06
2.14026e-06
2.13603e-06
  2.095e-06
2.09094e-06
 2.0516e-06
2.04771e-06
2.00996e-06
2.00622e-06
1.96996e-06
1.96632e-06
 0.00019999
          1
 4.5387e-08
1.41935e-08
1.37835e-08
8.28986e-09
8.02982e-09
5.84468e-09
5.66875e-09
4.51229e-09
4.38636e-09
 3.6748e-09
3.58039e-09
3.09989e-09
3.02657e-09
2.68083e-09
2.62222e-09
2.36175e-09
2.31381e-09
2.11065e-09
2.07072e-09
1.90789e-09
 1.8741e-09
1.74071e-09
1.71176e-09
 1.6005e-09
1.57542e-09
1.48121e-09
1.45927e-09
1.37848e-09
1.35912e-09
1.28909e-09
1.27188e-09
1.21058e-09
1.19519e-09
1.14109e-09
1.12724e-09
1.07914e-09
1.06661e-09
1.02357e-09
1.01218e-09
9.73446e-10
9.63043e-10
9.27995e-10
9.18459e-10
8.86596e-10
8.77823e-10
 8.4873e-10
8.40632e-10
8.13962e-10
8.06464e-10
7.81927e-10
7.74965e-10
7.52316e-10
7.45833e-10
7.24861e-10
7.18811e-10
6.99337e-10
6.93677e-10
6.75546e-10
6.70239e-10
6.53317e-10
6.48332e-10
6.32502e-10
 6.2781e-10
6.12969e-10
6.08545e-10
5.94604e-10
5.90426e-10
5.77305e-10
5.73352e-10
5.60981e-10
5.57236e-10
5.45553e-10
   5.42e-10
5.30948e-10
5.27573e-10
5.17102e-10
5.13892e-10
5.03958e-10
  5.009e-10
4.91464e-10
4.88548e-10
4.79572e-10
4.76789e-10
 4.6824e-10
 4.6558e-10
4.57429e-10
4.54885e-10
4.47105e-10
4.44669e-10
4.37234e-10
  4.349e-10
4.27789e-10
 4.2555e-10
4.18741e-10
4.16591e-10
4.10066e-10
4.08001e-10
4.01742e-10
3.99756e-10
3.93748e-10
3.91828e-10
