2.01585e-08
   2.48e-09
  3.445e-09
9.90938e-10
1.32399e-09
5.22457e-10
6.77893e-10
3.19128e-10
4.04557e-10
2.13748e-10
2.65817e-10
1.52467e-10
1.86618e-10
1.13881e-10
1.37515e-10
8.80967e-11
1.05144e-10
7.00592e-11
8.27661e-11
5.69836e-11
6.65188e-11
1.60796e-09
1.61779e-08
2.88139e-09
 7.5099e-09
2.00111e-09
4.42491e-09
1.43733e-09
 2.9489e-09
  1.082e-09
2.12015e-09
8.46169e-10
1.60508e-09
6.81706e-10
1.26155e-09
5.62297e-10
 1.0202e-09
  4.727e-10
8.43696e-10
4.03632e-10
7.10436e-10
3.51553e-10
6.04551e-10
0.000186695
6.64803e-05
6.39958e-05
3.99145e-05
3.88493e-05
2.85195e-05
2.79276e-05
2.21856e-05
2.18088e-05
1.81534e-05
1.78925e-05
1.53611e-05
1.51698e-05
 1.3313e-05
1.31667e-05
1.17466e-05
1.16311e-05
1.05098e-05
1.04162e-05
9.50847e-06
9.42414e-06
 0.00019999
          1
4.53662e-08
1.41924e-08
1.37813e-08
 8.2898e-09
8.02933e-09
5.84428e-09
5.66873e-09
4.51202e-09
 4.3864e-09
3.67481e-09
3.58051e-09
3.09998e-09
3.02666e-09
2.68091e-09
2.62228e-09
2.36181e-09
2.31387e-09
 2.1107e-09
2.07077e-09
1.90806e-09
1.87279e-09
