1.97228e-08
2.45903e-09
3.38222e-09
9.83757e-10
1.30295e-09
5.19217e-10
 6.6829e-10
 3.1739e-10
3.99362e-10
 2.1289e-10
2.60695e-10
1.56752e-09
1.57725e-08
2.84451e-09
7.33459e-09
1.97802e-09
4.32694e-09
1.42191e-09
2.88627e-09
1.07108e-09
 2.0764e-09
8.50518e-10
1.55824e-09
0.000186695
6.64803e-05
6.39958e-05
3.99145e-05
3.88493e-05
2.85195e-05
2.79276e-05
2.21856e-05
2.18088e-05
1.81543e-05
1.78475e-05
 0.00019999
          1
4.51645e-08
1.41832e-08
1.37603e-08
8.28687e-09
  8.025e-09
5.84312e-09
5.66799e-09
4.51159e-09
4.38661e-09
3.67599e-09
3.57132e-09
