1.97228e-08
2.45904e-09
3.38222e-09
9.83733e-10
1.30295e-09
5.19245e-10
6.68288e-10
3.17378e-10
3.99372e-10
2.12667e-10
2.62702e-10
1.51765e-10
1.84599e-10
1.13398e-10
1.36131e-10
  8.775e-11
1.04155e-10
 6.9802e-11
8.20346e-11
 5.6787e-11
6.59663e-11
1.56752e-09
1.57725e-08
2.84455e-09
7.33459e-09
1.97795e-09
4.32694e-09
1.42194e-09
2.88627e-09
1.07107e-09
2.07664e-09
8.37974e-10
1.57309e-09
6.75345e-10
1.23704e-09
5.57217e-10
 1.0008e-09
 4.6855e-10
8.27974e-10
4.00178e-10
6.97431e-10
3.48559e-10
5.93689e-10
0.000186695
6.64803e-05
6.39958e-05
3.99145e-05
3.88493e-05
2.85195e-05
2.79276e-05
2.21856e-05
2.18088e-05
1.81534e-05
1.78925e-05
1.53611e-05
1.51698e-05
 1.3313e-05
1.31667e-05
1.17466e-05
1.16311e-05
1.05098e-05
1.04162e-05
9.50847e-06
9.42414e-06
 0.00019999
          1
4.51645e-08
1.41833e-08
1.37603e-08
8.28674e-09
8.02501e-09
5.84318e-09
5.66798e-09
4.51158e-09
4.38666e-09
3.67457e-09
3.58107e-09
3.09987e-09
3.02728e-09
2.68086e-09
2.62288e-09
2.36179e-09
2.31443e-09
 2.1107e-09
2.07127e-09
1.90807e-09
1.87325e-09
