 1.6233e-08
2.27196e-09
2.87594e-09
9.19976e-10
1.13248e-09
4.89739e-10
5.90253e-10
3.01312e-10
3.57123e-10
2.03091e-10
 2.3559e-10
1.24521e-09
1.25398e-08
2.52513e-09
5.93172e-09
 1.7774e-09
3.54095e-09
1.28704e-09
2.38301e-09
9.74615e-10
1.72641e-09
7.75024e-10
 1.3039e-09
0.000186695
6.64803e-05
6.39958e-05
3.99145e-05
3.88493e-05
2.85195e-05
2.79276e-05
2.21856e-05
2.18088e-05
1.81543e-05
1.78475e-05
 0.00019999
          1
4.35566e-08
1.40991e-08
1.35915e-08
8.26168e-09
7.98964e-09
5.83306e-09
5.66157e-09
4.50695e-09
4.38843e-09
3.67337e-09
3.57576e-09
