8.70891e-10
2.84493e-10
2.65098e-10
 1.5362e-10
1.45358e-10
 1.0022e-10
9.57586e-11
7.18565e-11
6.91323e-11
5.45781e-11
 5.2757e-11
4.31732e-11
4.19087e-11
3.51465e-11
3.42129e-11
2.92899e-11
2.85277e-11
2.48177e-11
 2.4221e-11
2.13345e-11
2.08624e-11
1.85483e-11
1.81799e-11
 1.6303e-11
1.59983e-11
1.44546e-11
1.42002e-11
1.29113e-11
1.26962e-11
1.16103e-11
1.14271e-11
1.04998e-11
 1.0343e-11
9.54559e-12
 9.4109e-12
8.71799e-12
8.60111e-12
7.99683e-12
7.89567e-12
7.36367e-12
7.27297e-12
6.80383e-12
6.72502e-12
6.30698e-12
6.23627e-12
5.86358e-12
5.80085e-12
5.46625e-12
5.40982e-12
 5.1086e-12
5.05797e-12
4.78566e-12
4.73984e-12
4.49276e-12
 4.4513e-12
4.22647e-12
4.18871e-12
3.98341e-12
3.94909e-12
3.76113e-12
3.72968e-12
3.55716e-12
3.52839e-12
3.36956e-12
3.34315e-12
3.19668e-12
 3.1723e-12
3.03684e-12
 3.0144e-12
2.88894e-12
2.86816e-12
2.75165e-12
2.73241e-12
2.62406e-12
2.60621e-12
2.50525e-12
2.48864e-12
 2.3944e-12
2.37894e-12
2.29083e-12
2.27641e-12
2.19391e-12
2.18044e-12
2.10308e-12
2.09047e-12
2.01783e-12
2.00602e-12
 1.9377e-12
1.92662e-12
1.86231e-12
 1.8519e-12
1.79126e-12
1.78148e-12
1.72425e-12
1.71503e-12
1.66096e-12
1.65227e-12
1.60111e-12
1.59291e-12
1.54448e-12
1.53666e-12
1.39405e-11
1.42581e-10
 8.4881e-11
1.14192e-10
8.14559e-11
9.48698e-11
7.31658e-11
8.08006e-11
6.52556e-11
7.03174e-11
5.83422e-11
6.19236e-11
5.25299e-11
5.52122e-11
4.75628e-11
4.96994e-11
4.33904e-11
4.50967e-11
3.98104e-11
4.11926e-11
3.66661e-11
3.78447e-11
3.39087e-11
3.49406e-11
3.14921e-11
3.23993e-11
2.93545e-11
  3.016e-11
2.74508e-11
2.81726e-11
 2.5746e-11
2.63991e-11
2.42148e-11
2.48066e-11
 2.2829e-11
2.33716e-11
 2.1572e-11
2.20701e-11
 2.0427e-11
2.08882e-11
1.93805e-11
1.98074e-11
1.84207e-11
1.88186e-11
1.75378e-11
1.79092e-11
1.67233e-11
1.70715e-11
1.59701e-11
1.62971e-11
1.52717e-11
1.55797e-11
1.46227e-11
1.49135e-11
1.40183e-11
1.42933e-11
1.34541e-11
 1.3715e-11
1.29268e-11
1.31744e-11
1.24328e-11
1.26683e-11
1.19693e-11
1.21936e-11
1.15336e-11
1.17477e-11
1.11236e-11
1.13281e-11
1.07371e-11
1.09326e-11
1.03722e-11
1.05595e-11
1.00273e-11
1.02069e-11
9.70095e-12
9.87329e-12
9.39167e-12
9.55727e-12
9.09829e-12
9.25754e-12
8.81966e-12
8.97296e-12
8.55478e-12
8.70246e-12
 8.3027e-12
 8.4451e-12
8.06257e-12
8.19998e-12
7.83362e-12
7.96632e-12
7.61512e-12
7.74336e-12
7.40643e-12
7.53044e-12
7.20693e-12
7.32694e-12
7.01607e-12
7.13227e-12
6.83333e-12
6.94591e-12
 6.6584e-12
6.76698e-12
0.000186695
6.64803e-05
6.39958e-05
3.99145e-05
3.88493e-05
2.85195e-05
2.79276e-05
2.21856e-05
2.18088e-05
1.81534e-05
1.78925e-05
1.53611e-05
1.51698e-05
 1.3313e-05
1.31667e-05
1.17466e-05
1.16311e-05
1.05098e-05
1.04162e-05
 9.5084e-06
9.43114e-06
8.68112e-06
8.61621e-06
7.98614e-06
7.93085e-06
7.39409e-06
7.34642e-06
6.88366e-06
6.84215e-06
6.43908e-06
6.40259e-06
6.04836e-06
6.01605e-06
5.70229e-06
5.67347e-06
5.39362e-06
5.36775e-06
5.11659e-06
5.09325e-06
4.86659e-06
4.84542e-06
4.63984e-06
4.62054e-06
4.43323e-06
4.41558e-06
4.24421e-06
  4.228e-06
4.07061e-06
4.05567e-06
3.91062e-06
3.89681e-06
3.76271e-06
 3.7499e-06
3.62555e-06
3.61364e-06
3.49802e-06
3.48692e-06
3.37913e-06
3.36875e-06
3.26803e-06
3.25832e-06
3.16399e-06
3.15487e-06
3.06634e-06
3.05777e-06
2.97453e-06
2.96645e-06
2.88804e-06
2.88042e-06
2.80642e-06
2.79921e-06
2.72927e-06
2.72245e-06
2.65623e-06
2.64977e-06
2.58699e-06
2.58085e-06
2.52126e-06
2.51542e-06
2.45876e-06
2.45321e-06
2.39929e-06
2.39399e-06
2.34261e-06
2.33756e-06
2.28853e-06
2.28371e-06
2.23689e-06
2.23228e-06
2.18751e-06
 2.1831e-06
2.14026e-06
2.13603e-06
  2.095e-06
2.09094e-06
 2.0516e-06
2.04771e-06
2.00996e-06
2.00622e-06
1.96996e-06
1.96632e-06
 0.00019999
          1
3.74052e-08
1.33244e-08
1.28199e-08
7.99655e-09
7.78081e-09
5.71236e-09
5.59228e-09
4.44288e-09
 4.3664e-09
3.63476e-09
3.58179e-09
 3.0752e-09
3.03637e-09
2.66486e-09
 2.6352e-09
2.35111e-09
2.32763e-09
2.10342e-09
2.08444e-09
1.90287e-09
1.88721e-09
1.73717e-09
1.72405e-09
1.59802e-09
1.58684e-09
1.47948e-09
1.46985e-09
 1.3773e-09
1.36891e-09
 1.2883e-09
1.28092e-09
1.21009e-09
1.20355e-09
1.14081e-09
1.13499e-09
1.07903e-09
 1.0738e-09
1.02359e-09
1.01887e-09
9.73549e-10
9.69272e-10
 9.2817e-10
9.24272e-10
8.86823e-10
8.83258e-10
8.48996e-10
8.45722e-10
8.14258e-10
 8.1124e-10
7.82244e-10
7.79454e-10
7.52646e-10
7.50059e-10
7.25202e-10
7.22796e-10
6.99683e-10
6.97441e-10
6.75895e-10
  6.738e-10
6.53667e-10
6.51705e-10
 6.3285e-10
6.31008e-10
6.13314e-10
6.11583e-10
5.94945e-10
5.93314e-10
5.77641e-10
5.76102e-10
5.61311e-10
5.59857e-10
5.45877e-10
  5.445e-10
5.31266e-10
 5.2996e-10
5.17414e-10
5.16174e-10
5.04263e-10
5.03085e-10
4.91762e-10
 4.9064e-10
4.79863e-10
4.78795e-10
4.68525e-10
4.67505e-10
4.57707e-10
4.56733e-10
4.47376e-10
4.46445e-10
4.37499e-10
4.36608e-10
4.28047e-10
4.27194e-10
4.18993e-10
4.18175e-10
4.10312e-10
4.09527e-10
4.01982e-10
4.01228e-10
3.93982e-10
3.93247e-10
