8.70772e-10
2.84474e-10
2.64933e-10
1.53717e-10
1.45428e-10
1.00205e-10
9.57157e-11
7.18329e-11
6.90689e-11
5.45888e-11
5.27436e-11
4.31701e-11
4.18679e-11
3.51488e-11
3.41906e-11
2.92628e-11
2.85351e-11
 2.4797e-11
2.42301e-11
2.13176e-11
2.08443e-11
1.38891e-11
1.42658e-10
8.48059e-11
1.13997e-10
8.13815e-11
9.47286e-11
7.30444e-11
 8.0798e-11
6.51091e-11
 7.0229e-11
5.82623e-11
6.19289e-11
5.24609e-11
 5.5238e-11
4.75408e-11
4.97322e-11
 4.3341e-11
4.51256e-11
3.97286e-11
4.12173e-11
3.66078e-11
3.78266e-11
0.000186695
6.64803e-05
6.39958e-05
3.99145e-05
3.88493e-05
2.85195e-05
2.79276e-05
2.21856e-05
2.18088e-05
1.81534e-05
1.78925e-05
1.53611e-05
1.51698e-05
 1.3313e-05
1.31667e-05
1.17466e-05
1.16311e-05
1.05098e-05
1.04162e-05
9.50847e-06
9.42414e-06
 0.00019999
          1
3.74053e-08
1.33242e-08
1.28199e-08
7.99689e-09
7.78073e-09
5.71235e-09
5.59228e-09
4.44276e-09
4.36636e-09
3.63469e-09
3.58181e-09
 3.0752e-09
3.03643e-09
2.66488e-09
2.63524e-09
2.35111e-09
2.32771e-09
2.10338e-09
2.08444e-09
1.90286e-09
 1.8858e-09
