1.25151e-08
 2.4767e-09
 2.3766e-09
9.94321e-10
 9.7355e-10
  5.257e-10
5.20588e-10
3.21668e-10
3.20669e-10
2.15573e-10
2.15862e-10
  1.538e-10
1.54538e-10
1.14879e-10
1.15678e-10
8.88863e-11
8.96349e-11
 7.0663e-11
7.13716e-11
5.74616e-11
5.80781e-11
4.75886e-11
4.81231e-11
4.00312e-11
4.04874e-11
3.41144e-11
3.45076e-11
2.93992e-11
 2.9744e-11
2.55894e-11
 2.5887e-11
2.24645e-11
2.27248e-11
1.98709e-11
2.01012e-11
 1.7697e-11
1.79008e-11
1.58572e-11
1.60381e-11
1.42867e-11
1.44482e-11
1.29361e-11
1.30805e-11
 1.1766e-11
 1.1896e-11
1.07462e-11
1.08634e-11
9.85198e-12
9.95816e-12
9.06387e-12
9.16024e-12
8.36566e-12
8.45345e-12
7.74437e-12
7.82452e-12
7.18916e-12
7.26257e-12
  6.691e-12
 6.7584e-12
6.24242e-12
6.30444e-12
5.83712e-12
5.89427e-12
5.46967e-12
5.52247e-12
5.13551e-12
5.18448e-12
4.83088e-12
4.87624e-12
4.55235e-12
 4.5945e-12
4.29694e-12
4.33626e-12
4.06238e-12
4.09899e-12
3.84631e-12
3.88052e-12
 3.6469e-12
3.67892e-12
 3.4625e-12
3.49249e-12
3.29163e-12
3.31977e-12
3.13301e-12
3.15945e-12
2.98551e-12
3.01038e-12
2.84811e-12
2.87153e-12
2.71992e-12
  2.742e-12
2.60013e-12
2.62098e-12
2.48803e-12
2.50773e-12
2.38298e-12
2.40162e-12
2.28441e-12
2.30205e-12
 2.1918e-12
2.20776e-12
4.88256e-09
1.03793e-08
3.70378e-09
5.09852e-09
2.40759e-09
3.11403e-09
1.68674e-09
2.12829e-09
1.25276e-09
 1.5595e-09
9.71055e-10
1.19827e-09
7.77377e-10
 9.5322e-10
6.38121e-10
7.78611e-10
5.34417e-10
6.49415e-10
 4.5484e-10
5.50901e-10
3.92392e-10
4.73905e-10
3.42412e-10
4.12484e-10
3.01726e-10
3.62647e-10
2.68129e-10
3.21603e-10
 2.4004e-10
2.87365e-10
2.16293e-10
2.58487e-10
1.96025e-10
2.33885e-10
1.78575e-10
2.12743e-10
1.63434e-10
1.94431e-10
1.50207e-10
1.78458e-10
1.38577e-10
1.64434e-10
1.28293e-10
1.52051e-10
1.19152e-10
1.41058e-10
1.10987e-10
1.31252e-10
1.03662e-10
1.22464e-10
9.70633e-11
1.14556e-10
9.10964e-11
1.07414e-10
8.56817e-11
1.00938e-10
 8.0752e-11
 9.5049e-11
7.62499e-11
8.96756e-11
7.21267e-11
8.47588e-11
6.83402e-11
8.02474e-11
6.48541e-11
7.60974e-11
6.16369e-11
7.22706e-11
5.86612e-11
6.87338e-11
5.59029e-11
 6.5458e-11
5.33411e-11
6.24176e-11
5.09572e-11
5.95905e-11
4.87348e-11
5.69567e-11
4.66594e-11
5.44987e-11
4.47182e-11
5.22011e-11
4.28995e-11
5.00499e-11
4.11931e-11
4.80328e-11
3.95899e-11
4.61387e-11
3.80814e-11
4.43577e-11
3.66603e-11
4.26808e-11
3.53199e-11
4.10999e-11
3.40539e-11
3.96077e-11
3.28571e-11
3.81976e-11
3.17242e-11
3.68633e-11
3.06868e-11
3.55573e-11
0.000137392
6.26009e-05
5.39102e-05
3.82416e-05
 3.4473e-05
2.75866e-05
2.54773e-05
2.15904e-05
2.02412e-05
1.77406e-05
 1.6803e-05
 1.5058e-05
1.43684e-05
 1.3081e-05
1.25525e-05
1.15633e-05
1.11453e-05
1.03613e-05
1.00224e-05
9.38569e-06
9.10536e-06
  8.578e-06
8.34227e-06
7.89828e-06
7.69728e-06
7.31833e-06
7.14492e-06
6.81767e-06
6.66653e-06
6.38108e-06
6.24817e-06
  5.997e-06
5.87921e-06
5.65647e-06
5.55137e-06
 5.3525e-06
5.25813e-06
5.07949e-06
4.99429e-06
4.83294e-06
4.75564e-06
4.60918e-06
4.53872e-06
4.40519e-06
4.34071e-06
4.21845e-06
4.15922e-06
4.04688e-06
3.99228e-06
3.88869e-06
3.83819e-06
3.74237e-06
3.69554e-06
3.60664e-06
3.56309e-06
3.48039e-06
3.43978e-06
3.36266e-06
 3.3247e-06
3.25261e-06
3.21706e-06
3.14952e-06
3.11615e-06
3.05274e-06
3.02136e-06
2.96172e-06
2.93215e-06
2.87595e-06
2.84805e-06
  2.795e-06
2.76862e-06
2.71846e-06
2.69348e-06
2.64599e-06
 2.6223e-06
2.57727e-06
2.55478e-06
2.51201e-06
2.49063e-06
2.44997e-06
2.42962e-06
2.39091e-06
2.37151e-06
2.33461e-06
2.31611e-06
 2.2809e-06
2.26322e-06
2.22959e-06
2.21269e-06
2.18053e-06
2.16436e-06
2.13357e-06
2.11808e-06
2.08859e-06
2.07373e-06
2.04545e-06
 2.0312e-06
2.00405e-06
1.99036e-06
1.96429e-06
1.95095e-06
0.000199985
          1
3.21213e-08
1.33114e-08
1.14119e-08
7.90445e-09
7.07692e-09
5.62719e-09
5.16121e-09
4.37256e-09
4.07252e-09
3.57733e-09
3.36772e-09
3.02802e-09
2.87312e-09
2.62554e-09
2.50634e-09
2.31787e-09
2.22329e-09
2.07496e-09
1.99806e-09
1.87829e-09
 1.8145e-09
1.71577e-09
1.66199e-09
1.57919e-09
1.53323e-09
1.46279e-09
1.42306e-09
1.36241e-09
1.32771e-09
1.27493e-09
1.24437e-09
1.19802e-09
1.17089e-09
1.12987e-09
1.10562e-09
1.06906e-09
1.04726e-09
1.01446e-09
9.94758e-10
9.65168e-10
9.47272e-10
9.20444e-10
9.04116e-10
 8.7968e-10
8.64723e-10
8.42372e-10
8.28619e-10
8.08098e-10
7.95409e-10
7.76501e-10
7.64758e-10
 7.4728e-10
 7.3638e-10
7.20175e-10
7.10031e-10
6.94966e-10
6.85501e-10
6.71459e-10
6.62607e-10
6.49487e-10
6.41191e-10
6.28906e-10
6.21114e-10
6.09586e-10
6.02255e-10
5.91415e-10
5.84504e-10
5.74294e-10
5.67769e-10
5.58134e-10
5.51962e-10
5.42856e-10
 5.3701e-10
 5.2839e-10
5.22845e-10
5.14673e-10
5.09406e-10
5.01649e-10
4.96639e-10
4.89265e-10
4.84494e-10
4.77476e-10
4.72928e-10
 4.6624e-10
4.61899e-10
4.55518e-10
4.51371e-10
4.45277e-10
4.41311e-10
4.35485e-10
4.31688e-10
4.26113e-10
4.22474e-10
4.17133e-10
4.13643e-10
4.08523e-10
4.05173e-10
 4.0026e-10
3.97042e-10
3.92324e-10
3.89195e-10
