1.25161e-08
2.47602e-09
 2.3767e-09
9.94418e-10
9.73569e-10
5.25781e-10
 5.2058e-10
3.21697e-10
3.20679e-10
2.15621e-10
2.15905e-10
1.53874e-10
1.54545e-10
1.14956e-10
  1.157e-10
8.89341e-11
8.96419e-11
7.07234e-11
7.13576e-11
5.75445e-11
5.75966e-11
4.88303e-09
1.03799e-08
3.70318e-09
5.09854e-09
2.40775e-09
3.11401e-09
1.68673e-09
2.12842e-09
1.25277e-09
1.55954e-09
 9.7115e-10
1.19837e-09
7.77499e-10
 9.5332e-10
6.38233e-10
7.78709e-10
5.34471e-10
6.49493e-10
4.54928e-10
5.50774e-10
3.96117e-10
4.68261e-10
0.000137392
6.26009e-05
5.39102e-05
3.82416e-05
 3.4473e-05
2.75866e-05
2.54773e-05
2.15904e-05
2.02412e-05
1.77406e-05
 1.6803e-05
 1.5058e-05
1.43684e-05
 1.3081e-05
1.25525e-05
1.15633e-05
1.11453e-05
1.03613e-05
1.00223e-05
9.38686e-06
9.08165e-06
0.000199985
          1
3.21219e-08
1.33108e-08
1.14116e-08
7.90509e-09
7.07689e-09
 5.6273e-09
5.16114e-09
4.37258e-09
 4.0725e-09
3.57738e-09
3.36771e-09
3.02802e-09
2.87308e-09
2.62554e-09
 2.5063e-09
2.31788e-09
2.22322e-09
2.07499e-09
1.99796e-09
1.87872e-09
 1.8098e-09
