2.22156e-08
2.37002e-09
3.73234e-09
9.53066e-10
1.41825e-09
5.04967e-10
7.20219e-10
3.09556e-10
 4.2713e-10
2.07897e-10
2.79258e-10
1.48639e-10
1.95259e-10
1.11217e-10
1.43394e-10
 8.6191e-11
1.09323e-10
  6.864e-11
8.58433e-11
5.58849e-11
6.90316e-11
4.63434e-11
5.66124e-11
 3.9017e-11
4.72005e-11
3.32801e-11
3.99067e-11
2.87089e-11
3.41484e-11
2.50052e-11
2.95294e-11
2.19689e-11
2.57698e-11
1.94482e-11
2.26724e-11
1.73318e-11
2.00916e-11
1.55404e-11
1.79201e-11
1.40089e-11
1.60766e-11
1.26918e-11
 1.4499e-11
  1.155e-11
 1.3139e-11
1.05541e-11
1.19588e-11
9.68058e-12
1.09283e-11
8.91015e-12
1.00236e-11
8.22729e-12
9.22505e-12
7.61942e-12
8.51693e-12
7.07587e-12
7.88623e-12
  6.588e-12
7.32216e-12
6.14848e-12
6.81567e-12
5.75119e-12
6.35937e-12
5.39085e-12
5.94675e-12
 5.0631e-12
5.57258e-12
4.76417e-12
5.23223e-12
4.49068e-12
4.92175e-12
4.23996e-12
 4.6378e-12
4.00949e-12
4.37745e-12
3.79719e-12
4.13819e-12
3.60121e-12
3.91781e-12
3.41988e-12
3.71439e-12
3.25185e-12
3.52625e-12
3.09581e-12
3.35191e-12
2.95067e-12
3.19005e-12
2.81543e-12
3.03953e-12
2.68923e-12
2.89931e-12
2.57127e-12
2.76849e-12
2.46086e-12
2.64624e-12
2.35737e-12
2.53184e-12
2.26023e-12
2.42464e-12
2.16894e-12
2.32404e-12
1.94943e-13
1.77718e-08
   2.37e-09
8.17514e-09
1.73342e-09
4.78763e-09
 1.2707e-09
3.17646e-09
9.67754e-10
2.27595e-09
7.62721e-10
 1.7183e-09
6.18004e-10
1.34748e-09
5.12024e-10
 1.0876e-09
4.31983e-10
8.97963e-10
3.69982e-10
7.55074e-10
3.20887e-10
6.44566e-10
2.81308e-10
5.57228e-10
2.48887e-10
4.86937e-10
2.21974e-10
4.29472e-10
1.99362e-10
3.81856e-10
1.80167e-10
3.41933e-10
1.63721e-10
3.08111e-10
1.49512e-10
2.79192e-10
1.37148e-10
 2.5426e-10
1.26313e-10
2.32606e-10
1.16762e-10
2.13672e-10
1.08295e-10
1.97016e-10
1.00752e-10
1.82282e-10
9.40008e-11
1.69181e-10
8.79311e-11
1.57477e-10
 8.2453e-11
1.46977e-10
7.74906e-11
1.37518e-10
7.29797e-11
1.28966e-10
6.88663e-11
1.21208e-10
6.51041e-11
1.14145e-10
6.16534e-11
1.07698e-10
5.84801e-11
1.01794e-10
5.55547e-11
9.63753e-11
5.28515e-11
9.13881e-11
5.03482e-11
8.67875e-11
4.80251e-11
8.25341e-11
4.58651e-11
7.85934e-11
4.38529e-11
7.49351e-11
 4.1975e-11
7.15325e-11
4.02197e-11
 6.8362e-11
3.85762e-11
6.54027e-11
 3.7035e-11
6.26361e-11
3.55877e-11
6.00455e-11
3.42266e-11
5.76163e-11
 3.2945e-11
 5.5335e-11
3.17366e-11
5.31897e-11
3.05958e-11
5.11698e-11
2.95177e-11
4.92655e-11
2.84975e-11
4.74681e-11
2.75313e-11
4.57695e-11
 2.6615e-11
4.41627e-11
 0.00019999
6.66567e-05
6.66567e-05
  3.999e-05
  3.999e-05
2.85614e-05
2.85614e-05
2.22122e-05
2.22122e-05
1.81718e-05
1.81718e-05
1.53746e-05
1.53746e-05
1.33233e-05
1.33233e-05
1.17547e-05
1.17547e-05
1.05163e-05
1.05163e-05
9.51381e-06
9.51381e-06
8.68565e-06
8.68565e-06
   7.99e-06
   7.99e-06
7.39741e-06
7.39741e-06
6.88655e-06
6.88655e-06
6.44161e-06
6.44161e-06
6.05061e-06
6.05061e-06
5.70429e-06
5.70429e-06
5.39541e-06
5.39541e-06
5.11821e-06
5.11821e-06
4.86805e-06
4.86805e-06
4.64116e-06
4.64116e-06
4.43444e-06
4.43444e-06
4.24532e-06
4.24532e-06
4.07163e-06
4.07163e-06
3.91157e-06
3.91157e-06
3.76358e-06
3.76358e-06
3.62636e-06
3.62636e-06
3.49877e-06
3.49877e-06
3.37983e-06
3.37983e-06
3.26869e-06
3.26869e-06
 3.1646e-06
 3.1646e-06
3.06692e-06
3.06692e-06
2.97507e-06
2.97507e-06
2.88855e-06
2.88855e-06
 2.8069e-06
 2.8069e-06
2.72973e-06
2.72973e-06
2.65667e-06
2.65667e-06
 2.5874e-06
 2.5874e-06
2.52165e-06
2.52165e-06
2.45914e-06
2.45914e-06
2.39964e-06
2.39964e-06
2.34294e-06
2.34294e-06
2.28885e-06
2.28885e-06
2.23719e-06
2.23719e-06
 2.1878e-06
 2.1878e-06
2.14054e-06
2.14054e-06
2.09526e-06
2.09526e-06
2.05186e-06
2.05186e-06
 2.0102e-06
 2.0102e-06
 1.9702e-06
 1.9702e-06
 0.00019999
          1
4.88799e-08
1.42184e-08
1.43962e-08
8.31008e-09
8.27269e-09
5.85908e-09
5.79701e-09
4.52306e-09
4.46505e-09
3.68323e-09
3.63349e-09
3.10663e-09
3.06469e-09
2.68626e-09
2.65088e-09
2.36622e-09
2.33613e-09
2.11439e-09
2.08859e-09
1.91107e-09
1.88874e-09
1.74344e-09
1.72395e-09
1.60287e-09
1.58573e-09
1.48329e-09
1.46811e-09
1.38032e-09
1.36678e-09
1.29072e-09
1.27858e-09
1.21205e-09
 1.2011e-09
1.14241e-09
1.13249e-09
1.08034e-09
1.07131e-09
1.02466e-09
1.01641e-09
9.74439e-10
9.66864e-10
9.28906e-10
9.21932e-10
8.87435e-10
8.80993e-10
8.49504e-10
8.43536e-10
8.14679e-10
8.09135e-10
7.82594e-10
 7.7743e-10
7.52936e-10
7.48115e-10
 7.2544e-10
7.20929e-10
6.99879e-10
6.95648e-10
6.76054e-10
6.72079e-10
6.53794e-10
6.50053e-10
6.32951e-10
6.29423e-10
6.13393e-10
 6.1006e-10
5.95004e-10
5.91851e-10
5.77683e-10
5.74696e-10
5.61339e-10
5.58505e-10
5.45893e-10
  5.432e-10
5.31271e-10
5.28709e-10
5.17409e-10
5.14969e-10
5.04251e-10
5.01924e-10
4.91743e-10
4.89522e-10
4.79838e-10
4.77716e-10
4.68494e-10
4.66464e-10
4.57673e-10
4.55729e-10
4.47338e-10
4.45475e-10
4.37457e-10
4.35671e-10
4.28003e-10
4.26287e-10
4.18946e-10
4.17298e-10
4.10264e-10
4.08679e-10
4.01932e-10
4.00407e-10
3.93931e-10
3.92462e-10
