1.22498e-08
2.44638e-09
2.33628e-09
 9.8431e-10
9.59554e-10
5.21167e-10
5.14019e-10
3.19178e-10
3.17081e-10
2.14078e-10
 2.1372e-10
1.52867e-10
1.53115e-10
1.14262e-10
1.14712e-10
8.84363e-11
8.89306e-11
7.03538e-11
7.08285e-11
5.72616e-11
5.72004e-11
4.75979e-09
1.01229e-08
3.63564e-09
4.98379e-09
2.36795e-09
3.04857e-09
1.66077e-09
2.08596e-09
1.23447e-09
1.52973e-09
9.57545e-10
1.17627e-09
7.66987e-10
9.36283e-10
6.29866e-10
7.65164e-10
5.27652e-10
6.38464e-10
4.49263e-10
5.41625e-10
3.91205e-10
4.60694e-10
0.000137392
6.26009e-05
5.39102e-05
3.82416e-05
 3.4473e-05
2.75866e-05
2.54773e-05
2.15904e-05
2.02412e-05
1.77406e-05
 1.6803e-05
 1.5058e-05
1.43684e-05
 1.3081e-05
1.25525e-05
1.15633e-05
1.11453e-05
1.03613e-05
1.00223e-05
9.38686e-06
9.08165e-06
0.000199985
          1
3.20057e-08
1.33001e-08
1.13992e-08
7.90198e-09
7.07443e-09
5.62652e-09
5.16071e-09
4.37239e-09
 4.0727e-09
3.57739e-09
 3.3681e-09
3.02811e-09
2.87351e-09
2.62567e-09
2.50671e-09
2.31802e-09
 2.2236e-09
2.07512e-09
1.99831e-09
1.87884e-09
1.81011e-09
