1.22498e-08
2.44638e-09
2.33627e-09
9.84346e-10
9.59545e-10
5.21152e-10
5.14027e-10
3.19162e-10
3.16985e-10
2.14822e-10
2.08589e-10
 4.7598e-09
1.01229e-08
3.63561e-09
4.98379e-09
  2.368e-09
3.04855e-09
 1.6608e-09
2.08593e-09
1.23464e-09
1.52796e-09
9.75639e-10
1.14432e-09
0.000137392
6.26009e-05
5.39102e-05
3.82416e-05
 3.4473e-05
2.75866e-05
2.54772e-05
2.15906e-05
2.02396e-05
1.77551e-05
 1.6658e-05
0.000199985
          1
3.20057e-08
   1.33e-08
1.13992e-08
7.90207e-09
7.07439e-09
5.62657e-09
5.16068e-09
4.37245e-09
 4.0721e-09
3.58204e-09
3.33793e-09
