1.02805e-08
2.21552e-09
2.03414e-09
9.05151e-10
8.54201e-10
4.84406e-10
4.64628e-10
2.99063e-10
2.89791e-10
 2.0248e-10
1.92695e-10
3.85301e-09
8.22958e-09
3.12275e-09
4.13367e-09
2.06443e-09
2.56188e-09
1.46119e-09
1.76964e-09
1.09345e-09
  1.306e-09
8.65715e-10
9.85712e-10
0.000137392
6.26009e-05
5.39102e-05
3.82416e-05
 3.4473e-05
2.75866e-05
2.54772e-05
2.15906e-05
2.02396e-05
1.77551e-05
 1.6658e-05
0.000199986
          1
3.11512e-08
1.32142e-08
1.13063e-08
 7.8797e-09
7.05477e-09
 5.6194e-09
5.15732e-09
4.37024e-09
 4.0735e-09
3.58127e-09
3.34091e-09
