1.02805e-08
2.21553e-09
2.03414e-09
9.05157e-10
8.54206e-10
4.84363e-10
4.64647e-10
2.99046e-10
2.89879e-10
2.01868e-10
1.97103e-10
 1.4489e-10
1.42211e-10
 1.0876e-10
1.07166e-10
8.44792e-11
8.34895e-11
6.74118e-11
6.67753e-11
5.50077e-11
5.41591e-11
3.85301e-09
8.22959e-09
3.12274e-09
4.13366e-09
2.06448e-09
2.56187e-09
1.46114e-09
1.76968e-09
1.09328e-09
1.30732e-09
8.52432e-10
1.01117e-09
6.85673e-10
8.08788e-10
 5.6508e-10
6.63701e-10
 4.7481e-10
5.55776e-10
4.05334e-10
4.72973e-10
 3.5318e-10
4.03836e-10
0.000137392
6.26009e-05
5.39102e-05
3.82416e-05
 3.4473e-05
2.75866e-05
2.54773e-05
2.15904e-05
2.02412e-05
1.77406e-05
 1.6803e-05
 1.5058e-05
1.43684e-05
 1.3081e-05
1.25525e-05
1.15633e-05
1.11453e-05
1.03613e-05
1.00223e-05
9.38686e-06
9.08165e-06
0.000199986
          1
3.11512e-08
1.32142e-08
1.13063e-08
7.87982e-09
7.05475e-09
5.61934e-09
5.15736e-09
4.37015e-09
4.07404e-09
3.57709e-09
3.37084e-09
3.02859e-09
2.87655e-09
2.62646e-09
2.50968e-09
2.31892e-09
2.22636e-09
2.07604e-09
2.00083e-09
1.87968e-09
1.81237e-09
