4.08609e-09
1.24019e-09
1.00647e-09
5.56856e-10
4.77375e-10
3.17948e-10
 2.8146e-10
2.05904e-10
1.86138e-10
1.44478e-10
1.30199e-10
1.13453e-09
2.49844e-09
1.26666e-09
1.44952e-09
9.16549e-10
  9.825e-10
6.87398e-10
7.22865e-10
5.36713e-10
5.59962e-10
4.34456e-10
4.42681e-10
0.000137392
6.26009e-05
5.39102e-05
3.82416e-05
 3.4473e-05
2.75866e-05
2.54772e-05
2.15906e-05
2.02396e-05
1.77551e-05
 1.6658e-05
0.000199989
          1
2.85787e-08
1.28441e-08
1.09941e-08
7.77119e-09
6.97716e-09
5.57802e-09
5.13622e-09
4.35263e-09
4.07069e-09
3.57261e-09
3.34507e-09
