 6.3076e-10
2.63918e-10
2.18542e-10
 1.4534e-10
1.26398e-10
9.57023e-11
8.56364e-11
6.90523e-11
6.29256e-11
5.27476e-11
4.86802e-11
4.18656e-11
3.90041e-11
3.42199e-11
3.20675e-11
2.85494e-11
2.69412e-11
2.42083e-11
2.29709e-11
 2.0846e-11
1.98665e-11
1.81634e-11
1.73725e-11
1.59907e-11
 1.5332e-11
1.41947e-11
1.36428e-11
1.26946e-11
1.22257e-11
1.14259e-11
1.10248e-11
1.03422e-11
9.99727e-12
9.41007e-12
9.11046e-12
8.60019e-12
8.33957e-12
7.89429e-12
7.66425e-12
7.27252e-12
7.07006e-12
6.72363e-12
6.54321e-12
6.23554e-12
6.07467e-12
5.79973e-12
5.65551e-12
5.40884e-12
5.27904e-12
 5.0569e-12
 4.9397e-12
4.73884e-12
4.63247e-12
4.45025e-12
4.35361e-12
4.18769e-12
4.09949e-12
3.94807e-12
3.86737e-12
3.72864e-12
3.65473e-12
3.52741e-12
3.45932e-12
3.34214e-12
3.27946e-12
3.17133e-12
3.11339e-12
3.01346e-12
2.95984e-12
2.86721e-12
2.81748e-12
 2.7315e-12
2.68528e-12
2.60532e-12
2.56227e-12
2.48776e-12
2.44764e-12
2.37808e-12
2.34059e-12
2.27558e-12
2.24051e-12
2.17963e-12
2.14677e-12
2.08968e-12
2.05885e-12
2.00524e-12
1.97628e-12
1.92587e-12
1.89862e-12
1.85116e-12
 1.8255e-12
1.78076e-12
1.75656e-12
1.71433e-12
1.69148e-12
1.65159e-12
1.62999e-12
1.59226e-12
1.57182e-12
1.53609e-12
1.51649e-12
4.95352e-11
1.17343e-10
8.94107e-11
 9.9435e-11
8.26073e-11
8.51094e-11
7.33198e-11
7.36838e-11
6.50375e-11
6.47708e-11
5.80612e-11
5.76293e-11
5.22471e-11
5.17243e-11
4.73007e-11
4.68293e-11
4.30878e-11
4.26648e-11
3.95106e-11
3.91291e-11
3.63729e-11
3.60558e-11
3.36485e-11
3.33759e-11
3.12627e-11
3.10166e-11
2.91489e-11
2.89296e-11
2.72685e-11
2.70701e-11
 2.5584e-11
2.54053e-11
 2.4068e-11
2.39069e-11
2.26977e-11
2.25518e-11
2.14532e-11
2.13221e-11
2.03199e-11
2.02005e-11
 1.9283e-11
1.91753e-11
1.83319e-11
1.82341e-11
1.74568e-11
 1.7368e-11
1.66492e-11
1.65685e-11
1.59021e-11
1.58286e-11
1.52092e-11
1.51423e-11
1.45651e-11
1.45041e-11
1.39651e-11
1.39094e-11
 1.3405e-11
1.33542e-11
1.28813e-11
1.28348e-11
1.23905e-11
1.23481e-11
  1.193e-11
1.18911e-11
1.14971e-11
1.14616e-11
1.10895e-11
 1.1057e-11
1.07053e-11
1.06755e-11
1.03425e-11
1.03152e-11
9.99953e-12
9.97459e-12
9.67489e-12
9.65207e-12
9.36725e-12
9.34637e-12
9.07536e-12
9.05627e-12
8.79812e-12
8.78067e-12
8.53451e-12
8.51858e-12
8.28362e-12
8.26909e-12
 8.0446e-12
8.03136e-12
7.81667e-12
7.80462e-12
7.59913e-12
7.58818e-12
7.39132e-12
 7.3814e-12
7.19265e-12
7.18367e-12
7.00257e-12
6.99446e-12
6.82055e-12
6.81326e-12
 6.6461e-12
6.63843e-12
0.000137392
6.26009e-05
5.39102e-05
3.82416e-05
 3.4473e-05
2.75866e-05
2.54773e-05
2.15904e-05
2.02412e-05
1.77406e-05
 1.6803e-05
 1.5058e-05
1.43684e-05
 1.3081e-05
1.25525e-05
1.15633e-05
1.11453e-05
1.03613e-05
1.00224e-05
9.38569e-06
9.10536e-06
  8.578e-06
8.34227e-06
7.89828e-06
7.69728e-06
7.31833e-06
7.14492e-06
6.81767e-06
6.66653e-06
6.38108e-06
6.24817e-06
  5.997e-06
5.87921e-06
5.65647e-06
5.55137e-06
 5.3525e-06
5.25813e-06
5.07949e-06
4.99429e-06
4.83294e-06
4.75564e-06
4.60918e-06
4.53872e-06
4.40519e-06
4.34071e-06
4.21845e-06
4.15922e-06
4.04688e-06
3.99228e-06
3.88869e-06
3.83819e-06
3.74237e-06
3.69554e-06
3.60664e-06
3.56309e-06
3.48039e-06
3.43978e-06
3.36266e-06
 3.3247e-06
3.25261e-06
3.21706e-06
3.14952e-06
3.11615e-06
3.05274e-06
3.02136e-06
2.96172e-06
2.93215e-06
2.87595e-06
2.84805e-06
  2.795e-06
2.76862e-06
2.71846e-06
2.69348e-06
2.64599e-06
 2.6223e-06
2.57727e-06
2.55478e-06
2.51201e-06
2.49063e-06
2.44997e-06
2.42962e-06
2.39091e-06
2.37151e-06
2.33461e-06
2.31611e-06
 2.2809e-06
2.26322e-06
2.22959e-06
2.21269e-06
2.18053e-06
2.16436e-06
2.13357e-06
2.11808e-06
2.08859e-06
2.07373e-06
2.04545e-06
 2.0312e-06
2.00405e-06
1.99036e-06
1.96429e-06
1.95095e-06
 0.00019999
          1
2.75268e-08
1.25439e-08
1.07994e-08
7.66135e-09
6.90379e-09
5.52517e-09
5.10146e-09
4.32326e-09
4.05243e-09
3.55174e-09
3.36371e-09
3.01423e-09
 2.8761e-09
 2.6182e-09
2.51235e-09
2.31427e-09
2.23052e-09
2.07356e-09
2.00566e-09
1.87821e-09
1.82202e-09
1.71647e-09
1.66925e-09
1.58038e-09
1.54012e-09
1.46428e-09
1.42954e-09
1.36405e-09
1.33378e-09
1.27666e-09
1.25004e-09
1.19978e-09
1.17619e-09
1.13162e-09
1.11057e-09
1.07078e-09
1.05188e-09
1.01614e-09
9.99078e-10
9.66798e-10
9.51319e-10
9.22019e-10
 9.0791e-10
8.81197e-10
8.68286e-10
 8.4383e-10
8.31969e-10
8.09497e-10
7.98564e-10
7.77843e-10
7.67733e-10
7.48566e-10
 7.3919e-10
7.21409e-10
7.12688e-10
6.96148e-10
6.88017e-10
6.72592e-10
6.64993e-10
6.50574e-10
6.43457e-10
6.29948e-10
6.23268e-10
6.10586e-10
6.04304e-10
5.92376e-10
5.86457e-10
5.75217e-10
 5.6963e-10
5.59021e-10
 5.5374e-10
5.43709e-10
5.38709e-10
5.29211e-10
 5.2447e-10
5.15463e-10
5.10962e-10
5.02409e-10
 4.9813e-10
4.89998e-10
4.85925e-10
4.78183e-10
4.74301e-10
4.66922e-10
4.63218e-10
4.56177e-10
4.52639e-10
4.45913e-10
4.42531e-10
4.36099e-10
4.32862e-10
4.26707e-10
4.23605e-10
4.17708e-10
4.14735e-10
4.09079e-10
4.06226e-10
4.00799e-10
3.98058e-10
3.92845e-10
3.90174e-10
