6.08844e-09
1.89128e-09
1.42644e-09
8.01454e-10
6.50809e-10
4.38857e-10
 3.7225e-10
2.75234e-10
2.40264e-10
1.87947e-10
1.67434e-10
1.36088e-10
1.23084e-10
1.02861e-10
9.41281e-11
 8.0343e-11
 7.4211e-11
6.44058e-11
 5.9939e-11
5.27737e-11
4.89139e-11
 4.4787e-09
5.45736e-09
3.03581e-09
 2.9852e-09
 1.9956e-09
1.94251e-09
1.41751e-09
1.38553e-09
1.06531e-09
1.04726e-09
8.33944e-10
8.24157e-10
6.73105e-10
 6.6823e-10
5.56336e-10
5.54428e-10
4.68618e-10
4.68527e-10
4.00889e-10
4.01893e-10
3.47603e-10
3.45368e-10
9.25383e-05
5.37285e-05
4.37762e-05
3.43229e-05
2.98436e-05
2.53679e-05
2.28019e-05
  2.016e-05
1.84923e-05
1.67409e-05
1.55685e-05
1.43196e-05
1.34497e-05
1.25131e-05
1.18417e-05
1.11129e-05
1.05789e-05
9.99534e-06
   9.56e-06
9.08581e-06
8.68695e-06
0.000199981
          1
2.03725e-08
1.12452e-08
9.06772e-09
7.02992e-09
6.07319e-09
5.14454e-09
4.60336e-09
 4.0665e-09
3.71742e-09
3.36599e-09
3.12175e-09
2.87323e-09
2.69259e-09
2.50731e-09
2.36819e-09
 2.2246e-09
2.11412e-09
1.99952e-09
1.90955e-09
1.81666e-09
1.73462e-09
