6.08842e-09
 1.8913e-09
1.42646e-09
8.01388e-10
6.50848e-10
4.38854e-10
3.72232e-10
2.75295e-10
2.40049e-10
1.88899e-10
1.62544e-10
4.47868e-09
5.45735e-09
3.03582e-09
2.98522e-09
1.99556e-09
1.94254e-09
1.41748e-09
1.38553e-09
1.06533e-09
1.04717e-09
8.34031e-10
8.01889e-10
9.25383e-05
5.37285e-05
4.37762e-05
 3.4323e-05
2.98435e-05
2.53681e-05
2.28013e-05
2.01621e-05
1.84839e-05
1.67791e-05
1.53769e-05
0.000199981
          1
2.03725e-08
1.12452e-08
9.06769e-09
7.03001e-09
6.07313e-09
5.14458e-09
4.60325e-09
4.06691e-09
3.71575e-09
3.37353e-09
3.08294e-09
