6.07898e-09
1.88965e-09
1.42468e-09
8.00913e-10
6.50125e-10
4.38655e-10
 3.7188e-10
2.75114e-10
2.40065e-10
1.87865e-10
1.67313e-10
1.36031e-10
1.23005e-10
 1.0282e-10
9.40731e-11
 8.0313e-11
7.41712e-11
6.43831e-11
5.99093e-11
5.27559e-11
4.88918e-11
4.47004e-09
5.44746e-09
3.03137e-09
2.98036e-09
1.99308e-09
1.93953e-09
1.41592e-09
1.38349e-09
1.06418e-09
1.04579e-09
8.33101e-10
8.23057e-10
6.72448e-10
6.67371e-10
5.55809e-10
5.53738e-10
4.68186e-10
4.67961e-10
4.00528e-10
4.01421e-10
3.47289e-10
3.44978e-10
9.25383e-05
5.37285e-05
4.37762e-05
3.43229e-05
2.98436e-05
2.53679e-05
2.28019e-05
  2.016e-05
1.84923e-05
1.67409e-05
1.55685e-05
1.43196e-05
1.34497e-05
1.25131e-05
1.18417e-05
1.11129e-05
1.05789e-05
9.99534e-06
   9.56e-06
9.08581e-06
8.68695e-06
0.000199981
          1
2.03694e-08
1.12444e-08
 9.0673e-09
7.03016e-09
6.07288e-09
5.14465e-09
 4.6033e-09
4.06654e-09
3.71742e-09
3.36602e-09
3.12176e-09
2.87326e-09
2.69261e-09
2.50733e-09
2.36821e-09
2.22462e-09
2.11414e-09
1.99954e-09
1.90957e-09
1.81668e-09
1.73463e-09
