6.07921e-09
1.88944e-09
1.42486e-09
8.00724e-10
6.50251e-10
4.38539e-10
3.71939e-10
2.75121e-10
2.39883e-10
1.88791e-10
1.62445e-10
4.47027e-09
5.44755e-09
3.03133e-09
2.98049e-09
1.99288e-09
1.93972e-09
1.41571e-09
1.38364e-09
1.06407e-09
1.04582e-09
8.33073e-10
8.00909e-10
9.25383e-05
5.37285e-05
4.37762e-05
 3.4323e-05
2.98435e-05
2.53681e-05
2.28013e-05
2.01621e-05
1.84839e-05
1.67791e-05
1.53769e-05
0.000199981
          1
2.03691e-08
1.12446e-08
9.06731e-09
7.02988e-09
6.07305e-09
5.14455e-09
4.60324e-09
4.06691e-09
3.71576e-09
3.37354e-09
3.08296e-09
