6.07935e-09
1.88929e-09
1.42488e-09
8.00963e-10
6.49894e-10
4.38881e-10
3.71877e-10
 2.7512e-10
2.40025e-10
1.87881e-10
1.67358e-10
1.36039e-10
1.23062e-10
1.02856e-10
9.41114e-11
8.03278e-11
7.41906e-11
6.43804e-11
5.99431e-11
5.26938e-11
4.93905e-11
4.38985e-11
4.13609e-11
3.71127e-11
3.51235e-11
3.17687e-11
3.01802e-11
2.74875e-11
2.62013e-11
2.40098e-11
2.29536e-11
2.11419e-11
2.02679e-11
1.87563e-11
 1.8021e-11
1.67476e-11
1.61263e-11
1.50421e-11
1.45107e-11
1.35816e-11
1.31256e-11
1.23224e-11
 1.1926e-11
1.12285e-11
1.08838e-11
1.02726e-11
9.97014e-12
9.43293e-12
9.16639e-12
8.69101e-12
8.45495e-12
8.03264e-12
7.82258e-12
7.44567e-12
7.25796e-12
 6.9202e-12
6.75185e-12
6.44802e-12
6.29647e-12
6.02213e-12
5.88524e-12
5.63682e-12
5.51265e-12
5.28698e-12
5.17418e-12
4.96854e-12
4.86567e-12
4.67773e-12
4.58373e-12
 4.4116e-12
4.32542e-12
4.16735e-12
4.08824e-12
 3.9427e-12
3.86983e-12
3.73563e-12
 3.6684e-12
3.54431e-12
3.48217e-12
3.36724e-12
3.30966e-12
3.20302e-12
3.14959e-12
3.05045e-12
3.00078e-12
2.90845e-12
 2.8622e-12
2.77608e-12
2.73294e-12
2.65249e-12
2.61219e-12
2.53692e-12
2.49922e-12
 2.4287e-12
2.39337e-12
2.32722e-12
2.29408e-12
2.23192e-12
2.20079e-12
2.14235e-12
2.11226e-12
4.47043e-09
5.44753e-09
3.03145e-09
2.98037e-09
1.99313e-09
1.93944e-09
1.41599e-09
1.38359e-09
1.06403e-09
1.04583e-09
8.33088e-10
8.23092e-10
6.72445e-10
6.67356e-10
5.55867e-10
5.53778e-10
4.68246e-10
4.67981e-10
4.00583e-10
4.01466e-10
3.47125e-10
3.48732e-10
3.04091e-10
3.06139e-10
2.68895e-10
2.71191e-10
2.39699e-10
2.42129e-10
2.15191e-10
 2.1767e-10
1.94399e-10
 1.9688e-10
1.76591e-10
1.79041e-10
1.61215e-10
1.63609e-10
1.47836e-10
1.50164e-10
1.36118e-10
1.38369e-10
1.25791e-10
1.27963e-10
1.16638e-10
 1.1873e-10
1.08487e-10
1.10497e-10
1.01192e-10
1.03122e-10
 9.4635e-11
9.64879e-11
8.87183e-11
9.04965e-11
8.33598e-11
 8.5066e-11
7.84898e-11
8.01272e-11
7.40497e-11
7.56213e-11
6.99893e-11
7.14984e-11
6.62658e-11
6.77153e-11
6.28423e-11
6.42351e-11
5.96867e-11
6.10257e-11
5.67713e-11
5.80592e-11
5.40718e-11
5.53113e-11
5.15672e-11
5.27605e-11
4.92387e-11
5.03883e-11
4.70698e-11
4.81778e-11
4.50461e-11
4.61147e-11
4.31547e-11
4.41857e-11
 4.1384e-11
4.23793e-11
3.97239e-11
4.06852e-11
3.81651e-11
3.90941e-11
3.66994e-11
3.75976e-11
3.53194e-11
3.61883e-11
3.40185e-11
3.48593e-11
3.27905e-11
3.36047e-11
3.16301e-11
3.24188e-11
3.05323e-11
3.12966e-11
2.94926e-11
3.02335e-11
2.85173e-11
2.92021e-11
9.25383e-05
5.37285e-05
4.37762e-05
3.43229e-05
2.98436e-05
2.53679e-05
2.28019e-05
  2.016e-05
1.84923e-05
1.67409e-05
1.55685e-05
1.43196e-05
1.34497e-05
1.25131e-05
1.18417e-05
1.11129e-05
1.05789e-05
 9.9953e-06
9.56036e-06
9.08242e-06
8.72125e-06
8.32258e-06
8.01787e-06
7.68021e-06
7.41965e-06
7.12997e-06
6.90461e-06
6.65334e-06
6.45649e-06
6.23645e-06
6.06302e-06
5.86873e-06
5.71476e-06
5.54194e-06
5.40434e-06
5.24961e-06
5.12589e-06
4.98655e-06
4.87471e-06
4.74857e-06
4.64698e-06
4.53225e-06
4.43956e-06
4.33476e-06
4.24985e-06
4.15374e-06
4.07567e-06
 3.9872e-06
3.91518e-06
3.83349e-06
3.76683e-06
3.69116e-06
 3.6293e-06
3.55901e-06
3.50143e-06
3.43597e-06
3.38225e-06
3.32113e-06
 3.2709e-06
3.21371e-06
3.16663e-06
  3.113e-06
3.06879e-06
 3.0184e-06
 2.9768e-06
2.92936e-06
2.89014e-06
 2.8454e-06
2.80838e-06
2.76612e-06
 2.7311e-06
2.69111e-06
2.65795e-06
2.62006e-06
 2.5886e-06
2.55265e-06
2.52277e-06
 2.4886e-06
2.46019e-06
2.42769e-06
2.40063e-06
2.36967e-06
2.34388e-06
2.31435e-06
2.28973e-06
2.26154e-06
2.23803e-06
2.21108e-06
2.18859e-06
2.16282e-06
2.14129e-06
2.11661e-06
2.09598e-06
2.07232e-06
2.05253e-06
2.02984e-06
2.01085e-06
1.98906e-06
1.97081e-06
1.94988e-06
1.93204e-06
0.000199981
          1
 2.0369e-08
1.12448e-08
9.06699e-09
7.02975e-09
6.07319e-09
5.14469e-09
4.60351e-09
4.06654e-09
3.71746e-09
3.36603e-09
3.12177e-09
2.87329e-09
2.69254e-09
2.50731e-09
2.36816e-09
2.22457e-09
2.11416e-09
1.99947e-09
1.90966e-09
1.81596e-09
1.74143e-09
1.66342e-09
1.60058e-09
1.53461e-09
 1.4809e-09
1.42437e-09
1.37793e-09
1.32894e-09
1.28838e-09
1.24553e-09
 1.2098e-09
1.17198e-09
1.14026e-09
1.10664e-09
 1.0783e-09
1.04822e-09
1.02273e-09
9.95648e-10
9.72616e-10
9.48111e-10
9.27185e-10
  9.049e-10
8.85811e-10
8.65462e-10
8.47972e-10
8.29313e-10
8.13233e-10
7.96063e-10
7.81227e-10
7.65375e-10
7.51644e-10
7.36963e-10
7.24218e-10
7.10583e-10
6.98721e-10
6.86023e-10
6.74956e-10
6.63103e-10
6.52753e-10
6.41662e-10
6.31962e-10
6.21562e-10
6.12452e-10
6.02681e-10
5.94109e-10
 5.8491e-10
 5.7683e-10
5.68156e-10
5.60526e-10
5.52332e-10
5.45116e-10
5.37364e-10
5.30529e-10
5.23184e-10
  5.167e-10
 5.0973e-10
5.03572e-10
 4.9695e-10
4.91093e-10
4.84793e-10
4.79215e-10
4.73214e-10
4.67897e-10
4.62174e-10
4.57099e-10
4.51636e-10
4.46786e-10
4.41565e-10
4.36927e-10
4.31933e-10
4.27493e-10
 4.2271e-10
4.18455e-10
4.13871e-10
4.09791e-10
4.05393e-10
4.01476e-10
3.97254e-10
3.93491e-10
3.89435e-10
3.85759e-10
