5.98882e-09
1.87109e-09
1.40911e-09
7.94222e-10
 6.4435e-10
4.35454e-10
 3.6904e-10
2.73405e-10
2.38234e-10
1.87725e-10
1.61463e-10
4.38767e-09
5.35127e-09
2.98723e-09
2.93404e-09
 1.9666e-09
1.91195e-09
1.39827e-09
1.36507e-09
1.05164e-09
1.03251e-09
8.23648e-10
7.91259e-10
9.25383e-05
5.37285e-05
4.37762e-05
 3.4323e-05
2.98435e-05
2.53681e-05
2.28013e-05
2.01621e-05
1.84839e-05
1.67791e-05
1.53769e-05
0.000199981
          1
 2.0336e-08
1.12392e-08
9.06353e-09
 7.0286e-09
6.07231e-09
5.14424e-09
 4.6032e-09
 4.0669e-09
3.71591e-09
3.37362e-09
3.08317e-09
