5.98881e-09
 1.8711e-09
 1.4091e-09
7.94233e-10
6.44342e-10
4.35467e-10
3.69043e-10
2.73363e-10
2.38433e-10
1.86796e-10
1.66289e-10
1.35328e-10
1.22319e-10
1.02332e-10
 9.3591e-11
7.99595e-11
 7.3819e-11
 6.4119e-11
 5.9644e-11
5.25529e-11
4.86909e-11
4.38765e-09
5.35126e-09
2.98724e-09
2.93404e-09
 1.9666e-09
1.91195e-09
1.39829e-09
1.36506e-09
1.05163e-09
1.03255e-09
8.23704e-10
8.13066e-10
6.65145e-10
6.59557e-10
5.49968e-10
5.47456e-10
4.63406e-10
4.62798e-10
3.96543e-10
3.97103e-10
 3.4389e-10
3.41373e-10
9.25383e-05
5.37285e-05
4.37762e-05
3.43229e-05
2.98436e-05
2.53679e-05
2.28019e-05
  2.016e-05
1.84923e-05
1.67409e-05
1.55685e-05
1.43196e-05
1.34497e-05
1.25131e-05
1.18417e-05
1.11129e-05
1.05789e-05
9.99534e-06
   9.56e-06
9.08581e-06
8.68695e-06
0.000199981
          1
 2.0336e-08
1.12392e-08
9.06355e-09
7.02857e-09
6.07234e-09
5.14421e-09
4.60331e-09
4.06648e-09
3.71759e-09
3.36609e-09
3.12197e-09
2.87337e-09
2.69282e-09
2.50745e-09
2.36841e-09
2.22474e-09
2.11432e-09
1.99965e-09
1.90973e-09
1.81678e-09
1.73478e-09
