5.22145e-09
1.71071e-09
 1.2738e-09
7.37133e-10
5.93125e-10
4.08089e-10
3.43824e-10
2.57978e-10
2.24081e-10
1.77323e-10
1.57272e-10
1.29069e-10
1.16295e-10
 9.8014e-11
8.93018e-11
7.68175e-11
7.06904e-11
6.17351e-11
5.73155e-11
5.06799e-11
4.73438e-11
4.23215e-11
3.97494e-11
3.58483e-11
3.38294e-11
3.07414e-11
2.91262e-11
2.66435e-11
2.53305e-11
 2.3306e-11
2.22235e-11
2.05507e-11
1.96526e-11
1.82531e-11
1.74959e-11
1.63172e-11
1.56751e-11
1.46689e-11
1.41215e-11
1.32573e-11
 1.2785e-11
1.20397e-11
1.16283e-11
1.09781e-11
1.06212e-11
1.00521e-11
9.73748e-12
9.23637e-12
 8.9591e-12
8.51569e-12
8.26976e-12
7.87523e-12
7.65623e-12
7.30412e-12
7.10809e-12
6.79222e-12
6.61631e-12
6.33204e-12
6.17347e-12
5.91665e-12
5.77331e-12
 5.5406e-12
5.41057e-12
5.19904e-12
5.08068e-12
4.88787e-12
4.77989e-12
4.60358e-12
4.50487e-12
 4.3433e-12
4.25271e-12
4.10429e-12
4.02105e-12
3.88437e-12
3.80765e-12
3.68153e-12
3.61073e-12
3.49409e-12
3.42856e-12
 3.3205e-12
3.25978e-12
3.15946e-12
3.10307e-12
3.00979e-12
2.95733e-12
2.87044e-12
2.82156e-12
2.74049e-12
2.69488e-12
2.61912e-12
2.57648e-12
2.50559e-12
2.46568e-12
2.39924e-12
2.36184e-12
2.29948e-12
2.26438e-12
2.20579e-12
 2.1728e-12
2.11768e-12
2.08588e-12
3.69053e-09
4.53716e-09
 2.6088e-09
 2.5384e-09
1.73945e-09
1.67422e-09
1.24698e-09
1.20554e-09
9.43516e-10
9.17989e-10
7.42659e-10
 7.2657e-10
6.02118e-10
5.91821e-10
4.99404e-10
4.92916e-10
4.21971e-10
4.17948e-10
3.61933e-10
3.59589e-10
 3.1438e-10
3.13136e-10
2.75999e-10
2.75505e-10
2.44514e-10
2.44551e-10
2.18343e-10
2.18743e-10
1.96326e-10
1.96979e-10
1.77614e-10
1.78437e-10
1.61559e-10
1.62499e-10
1.47673e-10
1.48688e-10
1.35574e-10
1.36635e-10
1.24961e-10
1.26048e-10
1.15596e-10
1.16693e-10
1.07287e-10
1.08381e-10
9.98771e-11
1.00962e-10
9.32388e-11
9.43077e-11
8.72666e-11
 8.8315e-11
8.18722e-11
8.28978e-11
 7.6982e-11
7.79828e-11
7.25339e-11
7.35086e-11
6.84751e-11
6.94231e-11
6.47604e-11
6.56816e-11
6.13515e-11
6.22458e-11
5.82148e-11
5.90826e-11
5.53217e-11
5.61633e-11
 5.2647e-11
5.34631e-11
5.01688e-11
5.09602e-11
4.78681e-11
4.86353e-11
4.57279e-11
4.64717e-11
4.37334e-11
4.44545e-11
4.18713e-11
4.25706e-11
  4.013e-11
4.08083e-11
3.84991e-11
 3.9157e-11
3.69692e-11
3.76075e-11
 3.5532e-11
3.61515e-11
  3.418e-11
3.47814e-11
3.29065e-11
3.34905e-11
3.17055e-11
3.22727e-11
3.05713e-11
3.11224e-11
2.94991e-11
3.00347e-11
2.84843e-11
 2.9005e-11
2.75229e-11
 2.8029e-11
2.66182e-11
2.70841e-11
9.25383e-05
5.37285e-05
4.37762e-05
3.43229e-05
2.98436e-05
2.53679e-05
2.28019e-05
  2.016e-05
1.84923e-05
1.67409e-05
1.55685e-05
1.43196e-05
1.34497e-05
1.25131e-05
1.18417e-05
1.11129e-05
1.05789e-05
 9.9953e-06
9.56036e-06
9.08242e-06
8.72125e-06
8.32258e-06
8.01787e-06
7.68021e-06
7.41965e-06
7.12997e-06
6.90461e-06
6.65334e-06
6.45649e-06
6.23645e-06
6.06302e-06
5.86873e-06
5.71476e-06
5.54194e-06
5.40434e-06
5.24961e-06
5.12589e-06
4.98655e-06
4.87471e-06
4.74857e-06
4.64698e-06
4.53225e-06
4.43956e-06
4.33476e-06
4.24985e-06
4.15374e-06
4.07567e-06
 3.9872e-06
3.91518e-06
3.83349e-06
3.76683e-06
3.69116e-06
 3.6293e-06
3.55901e-06
3.50143e-06
3.43597e-06
3.38225e-06
3.32113e-06
 3.2709e-06
3.21371e-06
3.16663e-06
  3.113e-06
3.06879e-06
 3.0184e-06
 2.9768e-06
2.92936e-06
2.89014e-06
 2.8454e-06
2.80838e-06
2.76612e-06
 2.7311e-06
2.69111e-06
2.65795e-06
2.62006e-06
 2.5886e-06
2.55265e-06
2.52277e-06
 2.4886e-06
2.46019e-06
2.42769e-06
2.40063e-06
2.36967e-06
2.34388e-06
2.31435e-06
2.28973e-06
2.26154e-06
2.23803e-06
2.21108e-06
2.18859e-06
2.16282e-06
2.14129e-06
2.11661e-06
2.09598e-06
2.07232e-06
2.05253e-06
2.02984e-06
2.01085e-06
1.98906e-06
1.97081e-06
1.94988e-06
1.93204e-06
0.000199983
          1
2.00563e-08
1.11915e-08
9.03123e-09
7.01659e-09
6.06583e-09
5.14104e-09
 4.6025e-09
4.06588e-09
3.71867e-09
3.36651e-09
3.12363e-09
2.87424e-09
2.69452e-09
2.50841e-09
2.37011e-09
2.22568e-09
2.11585e-09
2.00054e-09
1.91119e-09
1.81696e-09
1.74281e-09
1.66435e-09
1.60182e-09
1.53546e-09
1.48202e-09
1.42515e-09
1.37895e-09
1.32965e-09
1.28931e-09
1.24618e-09
1.21064e-09
1.17257e-09
1.14103e-09
 1.1072e-09
1.07901e-09
1.04872e-09
1.02338e-09
9.96124e-10
9.73219e-10
9.48547e-10
9.27744e-10
9.05311e-10
8.86329e-10
8.65842e-10
8.48454e-10
8.29669e-10
8.13683e-10
7.96397e-10
7.81647e-10
7.65688e-10
7.52038e-10
7.37257e-10
7.24588e-10
 7.1086e-10
6.99069e-10
6.86285e-10
6.75284e-10
 6.6335e-10
6.53062e-10
6.41896e-10
6.32254e-10
6.21783e-10
6.12729e-10
6.02891e-10
5.94371e-10
 5.8511e-10
5.77079e-10
5.68346e-10
5.60763e-10
5.52513e-10
5.45341e-10
5.37536e-10
5.30744e-10
5.23348e-10
5.16905e-10
5.09888e-10
5.03768e-10
  4.971e-10
 4.9128e-10
4.84936e-10
4.79394e-10
4.73352e-10
4.68068e-10
4.62306e-10
4.57263e-10
4.51762e-10
4.46944e-10
4.41687e-10
4.37079e-10
 4.3205e-10
4.27638e-10
4.22823e-10
4.18595e-10
 4.1398e-10
4.09925e-10
4.05498e-10
4.01606e-10
3.97355e-10
3.93616e-10
3.89532e-10
 3.8588e-10
