2.39258e-09
9.88938e-10
7.19379e-10
4.67748e-10
3.71168e-10
2.75681e-10
2.29655e-10
1.82394e-10
1.56818e-10
1.29791e-10
1.14069e-10
9.71249e-11
8.67636e-11
7.54215e-11
6.82318e-11
6.02604e-11
5.50674e-11
4.92491e-11
4.53735e-11
 4.1025e-11
3.77403e-11
1.25962e-09
 1.6355e-09
1.11155e-09
 1.0506e-09
8.06824e-10
7.51383e-10
6.11537e-10
5.71968e-10
4.82074e-10
4.53965e-10
3.91774e-10
3.71291e-10
3.26011e-10
3.10687e-10
 2.7643e-10
2.64692e-10
2.37988e-10
2.28814e-10
2.07488e-10
2.00238e-10
 1.8239e-10
 1.7573e-10
9.25383e-05
5.37285e-05
4.37762e-05
3.43229e-05
2.98436e-05
2.53679e-05
2.28019e-05
  2.016e-05
1.84923e-05
1.67409e-05
1.55685e-05
1.43196e-05
1.34497e-05
1.25131e-05
1.18417e-05
1.11129e-05
1.05789e-05
9.99534e-06
   9.56e-06
9.08581e-06
8.68695e-06
0.000199987
          1
1.90637e-08
1.09672e-08
8.89143e-09
6.95265e-09
 6.0281e-09
5.11837e-09
4.59188e-09
4.05783e-09
3.71713e-09
3.36434e-09
3.12551e-09
2.87461e-09
2.69777e-09
2.50998e-09
2.37371e-09
2.22779e-09
2.11954e-09
2.00284e-09
1.91468e-09
1.81992e-09
1.73931e-09
