2.39257e-09
9.88964e-10
7.19374e-10
4.67716e-10
3.71195e-10
2.75654e-10
2.29663e-10
1.82426e-10
1.56702e-10
1.30299e-10
1.11409e-10
1.25961e-09
1.63551e-09
1.11155e-09
 1.0506e-09
8.06839e-10
7.51384e-10
6.11492e-10
5.72009e-10
4.82002e-10
4.54296e-10
3.89826e-10
3.64447e-10
9.25383e-05
5.37285e-05
4.37762e-05
 3.4323e-05
2.98435e-05
2.53681e-05
2.28013e-05
2.01621e-05
1.84839e-05
1.67791e-05
1.53769e-05
0.000199987
          1
1.90637e-08
1.09672e-08
8.89139e-09
6.95274e-09
6.02806e-09
5.11836e-09
 4.5918e-09
4.05824e-09
3.71548e-09
3.37179e-09
 3.0869e-09
