 2.21659e-08
 2.36825e-09
 3.72523e-09
 9.52682e-10
 1.41588e-09
 5.04689e-10
  7.1914e-10
  3.0946e-10
 4.26549e-10
 2.07843e-10
 2.78909e-10
 1.48577e-10
 1.95033e-10
 1.11189e-10
 1.43239e-10
 8.61586e-11
 1.09214e-10
 6.86117e-11
 8.57607e-11
 5.58644e-11
 6.89696e-11
 4.63202e-11
 5.65654e-11
 3.90015e-11
 4.71616e-11
 3.32693e-11
 3.98754e-11
    2.87e-11
 3.41239e-11
 2.49999e-11
 2.95087e-11
 2.19651e-11
 2.57519e-11
  1.9442e-11
 2.26579e-11
 1.73281e-11
 2.00789e-11
 1.55358e-11
 1.79093e-11
 1.40066e-11
 1.60673e-11
 1.26891e-11
 1.44908e-11
 1.15478e-11
 1.31318e-11
 1.05521e-11
 1.19524e-11
 9.67887e-12
 1.09227e-11
 8.90857e-12
 1.00185e-11
 8.22599e-12
 9.22054e-12
 7.61814e-12
 8.51291e-12
 7.07478e-12
 7.88263e-12
 6.58699e-12
 7.31881e-12
 6.14761e-12
 6.81274e-12
 5.75035e-12
 6.35662e-12
 5.39011e-12
 5.94429e-12
 5.06243e-12
 5.57032e-12
 4.76352e-12
 5.23014e-12
 4.49013e-12
 4.91984e-12
 4.23942e-12
 4.63603e-12
 4.00902e-12
 4.37583e-12
 3.79673e-12
 4.13667e-12
 3.60079e-12
 3.91642e-12
  3.4195e-12
 3.71308e-12
 3.25149e-12
 3.52504e-12
 3.09548e-12
 3.35078e-12
 2.95036e-12
   3.189e-12
 2.81514e-12
 3.03854e-12
 2.68896e-12
 2.89839e-12
 2.57102e-12
 2.76762e-12
 2.46062e-12
 2.64543e-12
 2.35714e-12
 2.53108e-12
 2.26002e-12
 2.42392e-12
 2.16874e-12
 2.32336e-12
-1.39333e-13
 1.77257e-08
 2.36767e-09
 8.15529e-09
 1.73206e-09
 4.77656e-09
 1.26967e-09
  3.1694e-09
 9.67069e-10
 2.27105e-09
 7.62217e-10
  1.7147e-09
 6.17593e-10
 1.34473e-09
 5.11693e-10
 1.08542e-09
 4.31726e-10
   8.962e-10
 3.69752e-10
 7.53614e-10
 3.20691e-10
 6.43338e-10
 2.81136e-10
 5.56184e-10
 2.48739e-10
 4.86035e-10
  2.2184e-10
 4.28686e-10
 1.99243e-10
 3.81165e-10
 1.80061e-10
 3.41322e-10
 1.63627e-10
 3.07564e-10
 1.49427e-10
 2.78702e-10
 1.37071e-10
 2.53817e-10
 1.26242e-10
 2.32205e-10
 1.16697e-10
 2.13306e-10
 1.08236e-10
 1.96681e-10
 1.00698e-10
 1.81974e-10
 9.39502e-11
 1.68897e-10
 8.78843e-11
 1.57215e-10
 8.24095e-11
 1.46734e-10
   7.745e-11
 1.37292e-10
 7.29418e-11
 1.28756e-10
 6.88308e-11
  1.2101e-10
 6.50708e-11
 1.13961e-10
 6.16221e-11
 1.07524e-10
 5.84506e-11
 1.01631e-10
 5.55269e-11
 9.62217e-11
 5.28252e-11
 9.12431e-11
 5.03233e-11
 8.66505e-11
 4.80015e-11
 8.24044e-11
 4.58427e-11
 7.84704e-11
 4.38316e-11
 7.48183e-11
 4.19548e-11
 7.14214e-11
 4.02004e-11
 6.82563e-11
 3.85577e-11
  6.5302e-11
 3.70174e-11
   6.254e-11
 3.55708e-11
 5.99538e-11
 3.42105e-11
 5.75285e-11
 3.29296e-11
  5.5251e-11
 3.17218e-11
 5.31093e-11
 3.05816e-11
 5.10926e-11
  2.9504e-11
 4.91915e-11
 2.84844e-11
  4.7397e-11
 2.75187e-11
 4.57012e-11
 2.66029e-11
  4.4097e-11
  0.00019999
 6.66567e-05
 6.66567e-05
   3.999e-05
   3.999e-05
 2.85614e-05
 2.85614e-05
 2.22122e-05
 2.22122e-05
 1.81718e-05
 1.81718e-05
 1.53746e-05
 1.53746e-05
 1.33233e-05
 1.33233e-05
 1.17547e-05
 1.17547e-05
 1.05163e-05
 1.05163e-05
 9.51381e-06
 9.51381e-06
 8.68565e-06
 8.68565e-06
    7.99e-06
    7.99e-06
 7.39741e-06
 7.39741e-06
 6.88655e-06
 6.88655e-06
 6.44161e-06
 6.44161e-06
 6.05061e-06
 6.05061e-06
 5.70429e-06
 5.70429e-06
 5.39541e-06
 5.39541e-06
 5.11821e-06
 5.11821e-06
 4.86805e-06
 4.86805e-06
 4.64116e-06
 4.64116e-06
 4.43444e-06
 4.43444e-06
 4.24532e-06
 4.24532e-06
 4.07163e-06
 4.07163e-06
 3.91157e-06
 3.91157e-06
 3.76358e-06
 3.76358e-06
 3.62636e-06
 3.62636e-06
 3.49877e-06
 3.49877e-06
 3.37983e-06
 3.37983e-06
 3.26869e-06
 3.26869e-06
  3.1646e-06
  3.1646e-06
 3.06692e-06
 3.06692e-06
 2.97507e-06
 2.97507e-06
 2.88855e-06
 2.88855e-06
  2.8069e-06
  2.8069e-06
 2.72973e-06
 2.72973e-06
 2.65667e-06
 2.65667e-06
  2.5874e-06
  2.5874e-06
 2.52165e-06
 2.52165e-06
 2.45914e-06
 2.45914e-06
 2.39964e-06
 2.39964e-06
 2.34294e-06
 2.34294e-06
 2.28885e-06
 2.28885e-06
 2.23719e-06
 2.23719e-06
  2.1878e-06
  2.1878e-06
 2.14054e-06
 2.14054e-06
 2.09526e-06
 2.09526e-06
 2.05186e-06
 2.05186e-06
  2.0102e-06
  2.0102e-06
  1.9702e-06
  1.9702e-06
  0.00019999
           1
 4.88568e-08
 1.42176e-08
 1.43938e-08
 8.30981e-09
 8.27221e-09
 5.85895e-09
 5.79693e-09
 4.52302e-09
 4.46509e-09
  3.6832e-09
 3.63355e-09
 3.10661e-09
 3.06476e-09
 2.68626e-09
 2.65094e-09
 2.36621e-09
  2.3362e-09
 2.11439e-09
 2.08865e-09
 1.91106e-09
 1.88879e-09
 1.74344e-09
   1.724e-09
 1.60288e-09
 1.58577e-09
 1.48329e-09
 1.46814e-09
 1.38032e-09
 1.36682e-09
 1.29072e-09
 1.27861e-09
 1.21205e-09
 1.20112e-09
 1.14241e-09
 1.13251e-09
 1.08034e-09
 1.07133e-09
 1.02466e-09
 1.01643e-09
  9.7444e-10
 9.66885e-10
 9.28906e-10
 9.21951e-10
 8.87435e-10
  8.8101e-10
 8.49504e-10
 8.43553e-10
  8.1468e-10
 8.09151e-10
 7.82594e-10
 7.77444e-10
 7.52936e-10
 7.48128e-10
  7.2544e-10
 7.20942e-10
 6.99879e-10
  6.9566e-10
 6.76054e-10
  6.7209e-10
 6.53795e-10
 6.50063e-10
 6.32951e-10
 6.29433e-10
 6.13393e-10
 6.10069e-10
 5.95004e-10
  5.9186e-10
 5.77683e-10
 5.74704e-10
  5.6134e-10
 5.58513e-10
 5.45893e-10
 5.43207e-10
 5.31271e-10
 5.28716e-10
  5.1741e-10
 5.14976e-10
 5.04251e-10
 5.01931e-10
 4.91743e-10
 4.89528e-10
 4.79838e-10
 4.77722e-10
 4.68494e-10
  4.6647e-10
 4.57673e-10
 4.55734e-10
 4.47338e-10
  4.4548e-10
 4.37458e-10
 4.35676e-10
 4.28003e-10
 4.26292e-10
 4.18946e-10
 4.17303e-10
 4.10264e-10
 4.08683e-10
 4.01932e-10
 4.00411e-10
 3.93931e-10
 3.92466e-10
