4.12844e-10
2.21434e-10
1.72126e-10
 1.2749e-10
 1.0632e-10
  8.616e-11
7.45914e-11
6.32471e-11
5.60284e-11
4.90221e-11
4.32891e-11
6.35838e-11
9.37272e-11
8.45445e-11
8.49955e-11
7.72691e-11
 7.4922e-11
6.88263e-11
 6.6219e-11
6.13697e-11
5.89655e-11
5.50502e-11
5.24188e-11
9.25383e-05
5.37285e-05
4.37762e-05
 3.4323e-05
2.98435e-05
2.53681e-05
2.28013e-05
2.01621e-05
1.84839e-05
1.67791e-05
1.53769e-05
 0.00019999
          1
1.85381e-08
1.07644e-08
8.76861e-09
6.87475e-09
5.97661e-09
5.08005e-09
 4.5655e-09
4.03685e-09
3.70048e-09
3.35904e-09
3.07807e-09
