1.66766e-09
8.88829e-10
6.22188e-10
4.44024e-10
  3.439e-10
2.69383e-10
 2.1995e-10
1.81121e-10
1.53204e-10
1.30218e-10
1.12813e-10
9.80857e-11
8.65164e-11
7.65404e-11
 6.8453e-11
6.13257e-11
5.54367e-11
5.02352e-11
4.58378e-11
4.18647e-11
3.85196e-11
3.54154e-11
3.28097e-11
3.03474e-11
2.82683e-11
2.62869e-11
2.46048e-11
2.29872e-11
2.16021e-11
2.02681e-11
1.91131e-11
 1.8002e-11
1.70303e-11
1.60909e-11
1.52672e-11
1.44675e-11
1.37635e-11
1.30767e-11
1.24683e-11
1.18758e-11
1.13476e-11
1.08318e-11
1.03703e-11
9.91865e-12
9.51323e-12
 9.1157e-12
 8.7575e-12
8.40567e-12
8.08775e-12
7.77504e-12
7.49157e-12
7.21233e-12
6.95856e-12
6.70817e-12
6.48006e-12
6.25479e-12
6.04898e-12
5.84556e-12
5.65937e-12
5.47496e-12
5.30587e-12
5.13836e-12
4.98438e-12
4.83163e-12
4.69105e-12
4.55145e-12
4.42271e-12
 4.2948e-12
4.17665e-12
4.05914e-12
3.95044e-12
3.84224e-12
3.74203e-12
3.64218e-12
3.54959e-12
3.45727e-12
3.37154e-12
3.28601e-12
3.20649e-12
 3.1271e-12
3.05321e-12
2.97939e-12
2.91061e-12
2.84185e-12
2.77771e-12
2.71356e-12
2.65367e-12
2.59373e-12
2.53772e-12
2.48163e-12
2.42916e-12
 2.3766e-12
2.32739e-12
2.27807e-12
2.23186e-12
2.18551e-12
2.14206e-12
2.09846e-12
2.05754e-12
2.01651e-12
1.97682e-12
2.00637e-09
1.82928e-09
1.44038e-09
1.23558e-09
1.03141e-09
9.03632e-10
7.80057e-10
6.95828e-10
6.14399e-10
5.55987e-10
4.98851e-10
4.56509e-10
 4.1457e-10
3.82845e-10
3.51052e-10
 3.2657e-10
3.01743e-10
2.82466e-10
2.62639e-10
2.47161e-10
2.31044e-10
2.18402e-10
2.05091e-10
1.94625e-10
1.83487e-10
 1.7471e-10
1.65285e-10
1.57847e-10
 1.4979e-10
1.43424e-10
1.36476e-10
1.30983e-10
1.24945e-10
1.20166e-10
1.14881e-10
1.10697e-10
1.06041e-10
1.02357e-10
 9.8229e-11
9.49656e-11
9.12889e-11
8.83828e-11
8.50916e-11
8.24922e-11
7.95321e-11
7.71973e-11
7.45245e-11
7.24186e-11
6.99958e-11
6.80896e-11
6.58858e-11
6.41543e-11
6.21429e-11
6.05653e-11
 5.8724e-11
5.72822e-11
5.55916e-11
5.42702e-11
5.27142e-11
   5.15e-11
5.00638e-11
4.89454e-11
4.76169e-11
4.65844e-11
4.53526e-11
4.43973e-11
4.32529e-11
4.23671e-11
4.13017e-11
4.04788e-11
3.94851e-11
3.87193e-11
3.77907e-11
3.70767e-11
3.62076e-11
3.55408e-11
 3.4726e-11
3.41023e-11
3.33372e-11
3.27529e-11
3.20335e-11
3.14853e-11
3.08078e-11
3.02929e-11
2.96541e-11
2.91697e-11
2.85665e-11
2.81103e-11
2.75402e-11
2.71099e-11
2.65703e-11
2.61641e-11
2.56529e-11
 2.5269e-11
 2.4784e-11
2.44208e-11
2.39603e-11
2.36163e-11
2.31786e-11
2.28527e-11
2.24272e-11
2.21154e-11
 4.9866e-05
3.75329e-05
3.11861e-05
2.66053e-05
2.33602e-05
2.07895e-05
1.87838e-05
1.71129e-05
1.57414e-05
1.45614e-05
1.35612e-05
1.26811e-05
1.19181e-05
1.12355e-05
1.06336e-05
1.00882e-05
9.60095e-06
 9.1549e-06
8.75227e-06
8.38056e-06
8.04214e-06
7.72752e-06
7.43903e-06
7.16924e-06
6.92035e-06
6.68641e-06
6.46947e-06
6.26465e-06
6.07386e-06
5.89303e-06
5.72392e-06
5.56309e-06
5.41215e-06
5.26817e-06
5.13262e-06
5.00296e-06
4.88056e-06
4.76319e-06
 4.6521e-06
4.54534e-06
4.44407e-06
4.34655e-06
4.25384e-06
4.16441e-06
4.07923e-06
3.99691e-06
3.91837e-06
3.84235e-06
 3.7697e-06
3.69929e-06
3.63189e-06
3.56648e-06
3.50379e-06
3.44287e-06
 3.3844e-06
3.32753e-06
3.27287e-06
3.21964e-06
3.16844e-06
3.11853e-06
3.07046e-06
3.02355e-06
2.97834e-06
2.93418e-06
2.89157e-06
2.84993e-06
2.80971e-06
2.77036e-06
2.73234e-06
2.69511e-06
2.65911e-06
2.62383e-06
2.58968e-06
2.55621e-06
2.52378e-06
2.49198e-06
2.46114e-06
2.43088e-06
2.40153e-06
 2.3727e-06
2.34472e-06
2.31723e-06
2.29054e-06
2.26429e-06
2.23878e-06
 2.2137e-06
2.18931e-06
2.16531e-06
2.14197e-06
2.11899e-06
2.09663e-06
 2.0746e-06
2.05315e-06
2.03202e-06
2.01144e-06
1.99115e-06
1.97138e-06
1.95188e-06
1.93288e-06
1.91414e-06
1.89533e-06
0.000199982
          1
1.02903e-08
7.66247e-09
  6.331e-09
5.38437e-09
4.71418e-09
4.18931e-09
3.77866e-09
3.43972e-09
3.16044e-09
2.92203e-09
 2.7193e-09
2.54205e-09
2.38773e-09
2.25051e-09
2.12903e-09
2.01959e-09
1.92139e-09
1.83199e-09
1.75096e-09
1.67649e-09
1.60849e-09
1.54547e-09
1.48757e-09
1.43354e-09
1.38363e-09
 1.3368e-09
1.29331e-09
1.25233e-09
 1.2141e-09
1.17793e-09
1.14406e-09
 1.1119e-09
1.08167e-09
1.05289e-09
1.02575e-09
9.99838e-10
9.75334e-10
9.51881e-10
9.29647e-10
9.08319e-10
 8.8805e-10
 8.6857e-10
8.50019e-10
8.32156e-10
8.15112e-10
7.98672e-10
7.82958e-10
7.67778e-10
7.53244e-10
7.39184e-10
7.25702e-10
7.12642e-10
7.00102e-10
6.87939e-10
6.76244e-10
6.64888e-10
6.53957e-10
6.43331e-10
 6.3309e-10
6.23126e-10
6.13512e-10
6.04149e-10
5.95107e-10
5.86292e-10
5.77771e-10
5.69458e-10
5.61415e-10
5.53562e-10
5.45958e-10
5.38527e-10
5.31326e-10
5.24285e-10
5.17457e-10
5.10776e-10
5.04292e-10
4.97943e-10
4.91778e-10
4.85737e-10
4.79868e-10
4.74114e-10
 4.6852e-10
4.63033e-10
4.57694e-10
4.52455e-10
4.47356e-10
4.42349e-10
4.37473e-10
4.32683e-10
4.28016e-10
4.23429e-10
4.18957e-10
 4.1456e-10
4.10272e-10
4.06055e-10
4.01939e-10
3.97889e-10
3.93936e-10
3.90045e-10
3.86245e-10
3.82505e-10
3.78743e-10
