1.66796e-09
8.88975e-10
6.21497e-10
4.44379e-10
3.43777e-10
2.69363e-10
2.20062e-10
1.81179e-10
1.53222e-10
1.30252e-10
1.12844e-10
9.81213e-11
8.65452e-11
7.65386e-11
6.84527e-11
6.13418e-11
5.54724e-11
5.02429e-11
4.58301e-11
4.19734e-11
3.80214e-11
2.00662e-09
1.82972e-09
1.44042e-09
1.23515e-09
1.03187e-09
9.03208e-10
7.80234e-10
 6.9574e-10
6.14489e-10
5.55916e-10
4.98905e-10
4.56476e-10
4.14666e-10
3.82839e-10
3.51116e-10
3.26563e-10
3.01828e-10
2.82464e-10
2.62663e-10
2.47503e-10
2.29255e-10
2.16308e-10
 4.9866e-05
3.75329e-05
3.11861e-05
2.66053e-05
2.33602e-05
2.07895e-05
1.87838e-05
1.71129e-05
1.57414e-05
1.45614e-05
1.35612e-05
1.26811e-05
1.19181e-05
1.12355e-05
1.06336e-05
1.00882e-05
9.60084e-06
9.15536e-06
8.75021e-06
8.39043e-06
7.99227e-06
0.000199982
          1
1.02905e-08
7.66223e-09
6.33187e-09
5.38379e-09
4.71453e-09
4.18876e-09
3.77883e-09
3.43937e-09
 3.1606e-09
2.92194e-09
2.71938e-09
2.54192e-09
2.38779e-09
2.25044e-09
 2.1291e-09
2.01954e-09
1.92144e-09
1.83204e-09
1.75062e-09
1.67836e-09
1.59852e-09
