1.65345e-09
8.84125e-10
6.17334e-10
4.42483e-10
3.41974e-10
2.68279e-10
2.19127e-10
1.80504e-10
1.52658e-10
1.29811e-10
1.12471e-10
9.78187e-11
8.62836e-11
7.63217e-11
6.82616e-11
6.11809e-11
5.53283e-11
5.01201e-11
4.57188e-11
4.18772e-11
3.79353e-11
1.98186e-09
1.81053e-09
1.42673e-09
 1.2235e-09
1.02342e-09
8.95319e-10
7.74341e-10
6.90117e-10
 6.1007e-10
5.51709e-10
4.95463e-10
4.53197e-10
4.11911e-10
3.80205e-10
3.48861e-10
3.24397e-10
2.99948e-10
 2.8065e-10
2.61071e-10
2.45959e-10
2.27894e-10
2.15002e-10
 4.9866e-05
3.75329e-05
3.11861e-05
2.66053e-05
2.33602e-05
2.07895e-05
1.87838e-05
1.71129e-05
1.57414e-05
1.45614e-05
1.35612e-05
1.26811e-05
1.19181e-05
1.12355e-05
1.06336e-05
1.00882e-05
9.60084e-06
9.15536e-06
8.75021e-06
8.39043e-06
7.99227e-06
0.000199982
          1
1.02871e-08
 7.6619e-09
6.33108e-09
5.38385e-09
 4.7143e-09
 4.1889e-09
3.77873e-09
3.43953e-09
3.16057e-09
2.92207e-09
2.71939e-09
2.54202e-09
2.38782e-09
2.25053e-09
2.12913e-09
2.01962e-09
1.92147e-09
1.83211e-09
1.75065e-09
1.67842e-09
1.59855e-09
