1.53701e-09
 8.3508e-10
5.85806e-10
4.22264e-10
3.27196e-10
2.57896e-10
2.10682e-10
1.74575e-10
1.46891e-10
1.27212e-10
1.05193e-10
1.78672e-09
1.64443e-09
1.30818e-09
1.12533e-09
 9.4593e-10
8.29489e-10
 7.1957e-10
6.42833e-10
5.68404e-10
5.18245e-10
4.56074e-10
4.14399e-10
4.98562e-05
3.75353e-05
3.11816e-05
2.66087e-05
2.33549e-05
2.07962e-05
1.87724e-05
 1.7133e-05
1.57001e-05
1.46545e-05
 1.3327e-05
0.000199983
          1
1.02598e-08
7.65271e-09
 6.3259e-09
5.38186e-09
4.71223e-09
4.18945e-09
3.77653e-09
3.44324e-09
3.15306e-09
2.94008e-09
2.67263e-09
