1.53978e-09
8.34586e-10
 5.8653e-10
 4.2184e-10
 3.2748e-10
 2.5763e-10
2.10986e-10
1.74199e-10
1.47552e-10
1.25753e-10
1.09047e-10
9.50304e-11
 8.3877e-11
7.43142e-11
6.65032e-11
5.96847e-11
5.40025e-11
 4.8974e-11
4.46935e-11
4.09769e-11
3.71396e-11
1.79125e-09
1.64621e-09
1.30882e-09
1.12695e-09
9.45919e-10
8.30128e-10
7.19726e-10
 6.4291e-10
5.69413e-10
5.15784e-10
4.63986e-10
4.24891e-10
3.86776e-10
3.57309e-10
3.28302e-10
3.05483e-10
2.82807e-10
2.64752e-10
2.46557e-10
2.32383e-10
2.15552e-10
2.03442e-10
 4.9866e-05
3.75329e-05
3.11861e-05
2.66053e-05
2.33602e-05
2.07895e-05
1.87838e-05
1.71129e-05
1.57414e-05
1.45614e-05
1.35612e-05
1.26811e-05
1.19181e-05
1.12355e-05
1.06336e-05
1.00882e-05
9.60084e-06
9.15536e-06
8.75021e-06
8.39043e-06
7.99227e-06
0.000199983
          1
 1.0262e-08
7.65149e-09
6.32736e-09
5.38063e-09
4.71344e-09
4.18777e-09
3.77884e-09
3.43927e-09
3.16086e-09
2.92221e-09
2.71974e-09
 2.5423e-09
 2.3882e-09
2.25085e-09
2.12951e-09
2.01994e-09
1.92183e-09
1.83242e-09
1.75098e-09
1.67872e-09
1.59886e-09
