1.53538e-09
8.35961e-10
5.85505e-10
4.22538e-10
3.27313e-10
2.57843e-10
2.10923e-10
1.74305e-10
1.47615e-10
1.25765e-10
1.09151e-10
 9.5028e-11
8.38972e-11
7.43335e-11
6.65367e-11
5.96763e-11
5.39902e-11
4.89937e-11
4.47079e-11
  4.089e-11
3.76225e-11
3.46456e-11
3.20786e-11
2.97253e-11
2.76719e-11
2.57756e-11
2.41082e-11
2.25618e-11
2.11867e-11
1.99096e-11
1.87623e-11
1.76957e-11
1.67318e-11
 1.5828e-11
1.50098e-11
 1.4241e-11
1.35404e-11
1.28781e-11
1.22746e-11
1.17027e-11
1.11771e-11
1.06784e-11
1.02206e-11
9.78308e-12
9.37978e-12
8.99499e-12
8.63905e-12
8.29766e-12
7.98153e-12
7.67817e-12
7.39625e-12
7.12496e-12
6.87252e-12
6.62922e-12
6.40226e-12
6.18306e-12
5.97842e-12
5.78033e-12
5.59493e-12
5.41542e-12
5.24721e-12
5.08382e-12
4.93057e-12
4.78165e-12
4.64166e-12
4.50542e-12
4.37725e-12
 4.2524e-12
4.13474e-12
4.01995e-12
3.91169e-12
3.80597e-12
3.70612e-12
3.60853e-12
3.51629e-12
3.42601e-12
3.34058e-12
3.25689e-12
3.17766e-12
3.09996e-12
3.02631e-12
2.95404e-12
2.88547e-12
2.81813e-12
2.75419e-12
2.69135e-12
2.63163e-12
2.57289e-12
2.51704e-12
2.46205e-12
2.40973e-12
2.35819e-12
2.30911e-12
2.26073e-12
2.21464e-12
2.16917e-12
2.12582e-12
2.08303e-12
2.04221e-12
2.00193e-12
1.96234e-12
1.78398e-09
1.64345e-09
1.30795e-09
1.12501e-09
9.46018e-10
8.29379e-10
7.19532e-10
6.42491e-10
5.69264e-10
5.15623e-10
4.63944e-10
4.24896e-10
3.86848e-10
3.57269e-10
3.28406e-10
 3.0543e-10
2.82914e-10
2.64699e-10
2.46676e-10
2.32054e-10
2.17328e-10
2.05367e-10
1.93202e-10
1.83249e-10
1.73076e-10
1.64703e-10
1.56085e-10
1.48973e-10
1.41603e-10
1.35498e-10
1.29144e-10
 1.2386e-10
1.18336e-10
1.13732e-10
1.08894e-10
1.04855e-10
1.00592e-10
9.70267e-11
9.32476e-11
9.00843e-11
8.67172e-11
8.38956e-11
8.08804e-11
7.83527e-11
7.56409e-11
7.33664e-11
7.09176e-11
6.88631e-11
6.66431e-11
6.47806e-11
6.27611e-11
 6.1067e-11
5.92239e-11
 5.7678e-11
5.59907e-11
 5.4576e-11
5.30269e-11
5.17288e-11
5.03027e-11
4.91083e-11
4.77924e-11
4.66909e-11
4.54735e-11
4.44554e-11
4.33268e-11
4.23836e-11
4.13351e-11
4.04595e-11
3.94836e-11
3.86692e-11
 3.7759e-11
3.70003e-11
3.61498e-11
3.54416e-11
3.46457e-11
3.39836e-11
3.32375e-11
3.26176e-11
3.19171e-11
3.13357e-11
3.06771e-11
3.01311e-11
2.95111e-11
2.89976e-11
 2.8413e-11
2.79295e-11
2.73776e-11
2.69217e-11
2.64002e-11
2.59698e-11
2.54763e-11
2.50696e-11
2.46021e-11
2.42173e-11
 2.3774e-11
2.34096e-11
2.29886e-11
2.26432e-11
2.22432e-11
2.19156e-11
 2.1526e-11
2.12133e-11
 4.9866e-05
3.75329e-05
3.11861e-05
2.66053e-05
2.33602e-05
2.07895e-05
1.87838e-05
1.71129e-05
1.57414e-05
1.45614e-05
1.35612e-05
1.26811e-05
1.19181e-05
1.12355e-05
1.06336e-05
1.00882e-05
9.60095e-06
 9.1549e-06
8.75227e-06
8.38056e-06
8.04214e-06
7.72752e-06
7.43903e-06
7.16924e-06
6.92035e-06
6.68641e-06
6.46947e-06
6.26465e-06
6.07386e-06
5.89303e-06
5.72392e-06
5.56309e-06
5.41215e-06
5.26817e-06
5.13262e-06
5.00296e-06
4.88056e-06
4.76319e-06
 4.6521e-06
4.54534e-06
4.44407e-06
4.34655e-06
4.25384e-06
4.16441e-06
4.07923e-06
3.99691e-06
3.91837e-06
3.84235e-06
 3.7697e-06
3.69929e-06
3.63189e-06
3.56648e-06
3.50379e-06
3.44287e-06
 3.3844e-06
3.32753e-06
3.27287e-06
3.21964e-06
3.16844e-06
3.11853e-06
3.07046e-06
3.02355e-06
2.97834e-06
2.93418e-06
2.89157e-06
2.84993e-06
2.80971e-06
2.77036e-06
2.73234e-06
2.69511e-06
2.65911e-06
2.62383e-06
2.58968e-06
2.55621e-06
2.52378e-06
2.49198e-06
2.46114e-06
2.43088e-06
2.40153e-06
 2.3727e-06
2.34472e-06
2.31723e-06
2.29054e-06
2.26429e-06
2.23878e-06
 2.2137e-06
2.18931e-06
2.16531e-06
2.14197e-06
2.11899e-06
2.09663e-06
 2.0746e-06
2.05315e-06
2.03202e-06
2.01144e-06
1.99115e-06
1.97138e-06
1.95188e-06
1.93288e-06
1.91414e-06
1.89533e-06
0.000199983
          1
1.02623e-08
7.65244e-09
  6.327e-09
5.38133e-09
4.71335e-09
4.18803e-09
3.77874e-09
3.43938e-09
3.16097e-09
2.92214e-09
2.71998e-09
2.54222e-09
 2.3884e-09
 2.2508e-09
2.12963e-09
2.01988e-09
1.92194e-09
1.83233e-09
1.75141e-09
1.67686e-09
1.60885e-09
1.54584e-09
1.48789e-09
1.43388e-09
1.38392e-09
1.33711e-09
1.29358e-09
1.25262e-09
1.21435e-09
 1.1782e-09
1.14429e-09
1.11214e-09
1.08189e-09
1.05312e-09
1.02595e-09
1.00005e-09
9.75518e-10
9.52074e-10
9.29817e-10
9.08497e-10
8.88211e-10
8.68737e-10
8.50169e-10
8.32312e-10
8.15252e-10
7.98818e-10
 7.8309e-10
7.67915e-10
7.53368e-10
7.39312e-10
7.25819e-10
7.12763e-10
7.00212e-10
6.88052e-10
6.76348e-10
6.64996e-10
6.54056e-10
6.43433e-10
6.33184e-10
6.23222e-10
6.13601e-10
 6.0424e-10
5.95191e-10
5.86378e-10
5.77851e-10
 5.6954e-10
5.61491e-10
 5.5364e-10
 5.4603e-10
5.38602e-10
5.31396e-10
5.24357e-10
5.17524e-10
5.10844e-10
5.04355e-10
4.98008e-10
4.91839e-10
  4.858e-10
4.79926e-10
4.74174e-10
4.68576e-10
 4.6309e-10
4.57748e-10
4.52511e-10
4.47408e-10
4.42402e-10
4.37523e-10
4.32734e-10
4.28063e-10
4.23478e-10
4.19003e-10
4.14608e-10
4.10317e-10
  4.061e-10
4.01982e-10
3.97933e-10
3.93978e-10
3.90087e-10
3.86284e-10
3.82546e-10
3.78782e-10
