9.27496e-10
5.56199e-10
4.02493e-10
3.01685e-10
2.38754e-10
1.92677e-10
1.60006e-10
1.34536e-10
1.15229e-10
9.95305e-11
8.71171e-11
7.67185e-11
6.82429e-11
6.09859e-11
 5.4932e-11
 4.9661e-11
4.51821e-11
4.12332e-11
3.78089e-11
3.48536e-11
 3.1745e-11
8.33311e-10
8.13155e-10
6.88699e-10
6.08328e-10
5.29651e-10
4.72549e-10
4.20075e-10
3.79727e-10
3.42787e-10
3.13345e-10
2.86184e-10
2.64008e-10
2.43351e-10
2.26181e-10
2.10044e-10
1.96441e-10
1.83551e-10
1.72574e-10
1.62039e-10
1.53266e-10
1.43324e-10
 1.3574e-10
 4.9866e-05
3.75329e-05
3.11861e-05
2.66053e-05
2.33602e-05
2.07895e-05
1.87838e-05
1.71129e-05
1.57414e-05
1.45614e-05
1.35612e-05
1.26811e-05
1.19181e-05
1.12355e-05
1.06336e-05
1.00882e-05
9.60084e-06
9.15536e-06
8.75021e-06
8.39043e-06
7.99227e-06
0.000199987
          1
1.01258e-08
7.59601e-09
6.29604e-09
5.36314e-09
4.70275e-09
4.18154e-09
3.77493e-09
3.43721e-09
 3.1599e-09
2.92191e-09
2.72007e-09
2.54284e-09
2.38909e-09
2.25178e-09
2.13064e-09
2.02105e-09
1.92305e-09
1.83359e-09
 1.7522e-09
1.67992e-09
1.60004e-09
