2.06895e-10
1.45828e-10
1.15107e-10
9.35307e-11
7.85762e-11
6.71119e-11
5.83977e-11
5.11111e-11
4.54851e-11
4.05513e-11
3.66898e-11
3.31468e-11
3.02882e-11
2.77265e-11
2.55281e-11
2.35711e-11
2.18442e-11
2.03287e-11
1.89561e-11
 1.7739e-11
1.66232e-11
1.56313e-11
1.47109e-11
1.38913e-11
1.31197e-11
1.24349e-11
1.17787e-11
1.12001e-11
1.06446e-11
1.01448e-11
9.66705e-12
9.23587e-12
8.82376e-12
8.44705e-12
8.08786e-12
7.75617e-12
7.44322e-12
7.15055e-12
6.87211e-12
  6.614e-12
 6.3676e-12
6.13659e-12
5.91689e-12
 5.7103e-12
5.51342e-12
5.32784e-12
5.15068e-12
4.98309e-12
4.82311e-12
4.67138e-12
4.52641e-12
4.38858e-12
4.25664e-12
4.13109e-12
4.01071e-12
3.89588e-12
3.78585e-12
3.68059e-12
3.57961e-12
3.48287e-12
3.38999e-12
3.30093e-12
3.21531e-12
3.13306e-12
3.05396e-12
2.97781e-12
2.90456e-12
2.83404e-12
2.76606e-12
 2.7005e-12
 2.6373e-12
2.57632e-12
2.51749e-12
 2.4606e-12
 2.4057e-12
2.35261e-12
2.30131e-12
2.25164e-12
2.20364e-12
2.15711e-12
2.11212e-12
2.06847e-12
2.02624e-12
1.98524e-12
1.94555e-12
1.90699e-12
1.86963e-12
1.83331e-12
1.79811e-12
1.76387e-12
1.73066e-12
1.69833e-12
1.66697e-12
1.63641e-12
1.60676e-12
1.57785e-12
1.54978e-12
 1.5224e-12
 1.4958e-12
1.46987e-12
1.44392e-12
6.02408e-11
6.84784e-11
6.75072e-11
6.59444e-11
 6.3066e-11
6.02135e-11
5.73576e-11
5.46951e-11
  5.203e-11
4.96447e-11
4.73017e-11
4.52536e-11
4.32138e-11
4.14096e-11
3.96514e-11
 3.8035e-11
3.65264e-11
3.51132e-11
3.37936e-11
3.25383e-11
3.13729e-11
3.02827e-11
2.92278e-11
2.82765e-11
2.73291e-11
2.64705e-11
2.56337e-11
2.48515e-11
 2.4104e-11
2.33931e-11
 2.2721e-11
2.20737e-11
2.14636e-11
2.08755e-11
2.03194e-11
1.97809e-11
1.92728e-11
1.87802e-11
1.83138e-11
  1.786e-11
1.74313e-11
1.70136e-11
1.66178e-11
1.62314e-11
1.58653e-11
1.55076e-11
1.51679e-11
1.48358e-11
  1.452e-11
 1.4211e-11
1.39168e-11
1.36286e-11
1.33541e-11
1.30848e-11
 1.2828e-11
1.25761e-11
1.23355e-11
1.20992e-11
1.18734e-11
1.16515e-11
1.14392e-11
1.12306e-11
1.10307e-11
1.08341e-11
1.06457e-11
1.04603e-11
1.02824e-11
1.01072e-11
9.93907e-12
9.77339e-12
9.61419e-12
9.45732e-12
9.30645e-12
 9.1577e-12
9.01457e-12
 8.8734e-12
8.73744e-12
8.60329e-12
8.47403e-12
8.34644e-12
 8.2234e-12
8.10193e-12
7.98471e-12
7.86894e-12
7.75717e-12
7.64674e-12
7.54006e-12
7.43463e-12
7.33273e-12
7.23199e-12
7.13457e-12
7.03823e-12
6.94502e-12
6.85281e-12
6.76356e-12
6.67525e-12
6.58972e-12
6.50508e-12
6.42307e-12
6.34195e-12
  6.261e-12
6.18312e-12
 4.9866e-05
3.75329e-05
3.11861e-05
2.66053e-05
2.33602e-05
2.07895e-05
1.87838e-05
1.71129e-05
1.57414e-05
1.45614e-05
1.35612e-05
1.26811e-05
1.19181e-05
1.12355e-05
1.06336e-05
1.00882e-05
9.60095e-06
 9.1549e-06
8.75227e-06
8.38056e-06
8.04214e-06
7.72752e-06
7.43903e-06
7.16924e-06
6.92035e-06
6.68641e-06
6.46947e-06
6.26465e-06
6.07386e-06
5.89303e-06
5.72392e-06
5.56309e-06
5.41215e-06
5.26817e-06
5.13262e-06
5.00296e-06
4.88056e-06
4.76319e-06
 4.6521e-06
4.54534e-06
4.44407e-06
4.34655e-06
4.25384e-06
4.16441e-06
4.07923e-06
3.99691e-06
3.91837e-06
3.84235e-06
 3.7697e-06
3.69929e-06
3.63189e-06
3.56648e-06
3.50379e-06
3.44287e-06
 3.3844e-06
3.32753e-06
3.27287e-06
3.21964e-06
3.16844e-06
3.11853e-06
3.07046e-06
3.02355e-06
2.97834e-06
2.93418e-06
2.89157e-06
2.84993e-06
2.80971e-06
2.77036e-06
2.73234e-06
2.69511e-06
2.65911e-06
2.62383e-06
2.58968e-06
2.55621e-06
2.52378e-06
2.49198e-06
2.46114e-06
2.43088e-06
2.40153e-06
 2.3727e-06
2.34472e-06
2.31723e-06
2.29054e-06
2.26429e-06
2.23878e-06
 2.2137e-06
2.18931e-06
2.16531e-06
2.14197e-06
2.11899e-06
2.09663e-06
 2.0746e-06
2.05315e-06
2.03202e-06
2.01144e-06
1.99115e-06
1.97138e-06
1.95188e-06
1.93288e-06
1.91414e-06
1.89533e-06
 0.00019999
          1
9.98677e-09
7.51749e-09
6.24485e-09
5.32769e-09
4.67762e-09
4.16204e-09
3.76088e-09
3.42554e-09
3.15132e-09
2.91447e-09
2.71447e-09
2.53791e-09
2.38537e-09
2.24853e-09
2.12806e-09
2.01881e-09
1.92124e-09
1.83196e-09
1.75132e-09
1.67688e-09
1.60914e-09
1.54614e-09
1.48842e-09
1.43438e-09
1.38457e-09
1.33775e-09
1.29431e-09
1.25333e-09
1.21512e-09
1.17895e-09
1.14508e-09
1.11291e-09
1.08269e-09
1.05389e-09
1.02674e-09
1.00081e-09
9.76303e-10
9.52829e-10
9.30585e-10
9.09234e-10
8.88957e-10
8.69454e-10
8.50892e-10
8.33007e-10
8.15953e-10
7.99491e-10
7.83766e-10
7.68564e-10
 7.5402e-10
7.39939e-10
7.26447e-10
7.13367e-10
7.00817e-10
6.88635e-10
6.76931e-10
6.65557e-10
6.54617e-10
6.43973e-10
6.33724e-10
6.23742e-10
6.14121e-10
6.04742e-10
5.95692e-10
5.86862e-10
5.78334e-10
5.70006e-10
5.61956e-10
5.54089e-10
5.46479e-10
5.39035e-10
5.31828e-10
5.24775e-10
5.17941e-10
5.11248e-10
5.04758e-10
4.98398e-10
4.92228e-10
4.86177e-10
4.80302e-10
4.74538e-10
4.68939e-10
4.63442e-10
4.58099e-10
4.52851e-10
4.47748e-10
4.42732e-10
4.37852e-10
4.33053e-10
4.28382e-10
4.23787e-10
4.19312e-10
4.14907e-10
4.10616e-10
4.06391e-10
4.02272e-10
3.98215e-10
3.94259e-10
3.90361e-10
3.86557e-10
3.82812e-10
3.79047e-10
