2.06834e-10
  1.458e-10
1.15089e-10
9.35196e-11
7.85734e-11
6.70828e-11
5.83005e-11
5.11668e-11
4.54525e-11
4.06412e-11
3.66573e-11
3.32269e-11
3.03154e-11
2.77659e-11
2.55622e-11
2.36063e-11
2.18914e-11
2.03545e-11
1.89824e-11
1.77853e-11
1.64871e-11
6.00133e-11
6.82396e-11
6.75203e-11
6.58127e-11
6.29848e-11
 6.0238e-11
5.73254e-11
5.46562e-11
 5.2012e-11
4.96268e-11
 4.7315e-11
4.52247e-11
4.32184e-11
4.13969e-11
3.96525e-11
3.80625e-11
3.65395e-11
 3.5146e-11
3.38053e-11
3.26004e-11
3.12801e-11
3.01394e-11
 4.9866e-05
3.75329e-05
3.11861e-05
2.66053e-05
2.33602e-05
2.07895e-05
1.87838e-05
1.71129e-05
1.57414e-05
1.45614e-05
1.35612e-05
1.26811e-05
1.19181e-05
1.12355e-05
1.06336e-05
1.00882e-05
9.60084e-06
9.15536e-06
8.75021e-06
8.39043e-06
7.99227e-06
 0.00019999
          1
9.98731e-09
7.51719e-09
6.24539e-09
5.32761e-09
4.67739e-09
4.16235e-09
3.76053e-09
3.42579e-09
3.15103e-09
2.91469e-09
2.71433e-09
2.53808e-09
2.38525e-09
2.24856e-09
2.12802e-09
2.01881e-09
1.92123e-09
1.83203e-09
1.75091e-09
1.67887e-09
1.59917e-09
