2.06785e-10
1.45816e-10
1.15065e-10
9.35264e-11
7.85654e-11
6.71043e-11
5.82513e-11
5.12539e-11
 4.5282e-11
4.10131e-11
3.57362e-11
5.99969e-11
6.82361e-11
6.75192e-11
6.58049e-11
6.29846e-11
6.02345e-11
5.73351e-11
5.46322e-11
5.20467e-11
4.95821e-11
4.73168e-11
4.46298e-11
4.98562e-05
3.75353e-05
3.11816e-05
2.66087e-05
2.33549e-05
2.07962e-05
1.87724e-05
 1.7133e-05
1.57001e-05
1.46545e-05
 1.3327e-05
 0.00019999
          1
9.98535e-09
7.51769e-09
6.24448e-09
5.32829e-09
4.67632e-09
 4.1637e-09
3.75822e-09
3.42981e-09
3.14276e-09
2.93332e-09
2.66744e-09
