-1.75249e-11
  4.6958e-11
 2.90087e-11
 3.93542e-11
 2.99889e-11
 3.32768e-11
 2.72413e-11
 2.84679e-11
 2.41984e-11
   2.461e-11
  2.1457e-11
-1.69587e-10
-9.60625e-12
 5.33338e-12
 2.82756e-11
 3.42656e-11
  4.0146e-11
 4.28913e-11
 4.40391e-11
 4.52462e-11
 4.47513e-11
 4.50992e-11
 4.39202e-11
 8.85474e-06
 9.55724e-06
 8.66238e-06
 8.70032e-06
  8.0303e-06
 7.99157e-06
 7.43771e-06
 7.39526e-06
 6.91267e-06
 6.88698e-06
 6.44958e-06
 0.000199993
           1
 1.83488e-09
 1.94813e-09
 1.75818e-09
 1.76068e-09
 1.62181e-09
 1.61214e-09
 1.49853e-09
 1.48919e-09
 1.39072e-09
 1.38524e-09
 1.29627e-09
