5.42897e-11
4.83536e-11
4.38804e-11
3.98027e-11
 3.6652e-11
3.33926e-11
 3.1005e-11
2.85045e-11
2.66077e-11
 2.4594e-11
2.31371e-11
2.14351e-11
2.02955e-11
1.88876e-11
 1.7928e-11
1.67719e-11
1.59785e-11
1.49751e-11
 1.4331e-11
1.34775e-11
1.29023e-11
1.22066e-11
1.16794e-11
1.11042e-11
1.06253e-11
1.01436e-11
9.71213e-12
9.29806e-12
8.91514e-12
8.55444e-12
8.21131e-12
7.89529e-12
7.59368e-12
7.30336e-12
7.04596e-12
6.77802e-12
6.55064e-12
6.31174e-12
6.10317e-12
5.89361e-12
5.69956e-12
5.51474e-12
5.33684e-12
5.16913e-12
5.00896e-12
4.85502e-12
4.70961e-12
4.56958e-12
4.43584e-12
 4.3087e-12
4.18537e-12
4.06928e-12
3.95585e-12
3.84905e-12
3.74479e-12
3.64625e-12
3.55007e-12
3.45908e-12
3.37024e-12
3.28591e-12
3.20368e-12
3.12544e-12
3.04916e-12
2.97648e-12
2.90554e-12
2.83784e-12
2.77187e-12
 2.7087e-12
2.64716e-12
2.58817e-12
2.53069e-12
2.47551e-12
2.42171e-12
2.37005e-12
2.31961e-12
2.27117e-12
2.22385e-12
2.17834e-12
2.13389e-12
2.09107e-12
2.04928e-12
2.00895e-12
1.96959e-12
1.93156e-12
1.89445e-12
1.85856e-12
1.82352e-12
1.78962e-12
 1.7565e-12
1.72443e-12
 1.6931e-12
1.66274e-12
1.63307e-12
 1.6043e-12
1.57617e-12
1.54888e-12
1.52219e-12
1.49629e-12
1.47086e-12
1.44676e-12
 1.4192e-12
9.82778e-11
9.35876e-11
8.89804e-11
8.50593e-11
8.10673e-11
7.76548e-11
7.40841e-11
7.11739e-11
 6.7915e-11
6.55824e-11
6.25097e-11
6.05448e-11
5.78365e-11
5.60834e-11
5.36365e-11
5.21642e-11
4.99049e-11
4.86215e-11
4.66099e-11
4.54295e-11
4.36478e-11
4.25604e-11
 4.0987e-11
3.99501e-11
3.85926e-11
3.75835e-11
 3.6407e-11
3.54462e-11
3.43993e-11
3.35097e-11
3.25563e-11
3.17372e-11
 3.0871e-11
3.01085e-11
2.93188e-11
2.86132e-11
2.78869e-11
2.72329e-11
2.65647e-11
2.59566e-11
2.53397e-11
2.47736e-11
2.42029e-11
2.36749e-11
2.31458e-11
2.26521e-11
2.21605e-11
2.16989e-11
2.12402e-11
2.08089e-11
2.03795e-11
1.99756e-11
1.95738e-11
1.91943e-11
1.88177e-11
1.84611e-11
1.81072e-11
1.77716e-11
1.74388e-11
1.71225e-11
 1.6809e-11
1.65105e-11
1.62147e-11
1.59327e-11
1.56534e-11
1.53866e-11
1.51225e-11
1.48699e-11
1.46198e-11
1.43803e-11
1.41432e-11
 1.3916e-11
 1.3691e-11
1.34752e-11
1.32614e-11
1.30562e-11
 1.2853e-11
1.26577e-11
1.24643e-11
1.22783e-11
 1.2094e-11
1.19166e-11
1.17409e-11
1.15717e-11
 1.1404e-11
1.12424e-11
1.10823e-11
1.09279e-11
1.07748e-11
1.06271e-11
1.04806e-11
1.03393e-11
1.01991e-11
1.00637e-11
9.92939e-12
9.79961e-12
9.67087e-12
9.54646e-12
9.42258e-12
9.30566e-12
 9.1703e-12
9.05631e-12
      1e-05
9.49998e-06
9.04986e-06
8.64219e-06
8.27098e-06
7.93138e-06
7.61938e-06
7.33165e-06
7.06539e-06
6.81822e-06
6.58811e-06
6.37332e-06
6.17234e-06
5.98385e-06
5.80671e-06
5.63989e-06
5.48253e-06
5.33381e-06
5.19303e-06
5.05958e-06
4.93288e-06
4.81243e-06
4.69778e-06
 4.5885e-06
4.48423e-06
4.38463e-06
4.28939e-06
4.19822e-06
4.11087e-06
 4.0271e-06
 3.9467e-06
3.86945e-06
3.79519e-06
3.72373e-06
3.65493e-06
3.58863e-06
 3.5247e-06
3.46302e-06
3.40347e-06
3.34593e-06
3.29031e-06
3.23651e-06
3.18445e-06
3.13404e-06
 3.0852e-06
3.03787e-06
2.99196e-06
2.94743e-06
 2.9042e-06
2.86222e-06
2.82144e-06
 2.7818e-06
2.74326e-06
2.70578e-06
2.66931e-06
 2.6338e-06
2.59923e-06
2.56556e-06
2.53274e-06
2.50075e-06
2.46956e-06
2.43914e-06
2.40946e-06
2.38049e-06
 2.3522e-06
2.32458e-06
 2.2976e-06
2.27124e-06
2.24548e-06
2.22029e-06
2.19566e-06
2.17157e-06
  2.148e-06
2.12493e-06
2.10236e-06
2.08026e-06
2.05861e-06
2.03741e-06
2.01665e-06
 1.9963e-06
1.97635e-06
 1.9568e-06
1.93763e-06
1.91883e-06
1.90039e-06
1.88231e-06
1.86456e-06
1.84714e-06
1.83004e-06
1.81326e-06
1.79677e-06
1.78059e-06
1.76469e-06
1.74907e-06
1.73373e-06
1.71865e-06
1.70383e-06
1.68927e-06
 1.6749e-06
1.66113e-06
1.64526e-06
0.000199988
          1
1.99963e-09
1.90248e-09
1.81083e-09
1.73023e-09
1.65517e-09
1.58764e-09
1.52476e-09
1.46736e-09
 1.4138e-09
1.36447e-09
1.31823e-09
1.27533e-09
1.23494e-09
1.19733e-09
1.16174e-09
1.12843e-09
1.09682e-09
1.06715e-09
1.03886e-09
1.01223e-09
9.86794e-10
9.62731e-10
9.39737e-10
9.17899e-10
8.96997e-10
8.77081e-10
8.58009e-10
8.39755e-10
8.22292e-10
8.05499e-10
7.89436e-10
7.73949e-10
7.59117e-10
7.44785e-10
7.31051e-10
 7.1775e-10
7.04991e-10
6.92616e-10
6.80731e-10
6.69187e-10
6.58089e-10
6.47294e-10
6.36907e-10
6.26794e-10
6.17047e-10
6.07555e-10
 5.9839e-10
5.89462e-10
 5.8083e-10
5.72416e-10
5.64273e-10
5.56328e-10
5.48633e-10
5.41121e-10
5.33838e-10
5.26723e-10
5.19819e-10
5.13071e-10
5.06517e-10
5.00108e-10
4.93879e-10
4.87783e-10
4.81855e-10
4.76051e-10
4.70402e-10
4.64869e-10
4.59481e-10
  4.542e-10
4.49054e-10
4.44008e-10
4.39089e-10
4.34263e-10
4.29556e-10
4.24936e-10
4.20427e-10
   4.16e-10
4.11677e-10
4.07431e-10
4.03283e-10
3.99207e-10
3.95223e-10
3.91308e-10
3.87479e-10
3.83714e-10
3.80031e-10
3.76409e-10
3.72863e-10
3.69375e-10
 3.6596e-10
3.62599e-10
3.59306e-10
3.56066e-10
 3.5289e-10
3.49763e-10
3.46697e-10
3.43678e-10
3.40718e-10
3.37802e-10
3.34932e-10
3.32174e-10
3.29002e-10
