 3.1131e-11
4.82832e-11
3.90448e-11
3.99324e-11
 3.4342e-11
 3.3602e-11
2.96443e-11
2.86942e-11
2.56797e-11
2.48091e-11
 2.2406e-11
2.16792e-11
1.96963e-11
1.91207e-11
1.74344e-11
1.70043e-11
1.55264e-11
 1.5237e-11
1.38987e-11
1.37514e-11
1.24927e-11
 1.0411e-11
6.06993e-11
6.18633e-11
6.69187e-11
6.59946e-11
6.56243e-11
6.41305e-11
 6.2429e-11
6.07919e-11
5.87667e-11
5.71303e-11
5.51206e-11
5.35256e-11
5.16719e-11
 5.0108e-11
4.84902e-11
4.69087e-11
4.56037e-11
4.39102e-11
4.30344e-11
4.10576e-11
3.96082e-11
9.69844e-06
9.51505e-06
8.94783e-06
 8.6575e-06
8.20761e-06
7.94723e-06
7.57155e-06
 7.3484e-06
7.02518e-06
6.83632e-06
6.55163e-06
 6.3934e-06
6.13708e-06
 6.0068e-06
5.77051e-06
5.66708e-06
5.44298e-06
5.36749e-06
5.14675e-06
5.10368e-06
4.87425e-06
 0.00019999
          1
1.96366e-09
 1.9163e-09
1.79959e-09
1.73922e-09
1.64786e-09
1.59472e-09
1.51883e-09
1.47358e-09
1.40847e-09
1.37028e-09
1.31303e-09
1.28108e-09
1.22961e-09
1.20331e-09
1.15592e-09
1.13503e-09
1.09012e-09
1.07485e-09
1.03063e-09
 1.0219e-09
9.75903e-10
