3.08768e-11
4.82656e-11
3.89575e-11
3.99111e-11
3.42882e-11
3.35814e-11
2.96075e-11
2.86742e-11
2.56537e-11
2.47904e-11
2.23863e-11
2.16629e-11
1.96801e-11
1.91075e-11
1.74198e-11
1.69941e-11
 1.5513e-11
1.52289e-11
1.38872e-11
1.37436e-11
1.24842e-11
9.37299e-12
 6.0338e-11
6.14846e-11
6.66687e-11
6.57444e-11
6.54286e-11
 6.3937e-11
6.22685e-11
6.06308e-11
5.86324e-11
5.69895e-11
 5.5008e-11
5.33983e-11
5.15773e-11
4.99915e-11
4.84084e-11
4.68041e-11
4.55282e-11
4.38201e-11
4.29602e-11
4.09828e-11
  3.954e-11
9.69844e-06
9.51505e-06
8.94783e-06
 8.6575e-06
8.20761e-06
7.94723e-06
7.57155e-06
 7.3484e-06
7.02518e-06
6.83632e-06
6.55163e-06
 6.3934e-06
6.13708e-06
 6.0068e-06
5.77051e-06
5.66708e-06
5.44298e-06
5.36749e-06
5.14675e-06
5.10368e-06
4.87425e-06
 0.00019999
          1
1.96365e-09
1.91645e-09
1.79959e-09
1.73931e-09
1.64785e-09
1.59478e-09
1.51882e-09
1.47363e-09
1.40845e-09
1.37032e-09
1.31302e-09
1.28112e-09
1.22958e-09
1.20336e-09
1.15588e-09
1.13508e-09
1.09009e-09
1.07489e-09
1.03061e-09
1.02192e-09
9.75903e-10
