-1.72286e-11
 4.69606e-11
 2.90346e-11
 3.93382e-11
 2.99832e-11
 3.32585e-11
 2.72288e-11
 2.84509e-11
 2.41848e-11
  2.4595e-11
 2.14439e-11
-1.68308e-10
-9.03917e-12
 5.71429e-12
 2.85385e-11
 3.44472e-11
 4.02885e-11
 4.29883e-11
 4.41212e-11
  4.5299e-11
 4.47995e-11
 4.51263e-11
 4.39377e-11
 8.85474e-06
 9.55724e-06
 8.66238e-06
 8.70032e-06
  8.0303e-06
 7.99157e-06
 7.43771e-06
 7.39526e-06
 6.91267e-06
 6.88698e-06
 6.44958e-06
 0.000199993
           1
 1.83462e-09
 1.94796e-09
 1.75806e-09
 1.76058e-09
 1.62173e-09
 1.61208e-09
 1.49848e-09
 1.48914e-09
 1.39069e-09
  1.3852e-09
 1.29624e-09
