5.04381e-11
4.85971e-11
4.29629e-11
4.00728e-11
3.61067e-11
3.36369e-11
3.06882e-11
2.86422e-11
2.64274e-11
2.46649e-11
2.29954e-11
2.14942e-11
2.01967e-11
1.89243e-11
  1.785e-11
1.68045e-11
1.59049e-11
1.50223e-11
1.42496e-11
1.35192e-11
1.28528e-11
1.22144e-11
1.16574e-11
1.11053e-11
1.05993e-11
1.01573e-11
9.67665e-12
9.31995e-12
 8.8783e-12
8.57434e-12
8.18282e-12
7.90802e-12
7.57066e-12
7.31572e-12
7.02299e-12
6.79059e-12
6.52995e-12
6.32157e-12
6.08735e-12
5.89885e-12
5.68863e-12
5.51719e-12
5.32814e-12
 5.1709e-12
5.00141e-12
4.85613e-12
4.70333e-12
4.57009e-12
 4.4304e-12
4.30885e-12
4.18077e-12
4.06904e-12
3.95193e-12
3.84854e-12
3.74141e-12
3.64561e-12
3.54708e-12
 3.4584e-12
3.36751e-12
3.28522e-12
 3.2012e-12
3.12479e-12
3.04689e-12
2.97579e-12
2.90348e-12
 2.8372e-12
2.76994e-12
2.70807e-12
 2.6454e-12
2.58755e-12
2.52905e-12
 2.4749e-12
2.42022e-12
2.36944e-12
2.31825e-12
2.27057e-12
2.22258e-12
2.17776e-12
2.13271e-12
2.09052e-12
2.04816e-12
2.00842e-12
1.96854e-12
1.93106e-12
1.89347e-12
1.85808e-12
 1.8226e-12
1.78915e-12
1.75564e-12
1.72398e-12
1.69229e-12
1.66231e-12
 1.6323e-12
1.60388e-12
1.57545e-12
1.54848e-12
1.52151e-12
 1.4959e-12
1.47022e-12
1.44638e-12
1.41862e-12
8.27476e-11
8.82855e-11
8.44736e-11
  8.211e-11
 7.8549e-11
7.54751e-11
7.26068e-11
6.95254e-11
6.69422e-11
6.42417e-11
6.18437e-11
5.94156e-11
5.73036e-11
5.51967e-11
5.31903e-11
5.13767e-11
  4.959e-11
4.79149e-11
4.63443e-11
4.48286e-11
4.34104e-11
4.20401e-11
4.07644e-11
3.95208e-11
3.83539e-11
3.72417e-11
3.61665e-11
3.51471e-11
3.41951e-11
3.32158e-11
3.23959e-11
3.14548e-11
3.07294e-11
2.98538e-11
2.91835e-11
2.83871e-11
2.77554e-11
2.70312e-11
2.64389e-11
2.57727e-11
2.52227e-11
2.46031e-11
2.40949e-11
2.35163e-11
2.30446e-11
2.25055e-11
2.20648e-11
 2.1563e-11
2.11502e-11
2.06816e-11
2.02953e-11
1.98561e-11
1.94944e-11
1.90824e-11
1.87425e-11
1.83559e-11
1.80361e-11
1.76726e-11
1.73713e-11
1.70291e-11
1.67448e-11
1.64223e-11
1.61537e-11
1.58492e-11
1.55953e-11
1.53075e-11
1.50671e-11
1.47947e-11
1.45669e-11
1.43089e-11
1.40927e-11
 1.3848e-11
1.36427e-11
1.34104e-11
1.32152e-11
1.29944e-11
1.28087e-11
1.25986e-11
1.24218e-11
1.22218e-11
1.20532e-11
1.18625e-11
1.17017e-11
1.15199e-11
1.13663e-11
1.11927e-11
 1.1046e-11
1.08801e-11
1.07398e-11
1.05812e-11
 1.0447e-11
1.02952e-11
1.01666e-11
1.00213e-11
9.89805e-12
9.75875e-12
 9.6406e-12
9.50709e-12
9.39331e-12
9.26785e-12
9.14095e-12
9.02089e-12
      1e-05
9.49998e-06
9.04986e-06
8.64219e-06
8.27098e-06
7.93138e-06
7.61938e-06
7.33165e-06
7.06539e-06
6.81822e-06
6.58811e-06
6.37332e-06
6.17234e-06
5.98385e-06
5.80671e-06
5.63989e-06
5.48253e-06
5.33381e-06
5.19303e-06
5.05958e-06
4.93288e-06
4.81243e-06
4.69778e-06
 4.5885e-06
4.48423e-06
4.38463e-06
4.28939e-06
4.19822e-06
4.11087e-06
 4.0271e-06
 3.9467e-06
3.86945e-06
3.79519e-06
3.72373e-06
3.65493e-06
3.58863e-06
 3.5247e-06
3.46302e-06
3.40347e-06
3.34593e-06
3.29031e-06
3.23651e-06
3.18445e-06
3.13404e-06
 3.0852e-06
3.03787e-06
2.99196e-06
2.94743e-06
 2.9042e-06
2.86222e-06
2.82144e-06
 2.7818e-06
2.74326e-06
2.70578e-06
2.66931e-06
 2.6338e-06
2.59923e-06
2.56556e-06
2.53274e-06
2.50075e-06
2.46956e-06
2.43914e-06
2.40946e-06
2.38049e-06
 2.3522e-06
2.32458e-06
 2.2976e-06
2.27124e-06
2.24548e-06
2.22029e-06
2.19566e-06
2.17157e-06
  2.148e-06
2.12493e-06
2.10236e-06
2.08026e-06
2.05861e-06
2.03741e-06
2.01665e-06
 1.9963e-06
1.97635e-06
 1.9568e-06
1.93763e-06
1.91883e-06
1.90039e-06
1.88231e-06
1.86456e-06
1.84714e-06
1.83004e-06
1.81326e-06
1.79677e-06
1.78059e-06
1.76469e-06
1.74907e-06
1.73373e-06
1.71865e-06
1.70383e-06
1.68927e-06
 1.6749e-06
1.66113e-06
1.64526e-06
0.000199988
          1
2.00618e-09
1.90416e-09
1.81321e-09
1.73106e-09
1.65642e-09
1.58814e-09
1.52565e-09
 1.4677e-09
1.41453e-09
1.36472e-09
1.31875e-09
1.27554e-09
1.23539e-09
 1.1975e-09
1.16206e-09
1.12862e-09
1.09707e-09
1.06731e-09
1.03906e-09
1.01239e-09
9.86944e-10
9.62892e-10
9.39858e-10
9.18043e-10
8.97103e-10
8.77209e-10
8.58102e-10
8.39876e-10
8.22366e-10
8.05616e-10
7.89502e-10
 7.7405e-10
7.59181e-10
7.44875e-10
7.31109e-10
7.17834e-10
 7.0504e-10
6.92699e-10
6.80768e-10
 6.6927e-10
6.58119e-10
6.47373e-10
6.36934e-10
6.26866e-10
6.17074e-10
 6.0762e-10
5.98417e-10
5.89522e-10
5.80855e-10
5.72472e-10
5.64296e-10
5.56381e-10
5.48656e-10
5.41169e-10
 5.3386e-10
5.26768e-10
 5.1984e-10
5.13113e-10
5.06537e-10
5.00147e-10
4.93898e-10
 4.8782e-10
4.81873e-10
4.76086e-10
 4.7042e-10
4.64902e-10
4.59497e-10
4.54231e-10
 4.4907e-10
4.44038e-10
4.39104e-10
4.34291e-10
 4.2957e-10
4.24963e-10
4.20441e-10
4.16025e-10
4.11691e-10
4.07455e-10
4.03296e-10
 3.9923e-10
3.95236e-10
 3.9133e-10
3.87491e-10
3.83735e-10
3.80043e-10
3.76429e-10
3.72874e-10
3.69394e-10
3.65971e-10
3.62617e-10
3.59317e-10
3.56083e-10
  3.529e-10
 3.4978e-10
3.46707e-10
3.43695e-10
3.40727e-10
3.37818e-10
3.34941e-10
3.32189e-10
3.29012e-10
