 2.16805e-08
 2.35247e-09
 3.65524e-09
 9.46985e-10
 1.39232e-09
  5.0221e-10
 7.08439e-10
 3.08081e-10
 4.20854e-10
 2.07036e-10
 2.75582e-10
 1.48088e-10
 1.92845e-10
 1.10843e-10
 1.41739e-10
  8.5903e-11
  1.0814e-10
 6.84248e-11
 8.49671e-11
 5.57164e-11
  6.8366e-11
 4.62081e-11
 5.60944e-11
 3.89155e-11
 4.67892e-11
 3.31961e-11
 3.95749e-11
 2.86382e-11
 3.38771e-11
 2.49496e-11
 2.93043e-11
 2.19207e-11
 2.55816e-11
 1.94072e-11
 2.25125e-11
 1.72962e-11
 1.99556e-11
 1.55099e-11
 1.78028e-11
 1.39827e-11
 1.59751e-11
 1.26688e-11
 1.44103e-11
 1.15296e-11
 1.30612e-11
 1.05363e-11
 1.18902e-11
 9.66459e-12
 1.08674e-11
 8.89589e-12
  9.9693e-12
 8.21466e-12
 9.17652e-12
 7.60789e-12
 8.47337e-12
 7.06552e-12
 7.84692e-12
 6.57861e-12
 7.28658e-12
    6.14e-12
 6.78341e-12
 5.74341e-12
 6.32996e-12
 5.38374e-12
 5.91993e-12
 5.05661e-12
 5.54801e-12
 4.75816e-12
 5.20968e-12
 4.48518e-12
 4.90102e-12
 4.23488e-12
 4.61866e-12
  4.0048e-12
 4.35979e-12
 3.79282e-12
 4.12183e-12
 3.59716e-12
 3.90263e-12
 3.41612e-12
 3.70029e-12
 3.24835e-12
 3.51312e-12
 3.09254e-12
 3.33966e-12
 2.94761e-12
 3.17861e-12
 2.81257e-12
 3.02883e-12
 2.68655e-12
 2.88929e-12
 2.56875e-12
 2.75908e-12
 2.45849e-12
 2.63741e-12
 2.35514e-12
 2.52353e-12
 2.25813e-12
 2.41681e-12
 2.16696e-12
 2.31667e-12
-1.09535e-13
 1.72755e-08
 2.34699e-09
 7.96121e-09
 1.71792e-09
 4.66799e-09
 1.26022e-09
 3.10012e-09
 9.60046e-10
 2.22292e-09
 7.56869e-10
 1.67938e-09
 6.13437e-10
 1.31768e-09
 5.08347e-10
 1.06405e-09
 4.28981e-10
 8.78885e-10
 3.67467e-10
 7.39301e-10
  3.1875e-10
 6.31309e-10
 2.79469e-10
 5.45929e-10
  2.4729e-10
  4.7719e-10
 2.20573e-10
 4.20979e-10
 1.98124e-10
 3.74389e-10
 1.79064e-10
 3.35317e-10
 1.62733e-10
 3.02208e-10
 1.48623e-10
 2.73892e-10
 1.36341e-10
 2.49476e-10
 1.25579e-10
 2.28266e-10
 1.16091e-10
 2.09717e-10
  1.0768e-10
 1.93396e-10
 1.00185e-10
 1.78956e-10
 9.34767e-11
 1.66115e-10
 8.74454e-11
 1.54642e-10
 8.20017e-11
 1.44348e-10
   7.707e-11
 1.35073e-10
 7.25869e-11
 1.26687e-10
 6.84986e-11
 1.19077e-10
 6.47591e-11
 1.12149e-10
 6.13291e-11
 1.05824e-10
 5.81746e-11
 1.00033e-10
 5.52665e-11
 9.47155e-11
 5.25792e-11
 8.98215e-11
 5.00904e-11
 8.53066e-11
 4.77808e-11
  8.1132e-11
 4.56332e-11
 7.72639e-11
 4.36325e-11
 7.36728e-11
 4.17653e-11
 7.03324e-11
 4.00198e-11
 6.72196e-11
 3.83855e-11
  6.4314e-11
 3.68529e-11
 6.15973e-11
 3.54136e-11
 5.90533e-11
 3.40601e-11
 5.66676e-11
 3.27855e-11
  5.4427e-11
 3.15837e-11
 5.23199e-11
 3.04491e-11
 5.03358e-11
 2.93768e-11
 4.84651e-11
 2.83621e-11
 4.66993e-11
  2.7401e-11
 4.50306e-11
 2.64897e-11
 4.34519e-11
  0.00019999
 6.66567e-05
 6.66567e-05
   3.999e-05
   3.999e-05
 2.85614e-05
 2.85614e-05
 2.22122e-05
 2.22122e-05
 1.81718e-05
 1.81718e-05
 1.53746e-05
 1.53746e-05
 1.33233e-05
 1.33233e-05
 1.17547e-05
 1.17547e-05
 1.05163e-05
 1.05163e-05
 9.51381e-06
 9.51381e-06
 8.68565e-06
 8.68565e-06
    7.99e-06
    7.99e-06
 7.39741e-06
 7.39741e-06
 6.88655e-06
 6.88655e-06
 6.44161e-06
 6.44161e-06
 6.05061e-06
 6.05061e-06
 5.70429e-06
 5.70429e-06
 5.39541e-06
 5.39541e-06
 5.11821e-06
 5.11821e-06
 4.86805e-06
 4.86805e-06
 4.64116e-06
 4.64116e-06
 4.43444e-06
 4.43444e-06
 4.24532e-06
 4.24532e-06
 4.07163e-06
 4.07163e-06
 3.91157e-06
 3.91157e-06
 3.76358e-06
 3.76358e-06
 3.62636e-06
 3.62636e-06
 3.49877e-06
 3.49877e-06
 3.37983e-06
 3.37983e-06
 3.26869e-06
 3.26869e-06
  3.1646e-06
  3.1646e-06
 3.06692e-06
 3.06692e-06
 2.97507e-06
 2.97507e-06
 2.88855e-06
 2.88855e-06
  2.8069e-06
  2.8069e-06
 2.72973e-06
 2.72973e-06
 2.65667e-06
 2.65667e-06
  2.5874e-06
  2.5874e-06
 2.52165e-06
 2.52165e-06
 2.45914e-06
 2.45914e-06
 2.39964e-06
 2.39964e-06
 2.34294e-06
 2.34294e-06
 2.28885e-06
 2.28885e-06
 2.23719e-06
 2.23719e-06
  2.1878e-06
  2.1878e-06
 2.14054e-06
 2.14054e-06
 2.09526e-06
 2.09526e-06
 2.05186e-06
 2.05186e-06
  2.0102e-06
  2.0102e-06
  1.9702e-06
  1.9702e-06
  0.00019999
           1
 4.86335e-08
 1.42092e-08
 1.43703e-08
  8.3071e-09
 8.26736e-09
 5.85763e-09
 5.79606e-09
  4.5221e-09
 4.46538e-09
 3.68257e-09
 3.63408e-09
 3.10614e-09
 3.06535e-09
 2.68592e-09
 2.65154e-09
 2.36598e-09
 2.33676e-09
 2.11422e-09
 2.08916e-09
 1.91092e-09
 1.88926e-09
 1.74333e-09
 1.72442e-09
 1.60278e-09
 1.58616e-09
 1.48322e-09
 1.46849e-09
 1.38026e-09
 1.36713e-09
 1.29067e-09
  1.2789e-09
   1.212e-09
 1.20139e-09
 1.14237e-09
 1.13275e-09
 1.08031e-09
 1.07155e-09
 1.02463e-09
 1.01663e-09
 9.74415e-10
 9.67074e-10
 9.28885e-10
 9.22126e-10
 8.87415e-10
 8.81173e-10
 8.49487e-10
 8.43704e-10
 8.14664e-10
 8.09292e-10
  7.8258e-10
 7.77576e-10
 7.52923e-10
 7.48252e-10
 7.25429e-10
 7.21058e-10
 6.99868e-10
 6.95769e-10
 6.76044e-10
 6.72193e-10
 6.53786e-10
 6.50161e-10
 6.32943e-10
 6.29525e-10
 6.13385e-10
 6.10156e-10
 5.94997e-10
 5.91942e-10
 5.77677e-10
 5.74782e-10
 5.61333e-10
 5.58587e-10
 5.45887e-10
 5.43278e-10
 5.31265e-10
 5.28784e-10
 5.17404e-10
 5.15041e-10
 5.04246e-10
 5.01992e-10
 4.91738e-10
 4.89587e-10
 4.79834e-10
 4.77778e-10
  4.6849e-10
 4.66524e-10
 4.57669e-10
 4.55786e-10
 4.47334e-10
  4.4553e-10
 4.37454e-10
 4.35723e-10
    4.28e-10
 4.26338e-10
 4.18943e-10
 4.17347e-10
 4.10261e-10
 4.08725e-10
 4.01929e-10
 4.00452e-10
 3.93928e-10
 3.92505e-10
