 2.16818e-08
 2.35204e-09
 3.65587e-09
 9.46957e-10
 1.39272e-09
 5.02093e-10
 7.08605e-10
 3.07999e-10
 4.20873e-10
  2.0695e-10
 2.75503e-10
-1.09785e-16
 1.72763e-08
 2.34617e-09
 7.96167e-09
 1.71729e-09
 4.66859e-09
 1.25948e-09
 3.10051e-09
 9.59621e-10
 2.22325e-09
 7.56556e-10
 1.67959e-09
  0.00019999
 6.66567e-05
 6.66567e-05
   3.999e-05
   3.999e-05
 2.85614e-05
 2.85614e-05
 2.22122e-05
 2.22122e-05
 1.81718e-05
 1.81718e-05
  0.00019999
           1
 4.86321e-08
 1.42095e-08
 1.43706e-08
 8.30727e-09
 8.26746e-09
  5.8578e-09
 5.79614e-09
 4.52244e-09
  4.4654e-09
 3.68287e-09
 3.63419e-09
