 2.16818e-08
 2.35204e-09
 3.65587e-09
 9.46956e-10
 1.39272e-09
 5.02093e-10
 7.08605e-10
 3.07999e-10
 4.20873e-10
  2.0695e-10
 2.75503e-10
  1.4802e-10
 1.92828e-10
 1.10809e-10
 1.41731e-10
 8.58842e-11
 1.08135e-10
 6.84121e-11
 8.49649e-11
 5.57119e-11
  6.8364e-11
-5.00536e-17
 1.72763e-08
 2.34617e-09
 7.96167e-09
 1.71729e-09
 4.66859e-09
 1.25948e-09
 3.10051e-09
 9.59621e-10
 2.22325e-09
 7.56556e-10
 1.67959e-09
 6.13177e-10
 1.31784e-09
 5.08149e-10
 1.06417e-09
 4.28812e-10
 8.78977e-10
 3.67326e-10
 7.39375e-10
 3.18637e-10
 6.31368e-10
  0.00019999
 6.66567e-05
 6.66567e-05
   3.999e-05
   3.999e-05
 2.85614e-05
 2.85614e-05
 2.22122e-05
 2.22122e-05
 1.81718e-05
 1.81718e-05
 1.53746e-05
 1.53746e-05
 1.33233e-05
 1.33233e-05
 1.17547e-05
 1.17547e-05
 1.05163e-05
 1.05163e-05
 9.51381e-06
 9.51381e-06
  0.00019999
           1
 4.86321e-08
 1.42095e-08
 1.43706e-08
 8.30727e-09
 8.26746e-09
  5.8578e-09
 5.79614e-09
 4.52244e-09
  4.4654e-09
 3.68287e-09
 3.63419e-09
  3.1064e-09
 3.06546e-09
 2.68612e-09
 2.65162e-09
 2.36613e-09
 2.33682e-09
 2.11433e-09
 2.08921e-09
 1.91102e-09
  1.8893e-09
