2.98376e-11
4.80538e-11
3.84071e-11
3.96811e-11
3.38851e-11
 3.3381e-11
2.92911e-11
2.85059e-11
 2.5397e-11
2.46501e-11
2.21735e-11
2.15457e-11
1.95012e-11
1.90078e-11
1.72695e-11
1.69064e-11
1.53883e-11
1.51477e-11
1.37866e-11
1.36648e-11
1.24058e-11
5.66988e-12
5.87671e-11
5.97406e-11
6.52775e-11
6.43884e-11
6.41869e-11
6.27843e-11
6.11551e-11
5.96198e-11
5.76305e-11
5.60876e-11
 5.4104e-11
 5.2584e-11
5.07598e-11
  4.925e-11
 4.7666e-11
4.61258e-11
4.48503e-11
4.31977e-11
 4.2338e-11
4.04098e-11
3.89879e-11
9.69844e-06
9.51505e-06
8.94783e-06
 8.6575e-06
8.20761e-06
7.94723e-06
7.57154e-06
 7.3484e-06
7.02518e-06
6.83632e-06
6.55163e-06
 6.3934e-06
6.13708e-06
 6.0068e-06
5.77051e-06
5.66708e-06
5.44298e-06
5.36749e-06
5.14675e-06
5.10368e-06
4.87425e-06
 0.00019999
          1
 1.9643e-09
 1.9168e-09
1.79976e-09
1.73948e-09
1.64793e-09
 1.5949e-09
1.51887e-09
1.47371e-09
1.40849e-09
1.37039e-09
1.31304e-09
1.28118e-09
1.22959e-09
1.20341e-09
1.15589e-09
1.13513e-09
1.09008e-09
1.07494e-09
1.03062e-09
1.02195e-09
9.75917e-10
