-1.46367e-11
 4.69619e-11
 2.92509e-11
 3.91838e-11
 2.99243e-11
 3.30886e-11
 2.71117e-11
 2.82942e-11
 2.40595e-11
 2.44574e-11
 2.13247e-11
-1.57095e-10
-4.13446e-12
 9.00325e-12
 3.07877e-11
 3.59916e-11
 4.14902e-11
 4.37968e-11
 4.48006e-11
 4.57256e-11
 4.51862e-11
 4.53322e-11
 4.40614e-11
 8.85473e-06
 9.55724e-06
 8.66238e-06
 8.70032e-06
  8.0303e-06
 7.99157e-06
 7.43771e-06
 7.39526e-06
 6.91267e-06
 6.88698e-06
 6.44958e-06
 0.000199993
           1
 1.83234e-09
 1.94645e-09
 1.75704e-09
 1.75972e-09
 1.62109e-09
 1.61149e-09
 1.49802e-09
 1.48871e-09
 1.39035e-09
 1.38486e-09
 1.29597e-09
