4.42563e-11
4.84454e-11
4.15396e-11
3.97863e-11
3.53245e-11
3.33294e-11
3.01104e-11
2.83066e-11
2.60399e-11
2.44734e-11
2.26628e-11
2.13767e-11
1.99096e-11
1.88148e-11
1.76363e-11
1.67249e-11
1.56972e-11
1.49725e-11
1.40762e-11
 1.3472e-11
1.27023e-11
1.21784e-11
1.15299e-11
1.10616e-11
1.05082e-11
1.00954e-11
9.62005e-12
9.24722e-12
8.83905e-12
8.50655e-12
8.14518e-12
7.85364e-12
7.53223e-12
7.26785e-12
6.99079e-12
6.74525e-12
6.50275e-12
6.27758e-12
6.06724e-12
5.85579e-12
5.66964e-12
 5.4825e-12
5.30564e-12
5.14314e-12
4.97837e-12
4.83246e-12
4.68083e-12
4.54906e-12
4.40985e-12
4.28895e-12
4.16236e-12
4.05046e-12
3.93499e-12
3.83144e-12
3.72557e-12
3.62993e-12
 3.5323e-12
3.44395e-12
3.35366e-12
3.27187e-12
3.18833e-12
3.11225e-12
3.03499e-12
2.96407e-12
2.89231e-12
2.82628e-12
2.75951e-12
2.69784e-12
 2.6356e-12
2.57799e-12
2.51986e-12
2.46592e-12
2.41157e-12
2.36102e-12
 2.3101e-12
2.26264e-12
2.21491e-12
2.17029e-12
2.12546e-12
2.08349e-12
2.04132e-12
2.00178e-12
1.96207e-12
1.92478e-12
1.88734e-12
1.85213e-12
 1.8168e-12
1.78351e-12
1.75014e-12
1.71864e-12
1.68707e-12
1.65723e-12
1.62734e-12
1.59906e-12
1.57073e-12
1.54389e-12
1.51702e-12
1.49153e-12
1.46594e-12
1.44222e-12
1.41456e-12
6.07219e-11
7.84028e-11
 7.7074e-11
7.60375e-11
7.40896e-11
7.12173e-11
6.93865e-11
6.62025e-11
6.44166e-11
6.14418e-11
5.97751e-11
5.70928e-11
5.56046e-11
5.31345e-11
5.17815e-11
 4.9553e-11
4.83769e-11
 4.6312e-11
4.52605e-11
4.34086e-11
4.24523e-11
4.07573e-11
 3.9904e-11
3.83689e-11
3.75709e-11
3.61959e-11
3.54506e-11
3.42029e-11
 3.3523e-11
3.23704e-11
3.17535e-11
3.07027e-11
 3.0113e-11
2.91741e-11
2.86049e-11
2.77594e-11
2.72152e-11
2.64499e-11
2.59346e-11
2.52283e-11
2.47545e-11
2.40924e-11
2.36539e-11
2.30418e-11
2.26266e-11
2.20611e-11
2.16722e-11
2.11431e-11
2.07805e-11
2.02858e-11
 1.9945e-11
1.94829e-11
1.91622e-11
1.87296e-11
1.84271e-11
 1.8022e-11
1.77361e-11
 1.7356e-11
1.70857e-11
1.67283e-11
1.64727e-11
 1.6136e-11
1.58941e-11
1.55766e-11
1.53472e-11
1.50475e-11
1.48299e-11
1.45464e-11
1.43399e-11
1.40715e-11
1.38752e-11
1.36208e-11
1.34341e-11
1.31928e-11
 1.3015e-11
1.27857e-11
1.26163e-11
1.23984e-11
1.22368e-11
1.20294e-11
1.18752e-11
1.16776e-11
1.15304e-11
1.13419e-11
1.12012e-11
1.10213e-11
1.08868e-11
1.07149e-11
1.05862e-11
1.04219e-11
1.02987e-11
1.01414e-11
1.00233e-11
 9.8728e-12
9.75954e-12
9.61531e-12
9.50664e-12
 9.3684e-12
9.26365e-12
9.13376e-12
9.01484e-12
8.89207e-12
      1e-05
9.49997e-06
9.04986e-06
8.64219e-06
8.27098e-06
7.93138e-06
7.61938e-06
7.33165e-06
7.06539e-06
6.81822e-06
6.58811e-06
6.37332e-06
6.17234e-06
5.98385e-06
5.80671e-06
5.63989e-06
5.48253e-06
5.33381e-06
5.19303e-06
5.05958e-06
4.93288e-06
4.81243e-06
4.69778e-06
 4.5885e-06
4.48423e-06
4.38463e-06
4.28939e-06
4.19822e-06
4.11087e-06
 4.0271e-06
 3.9467e-06
3.86945e-06
3.79519e-06
3.72373e-06
3.65493e-06
3.58863e-06
 3.5247e-06
3.46302e-06
3.40347e-06
3.34593e-06
3.29031e-06
3.23651e-06
3.18445e-06
3.13404e-06
 3.0852e-06
3.03787e-06
2.99196e-06
2.94743e-06
 2.9042e-06
2.86222e-06
2.82144e-06
 2.7818e-06
2.74326e-06
2.70578e-06
2.66931e-06
 2.6338e-06
2.59923e-06
2.56556e-06
2.53274e-06
2.50075e-06
2.46956e-06
2.43914e-06
2.40946e-06
2.38049e-06
 2.3522e-06
2.32458e-06
 2.2976e-06
2.27124e-06
2.24548e-06
2.22029e-06
2.19566e-06
2.17157e-06
  2.148e-06
2.12493e-06
2.10236e-06
2.08026e-06
2.05861e-06
2.03741e-06
2.01665e-06
 1.9963e-06
1.97635e-06
 1.9568e-06
1.93763e-06
1.91883e-06
1.90039e-06
1.88231e-06
1.86456e-06
1.84714e-06
1.83004e-06
1.81326e-06
1.79677e-06
1.78059e-06
1.76469e-06
1.74907e-06
1.73373e-06
1.71865e-06
1.70383e-06
1.68927e-06
 1.6749e-06
1.66113e-06
1.64526e-06
0.000199989
          1
2.01028e-09
1.90667e-09
1.81483e-09
1.73258e-09
1.65735e-09
1.58922e-09
1.52621e-09
1.46844e-09
1.41495e-09
1.36523e-09
1.31914e-09
1.27594e-09
1.23571e-09
1.19782e-09
1.16231e-09
1.12889e-09
1.09731e-09
1.06751e-09
1.03927e-09
1.01257e-09
9.87131e-10
9.63031e-10
9.40039e-10
9.18161e-10
8.97263e-10
8.77317e-10
8.58234e-10
8.39987e-10
8.22478e-10
8.05715e-10
7.89601e-10
7.74148e-10
7.59265e-10
7.44965e-10
7.31184e-10
7.17922e-10
7.05104e-10
6.92779e-10
6.80832e-10
6.69339e-10
 6.5818e-10
6.47436e-10
6.36994e-10
6.26923e-10
6.17131e-10
6.07672e-10
 5.9847e-10
 5.8957e-10
5.80905e-10
5.72519e-10
 5.6434e-10
5.56426e-10
5.48697e-10
5.41212e-10
5.33899e-10
5.26807e-10
5.19877e-10
5.13149e-10
5.06572e-10
5.00182e-10
4.93931e-10
4.87854e-10
4.81905e-10
4.76117e-10
 4.7045e-10
4.64932e-10
4.59526e-10
4.54259e-10
4.49097e-10
4.44065e-10
 4.3913e-10
4.34317e-10
4.29595e-10
4.24987e-10
4.20465e-10
4.16049e-10
4.11713e-10
4.07478e-10
4.03318e-10
3.99252e-10
3.95257e-10
 3.9135e-10
3.87511e-10
3.83755e-10
3.80062e-10
3.76448e-10
3.72893e-10
3.69413e-10
3.65988e-10
3.62635e-10
3.59334e-10
  3.561e-10
3.52916e-10
3.49796e-10
3.46723e-10
 3.4371e-10
3.40742e-10
3.37833e-10
3.34956e-10
3.32203e-10
3.29026e-10
