4.87175e-11
4.36665e-11
3.97289e-11
3.61051e-11
3.33551e-11
3.05177e-11
2.82868e-11
2.61334e-11
2.44364e-11
2.26459e-11
2.12892e-11
1.98601e-11
1.87174e-11
1.75438e-11
1.66243e-11
1.56074e-11
1.48408e-11
1.40137e-11
1.33209e-11
1.26422e-11
1.20391e-11
1.14648e-11
1.09256e-11
1.04515e-11
9.96664e-12
9.55497e-12
9.13981e-12
8.76692e-12
 8.4083e-12
8.07967e-12
7.75809e-12
 7.4679e-12
7.18844e-12
6.91514e-12
6.68478e-12
  6.421e-12
6.23048e-12
5.98128e-12
5.81757e-12
5.58863e-12
 5.4417e-12
5.23568e-12
5.09971e-12
4.91633e-12
4.78862e-12
4.62522e-12
4.50565e-12
4.35886e-12
4.24747e-12
4.11456e-12
4.01113e-12
3.89019e-12
3.79403e-12
3.68372e-12
3.59415e-12
3.49317e-12
3.40981e-12
  3.317e-12
3.23932e-12
3.15382e-12
3.08136e-12
3.00236e-12
 2.9347e-12
2.86159e-12
2.79828e-12
2.73046e-12
2.67119e-12
2.60812e-12
2.55261e-12
2.49381e-12
2.44175e-12
2.38687e-12
2.33797e-12
2.28664e-12
2.24068e-12
2.19261e-12
2.14933e-12
2.10426e-12
2.06347e-12
2.02112e-12
1.98266e-12
1.94282e-12
1.90651e-12
1.86899e-12
1.83466e-12
1.79928e-12
 1.7668e-12
 1.7334e-12
1.70264e-12
1.67107e-12
1.64191e-12
1.61204e-12
1.58437e-12
1.55608e-12
1.52981e-12
1.50299e-12
1.47802e-12
1.45257e-12
1.42874e-12
1.40507e-12
1.37906e-12
8.00933e-11
7.75231e-11
7.33601e-11
7.08045e-11
6.73259e-11
 6.5002e-11
6.19064e-11
5.98837e-11
5.71325e-11
5.53599e-11
5.28749e-11
5.13223e-11
 4.9123e-11
4.77188e-11
4.57406e-11
4.45237e-11
4.27206e-11
4.16153e-11
4.00436e-11
3.89781e-11
3.76243e-11
3.66076e-11
3.54175e-11
3.44704e-11
3.34045e-11
3.25275e-11
3.15685e-11
3.07572e-11
2.98835e-11
2.91433e-11
2.83338e-11
2.76618e-11
 2.6912e-11
2.62943e-11
2.56043e-11
2.50301e-11
2.43971e-11
2.38606e-11
2.32783e-11
 2.2778e-11
2.22378e-11
2.17741e-11
2.12688e-11
2.08399e-11
2.03663e-11
1.99681e-11
 1.9524e-11
1.91534e-11
1.87364e-11
1.83908e-11
1.79987e-11
1.76756e-11
1.73068e-11
 1.7004e-11
1.66567e-11
1.63724e-11
1.60451e-11
1.57775e-11
1.54688e-11
1.52166e-11
 1.4925e-11
 1.4687e-11
1.44113e-11
1.41863e-11
1.39254e-11
1.37124e-11
1.34652e-11
1.32635e-11
 1.3029e-11
1.28376e-11
 1.2615e-11
1.24332e-11
1.22217e-11
1.20488e-11
1.18477e-11
1.16832e-11
1.14917e-11
1.13349e-11
1.11525e-11
1.10031e-11
1.08291e-11
1.06865e-11
1.05204e-11
1.03842e-11
1.02255e-11
1.00954e-11
 9.9437e-12
9.81917e-12
9.67409e-12
9.55487e-12
9.41597e-12
9.30177e-12
9.16869e-12
9.05921e-12
8.93162e-12
8.82661e-12
 8.7042e-12
8.60345e-12
8.48562e-12
8.39086e-12
8.26436e-12
8.16981e-12
      1e-05
9.49998e-06
9.04986e-06
8.64219e-06
8.27098e-06
7.93138e-06
7.61938e-06
7.33165e-06
7.06539e-06
6.81822e-06
6.58811e-06
6.37332e-06
6.17234e-06
5.98385e-06
5.80671e-06
5.63989e-06
5.48253e-06
5.33381e-06
5.19303e-06
5.05958e-06
4.93288e-06
4.81243e-06
4.69778e-06
 4.5885e-06
4.48423e-06
4.38463e-06
4.28939e-06
4.19822e-06
4.11087e-06
 4.0271e-06
 3.9467e-06
3.86945e-06
3.79519e-06
3.72373e-06
3.65493e-06
3.58863e-06
 3.5247e-06
3.46302e-06
3.40347e-06
3.34593e-06
3.29031e-06
3.23651e-06
3.18445e-06
3.13404e-06
 3.0852e-06
3.03787e-06
2.99196e-06
2.94743e-06
 2.9042e-06
2.86222e-06
2.82144e-06
 2.7818e-06
2.74326e-06
2.70578e-06
2.66931e-06
 2.6338e-06
2.59923e-06
2.56556e-06
2.53274e-06
2.50075e-06
2.46956e-06
2.43914e-06
2.40946e-06
2.38049e-06
 2.3522e-06
2.32458e-06
 2.2976e-06
2.27124e-06
2.24548e-06
2.22029e-06
2.19566e-06
2.17157e-06
  2.148e-06
2.12493e-06
2.10236e-06
2.08026e-06
2.05861e-06
2.03741e-06
2.01665e-06
 1.9963e-06
1.97635e-06
 1.9568e-06
1.93763e-06
1.91883e-06
1.90039e-06
1.88231e-06
1.86456e-06
1.84714e-06
1.83004e-06
1.81326e-06
1.79677e-06
1.78059e-06
1.76469e-06
1.74907e-06
1.73373e-06
1.71865e-06
1.70383e-06
1.68927e-06
 1.6749e-06
1.66113e-06
1.64526e-06
0.000199988
          1
2.00034e-09
1.90156e-09
1.81122e-09
1.72967e-09
1.65516e-09
1.58725e-09
1.52466e-09
1.46713e-09
1.41373e-09
1.36434e-09
1.31814e-09
1.27524e-09
1.23488e-09
1.19726e-09
1.16169e-09
1.12836e-09
 1.0968e-09
1.06709e-09
1.03883e-09
1.01222e-09
9.86738e-10
9.62748e-10
9.39688e-10
9.17906e-10
8.96971e-10
8.77083e-10
8.57982e-10
8.39777e-10
8.22252e-10
8.05534e-10
7.89397e-10
7.73984e-10
7.59081e-10
7.44822e-10
7.31016e-10
7.17789e-10
7.04954e-10
 6.9266e-10
6.80691e-10
6.69234e-10
 6.5805e-10
6.47341e-10
6.36873e-10
6.26836e-10
6.17019e-10
6.07592e-10
5.98367e-10
5.89496e-10
 5.8081e-10
5.72448e-10
5.64255e-10
5.56359e-10
5.48619e-10
5.41149e-10
5.33825e-10
5.26749e-10
5.19808e-10
5.13095e-10
5.06508e-10
5.00131e-10
 4.9387e-10
4.87806e-10
4.81848e-10
4.76072e-10
4.70396e-10
4.64889e-10
4.59476e-10
4.54219e-10
4.49049e-10
4.44027e-10
4.39085e-10
4.34281e-10
4.29553e-10
4.24953e-10
4.20424e-10
4.16016e-10
4.11675e-10
4.07447e-10
4.03281e-10
3.99222e-10
3.95222e-10
3.91322e-10
3.87478e-10
3.83728e-10
 3.8003e-10
3.76422e-10
3.72863e-10
3.69388e-10
 3.6596e-10
3.62611e-10
3.59307e-10
3.56078e-10
 3.5289e-10
3.49775e-10
3.46698e-10
 3.4369e-10
3.40718e-10
3.37814e-10
3.34933e-10
3.32184e-10
3.29005e-10
