2.37651e-11
2.36332e-11
2.11183e-11
2.02332e-11
 1.8399e-11
1.75853e-11
1.61412e-11
1.54605e-11
1.42759e-11
1.37223e-11
1.27197e-11
1.22788e-11
 1.1408e-11
 1.1065e-11
1.02906e-11
1.00346e-11
9.32839e-12
9.15355e-12
 8.4902e-12
8.39808e-12
7.74984e-12
2.10991e-11
2.32411e-11
2.23162e-11
2.23439e-11
 2.1713e-11
2.13751e-11
2.08542e-11
2.03938e-11
1.99389e-11
1.94347e-11
1.90293e-11
1.85158e-11
1.81499e-11
1.76479e-11
1.73085e-11
1.68371e-11
1.65048e-11
1.60896e-11
1.57306e-11
1.54166e-11
1.49646e-11
1.45343e-11
9.69844e-06
9.51505e-06
8.94783e-06
 8.6575e-06
8.20761e-06
7.94723e-06
7.57155e-06
 7.3484e-06
7.02518e-06
6.83632e-06
6.55163e-06
 6.3934e-06
6.13708e-06
 6.0068e-06
5.77051e-06
5.66708e-06
5.44298e-06
5.36749e-06
5.14675e-06
5.10368e-06
4.87425e-06
 0.00019999
          1
1.94161e-09
1.90407e-09
1.79053e-09
1.73225e-09
1.64222e-09
1.59003e-09
1.51486e-09
1.47015e-09
1.40548e-09
1.36765e-09
 1.3107e-09
1.27899e-09
1.22773e-09
1.20161e-09
1.15438e-09
1.13362e-09
1.08883e-09
1.07367e-09
1.02955e-09
1.02089e-09
9.75001e-10
