1.92562e-11
2.43181e-11
1.97274e-11
2.06467e-11
1.76083e-11
1.78878e-11
1.55999e-11
1.56995e-11
1.38736e-11
1.39127e-11
1.24162e-11
1.36741e-11
2.27712e-11
2.05453e-11
2.19104e-11
2.08969e-11
 2.0996e-11
2.03891e-11
2.00677e-11
1.96364e-11
1.91623e-11
 1.8803e-11
1.81018e-11
8.85474e-06
9.55724e-06
8.66238e-06
8.70032e-06
 8.0303e-06
7.99157e-06
7.43771e-06
7.39526e-06
6.91267e-06
6.88698e-06
6.44958e-06
 0.00019999
          1
1.77558e-09
1.91363e-09
1.73424e-09
1.74142e-09
1.60719e-09
1.59929e-09
1.48837e-09
 1.4798e-09
1.38318e-09
1.37799e-09
1.29043e-09
