 1.78076e-08
 2.20063e-09
 3.09758e-09
 8.95065e-10
 1.20557e-09
 4.78018e-10
 6.23197e-10
 2.94828e-10
 3.74749e-10
 1.98947e-10
 2.47766e-10
 1.42788e-10
  1.7485e-10
 1.07197e-10
 1.29413e-10
 8.32855e-11
 9.93263e-11
 6.64787e-11
 7.84477e-11
 5.42344e-11
 6.34069e-11
-9.47305e-17
  1.3698e-08
 2.14693e-09
 6.41514e-09
 1.58154e-09
 3.80442e-09
 1.16541e-09
 2.54822e-09
 8.91227e-10
 1.83963e-09
 7.04737e-10
 1.39752e-09
 5.72601e-10
 1.10167e-09
 4.75529e-10
 8.93197e-10
 4.02021e-10
 7.40352e-10
 3.44931e-10
 6.24704e-10
 2.99638e-10
 5.34929e-10
  0.00019999
 6.66567e-05
 6.66567e-05
   3.999e-05
   3.999e-05
 2.85614e-05
 2.85614e-05
 2.22122e-05
 2.22122e-05
 1.81718e-05
 1.81718e-05
 1.53746e-05
 1.53746e-05
 1.33233e-05
 1.33233e-05
 1.17547e-05
 1.17547e-05
 1.05163e-05
 1.05163e-05
 9.51381e-06
 9.51381e-06
  0.00019999
           1
 4.68429e-08
 1.41348e-08
 1.41843e-08
 8.28321e-09
 8.22889e-09
 5.84733e-09
 5.78941e-09
 4.51707e-09
 4.46763e-09
 3.67983e-09
 3.63905e-09
 3.10455e-09
  3.0709e-09
 2.68494e-09
 2.65691e-09
 2.36535e-09
 2.34173e-09
  2.1138e-09
 2.09367e-09
 1.91065e-09
 1.89332e-09
