6.51174e-09
1.34652e-09
1.38304e-09
5.92265e-10
6.09747e-10
3.33771e-10
3.44023e-10
2.14362e-10
2.20764e-10
1.49282e-10
1.53602e-10
1.10015e-10
1.12949e-10
8.42916e-11
8.65006e-11
6.66288e-11
6.83299e-11
 5.3976e-11
5.53134e-11
4.46049e-11
4.56759e-11
3.74753e-11
3.83402e-11
3.19179e-11
3.26326e-11
2.75084e-11
2.81038e-11
 2.3947e-11
2.44497e-11
2.10332e-11
2.14635e-11
1.86194e-11
1.89874e-11
1.65953e-11
1.69149e-11
1.48839e-11
1.51626e-11
1.34226e-11
1.36667e-11
1.21651e-11
1.23814e-11
1.10765e-11
1.12677e-11
1.01264e-11
1.02972e-11
9.29307e-12
9.44604e-12
8.55824e-12
8.69576e-12
7.90669e-12
8.03096e-12
 7.3267e-12
7.43911e-12
6.80787e-12
6.91011e-12
6.34205e-12
6.43522e-12
5.92224e-12
6.00745e-12
5.54258e-12
 5.6207e-12
 5.1982e-12
5.26998e-12
4.88473e-12
4.95091e-12
4.59874e-12
4.65981e-12
4.33702e-12
4.39354e-12
4.09695e-12
4.14934e-12
3.87613e-12
3.92487e-12
3.67272e-12
3.71801e-12
3.48477e-12
3.52705e-12
3.31088e-12
3.35033e-12
 3.1496e-12
3.18653e-12
2.99982e-12
3.03439e-12
 2.8604e-12
2.89284e-12
2.73046e-12
2.76093e-12
2.60914e-12
 2.6378e-12
 2.4957e-12
2.52269e-12
2.38947e-12
2.41493e-12
2.28986e-12
2.31389e-12
2.19633e-12
2.21904e-12
2.10839e-12
2.12988e-12
2.02561e-12
2.04597e-12
2.74378e-14
3.72048e-09
1.07699e-09
1.98253e-09
8.39086e-10
1.28099e-09
6.43544e-10
9.13172e-10
5.07719e-10
6.91856e-10
4.11585e-10
5.46473e-10
3.41546e-10
4.44925e-10
  2.887e-10
3.70761e-10
2.47824e-10
3.14683e-10
2.15474e-10
2.71093e-10
1.89397e-10
2.36444e-10
1.68029e-10
2.08378e-10
1.50274e-10
1.85286e-10
1.35338e-10
1.66025e-10
1.22642e-10
1.49769e-10
1.11746e-10
 1.3591e-10
1.02317e-10
1.23984e-10
9.40949e-11
1.13639e-10
8.68788e-11
1.04601e-10
8.05045e-11
9.66516e-11
7.48438e-11
8.96194e-11
6.97905e-11
8.33643e-11
 6.5259e-11
7.77732e-11
6.11771e-11
 7.2753e-11
5.74866e-11
6.82265e-11
 5.4137e-11
6.41295e-11
5.10867e-11
6.04079e-11
4.83002e-11
5.70161e-11
4.57469e-11
5.39153e-11
4.34011e-11
5.10723e-11
4.12401e-11
4.84587e-11
3.92445e-11
4.60498e-11
3.73976e-11
4.38242e-11
3.56844e-11
4.17634e-11
 3.4092e-11
3.98511e-11
3.26091e-11
3.80731e-11
3.12255e-11
3.64167e-11
2.99324e-11
3.48709e-11
2.87219e-11
3.34257e-11
2.75868e-11
3.20725e-11
2.65209e-11
3.08034e-11
2.55186e-11
2.96115e-11
2.45747e-11
2.84904e-11
2.36847e-11
2.74345e-11
2.28444e-11
2.64387e-11
2.20502e-11
2.54986e-11
2.12986e-11
2.46098e-11
2.05865e-11
2.37686e-11
1.99113e-11
2.29717e-11
1.92702e-11
2.22159e-11
 1.8661e-11
2.14983e-11
 0.00019999
6.66567e-05
6.66567e-05
  3.999e-05
  3.999e-05
2.85614e-05
2.85614e-05
2.22122e-05
2.22122e-05
1.81718e-05
1.81718e-05
1.53746e-05
1.53746e-05
1.33233e-05
1.33233e-05
1.17547e-05
1.17547e-05
1.05163e-05
1.05163e-05
9.51381e-06
9.51381e-06
8.68565e-06
8.68565e-06
   7.99e-06
   7.99e-06
7.39741e-06
7.39741e-06
6.88655e-06
6.88655e-06
6.44161e-06
6.44161e-06
6.05061e-06
6.05061e-06
5.70429e-06
5.70429e-06
5.39541e-06
5.39541e-06
5.11821e-06
5.11821e-06
4.86805e-06
4.86805e-06
4.64116e-06
4.64116e-06
4.43444e-06
4.43444e-06
4.24532e-06
4.24532e-06
4.07163e-06
4.07163e-06
3.91157e-06
3.91157e-06
3.76358e-06
3.76358e-06
3.62636e-06
3.62636e-06
3.49877e-06
3.49877e-06
3.37983e-06
3.37983e-06
3.26869e-06
3.26869e-06
 3.1646e-06
 3.1646e-06
3.06692e-06
3.06692e-06
2.97507e-06
2.97507e-06
2.88855e-06
2.88855e-06
 2.8069e-06
 2.8069e-06
2.72973e-06
2.72973e-06
2.65667e-06
2.65667e-06
 2.5874e-06
 2.5874e-06
2.52165e-06
2.52165e-06
2.45914e-06
2.45914e-06
2.39964e-06
2.39964e-06
2.34294e-06
2.34294e-06
2.28885e-06
2.28885e-06
2.23719e-06
2.23719e-06
 2.1878e-06
 2.1878e-06
2.14054e-06
2.14054e-06
2.09526e-06
2.09526e-06
2.05186e-06
2.05186e-06
 2.0102e-06
 2.0102e-06
 1.9702e-06
 1.9702e-06
 0.00019999
          1
4.18541e-08
1.37343e-08
1.36304e-08
8.15081e-09
8.10221e-09
5.78861e-09
5.75942e-09
4.48636e-09
4.46674e-09
3.66214e-09
3.64794e-09
3.09351e-09
3.08279e-09
2.67774e-09
2.66931e-09
2.36049e-09
2.35365e-09
2.11042e-09
2.10477e-09
1.90826e-09
1.90349e-09
1.74143e-09
1.73735e-09
1.60142e-09
1.59789e-09
1.48223e-09
1.47915e-09
1.37955e-09
1.37683e-09
1.29016e-09
1.28774e-09
1.21164e-09
1.20948e-09
1.14212e-09
1.14018e-09
1.08014e-09
1.07838e-09
1.02453e-09
1.02294e-09
9.74366e-10
9.72906e-10
9.28874e-10
9.27536e-10
8.87435e-10
8.86203e-10
8.49529e-10
8.48392e-10
8.14724e-10
 8.1367e-10
7.82654e-10
7.81675e-10
7.53008e-10
7.52096e-10
7.25521e-10
7.24669e-10
6.99966e-10
6.99169e-10
6.76146e-10
6.75399e-10
6.53891e-10
6.53188e-10
 6.3305e-10
6.32388e-10
6.13493e-10
6.12869e-10
5.95105e-10
5.94515e-10
5.77784e-10
5.77226e-10
 5.6144e-10
5.60911e-10
5.45993e-10
5.45491e-10
 5.3137e-10
5.30893e-10
5.17508e-10
5.17053e-10
5.04348e-10
5.03915e-10
4.91838e-10
4.91425e-10
4.79932e-10
4.79538e-10
4.68586e-10
 4.6821e-10
4.57763e-10
4.57403e-10
4.47426e-10
4.47081e-10
4.37544e-10
4.37213e-10
4.28088e-10
 4.2777e-10
 4.1903e-10
4.18725e-10
4.10345e-10
4.10052e-10
4.02012e-10
 4.0173e-10
3.94009e-10
3.93737e-10
