 6.51173e-09
 1.34686e-09
 1.38308e-09
 5.92465e-10
 6.09832e-10
 3.34062e-10
 3.43985e-10
 2.14514e-10
 2.20795e-10
  1.4936e-10
  1.5362e-10
 1.09932e-10
  1.1297e-10
 8.42632e-11
 8.65134e-11
 6.66201e-11
 6.83379e-11
 5.39759e-11
 5.53194e-11
 4.46068e-11
 4.56791e-11
-2.88189e-16
 3.72051e-09
 1.07736e-09
  1.9826e-09
 8.39076e-10
 1.28085e-09
 6.43835e-10
 9.13206e-10
  5.0798e-10
 6.91917e-10
 4.11897e-10
 5.46512e-10
 3.41698e-10
  4.4497e-10
 2.88813e-10
   3.708e-10
 2.47903e-10
 3.14716e-10
 2.15541e-10
 2.71122e-10
 1.89451e-10
 2.36468e-10
  0.00019999
 6.66567e-05
 6.66567e-05
   3.999e-05
   3.999e-05
 2.85614e-05
 2.85614e-05
 2.22122e-05
 2.22122e-05
 1.81718e-05
 1.81718e-05
 1.53746e-05
 1.53746e-05
 1.33233e-05
 1.33233e-05
 1.17547e-05
 1.17547e-05
 1.05163e-05
 1.05163e-05
 9.51381e-06
 9.51381e-06
  0.00019999
           1
 4.18541e-08
 1.37336e-08
 1.36305e-08
 8.15092e-09
 8.10212e-09
 5.78859e-09
 5.75938e-09
 4.48646e-09
 4.46678e-09
 3.66218e-09
 3.64792e-09
 3.09365e-09
  3.0828e-09
 2.67787e-09
 2.66931e-09
 2.36059e-09
 2.35365e-09
 2.11051e-09
 2.10477e-09
 1.90833e-09
 1.90349e-09
