9.35524e-10
2.86147e-10
2.77181e-10
 1.5443e-10
1.50399e-10
1.00585e-10
9.83379e-11
7.20672e-11
7.06573e-11
5.47486e-11
5.37931e-11
4.32824e-11
 4.2604e-11
3.52306e-11
3.47303e-11
2.93314e-11
2.89444e-11
2.48457e-11
2.45489e-11
2.13561e-11
2.11201e-11
1.85786e-11
1.83872e-11
 1.6327e-11
1.61694e-11
1.44709e-11
1.43422e-11
1.29264e-11
1.28169e-11
1.16212e-11
1.15292e-11
1.05102e-11
1.04313e-11
9.55413e-12
9.48692e-12
8.72668e-12
8.66815e-12
8.00466e-12
7.95337e-12
7.36976e-12
7.32543e-12
6.80997e-12
6.77037e-12
6.31207e-12
6.27747e-12
5.86846e-12
5.83746e-12
5.47051e-12
5.44293e-12
5.11254e-12
5.08781e-12
4.78913e-12
4.76694e-12
4.49597e-12
4.47594e-12
4.22934e-12
4.21122e-12
 3.9861e-12
3.96968e-12
3.76354e-12
3.74862e-12
3.55938e-12
 3.5458e-12
3.37166e-12
3.35915e-12
3.19856e-12
3.18717e-12
3.03862e-12
3.02814e-12
2.89054e-12
2.88091e-12
2.75316e-12
2.74428e-12
2.62547e-12
2.61727e-12
2.50654e-12
2.49895e-12
2.39561e-12
2.38858e-12
2.29196e-12
2.28544e-12
2.19497e-12
2.18891e-12
2.10407e-12
2.09842e-12
2.01875e-12
2.01349e-12
1.93857e-12
1.93366e-12
1.86312e-12
1.85853e-12
1.79203e-12
1.78774e-12
1.72497e-12
1.72095e-12
1.66164e-12
1.65786e-12
1.60176e-12
1.59821e-12
1.54508e-12
1.54175e-12
5.68915e-16
1.49414e-10
8.16129e-11
1.17773e-10
7.99174e-11
9.72268e-11
7.21591e-11
8.26002e-11
6.45328e-11
7.16012e-11
5.78463e-11
6.30133e-11
5.21433e-11
 5.6119e-11
4.72891e-11
5.04634e-11
 4.3139e-11
4.57427e-11
3.95615e-11
4.17458e-11
3.64501e-11
3.83206e-11
3.37342e-11
3.53551e-11
3.13435e-11
3.27646e-11
2.92237e-11
3.04841e-11
2.73344e-11
2.84625e-11
2.56445e-11
2.66595e-11
2.41209e-11
2.50426e-11
2.27452e-11
2.35853e-11
2.14954e-11
 2.2266e-11
2.03572e-11
2.10667e-11
1.93162e-11
1.99724e-11
1.83613e-11
1.89704e-11
1.74828e-11
  1.805e-11
1.66722e-11
1.72021e-11
1.59224e-11
1.64187e-11
1.52271e-11
1.56931e-11
1.45808e-11
1.50195e-11
 1.3979e-11
1.43927e-11
1.34171e-11
1.38082e-11
1.28918e-11
1.32622e-11
1.23997e-11
 1.2751e-11
1.19379e-11
1.22717e-11
1.15039e-11
1.18215e-11
1.10952e-11
 1.1398e-11
1.07101e-11
 1.0999e-11
1.03465e-11
1.06225e-11
1.00027e-11
1.02668e-11
9.67743e-12
 9.9303e-12
9.36916e-12
 9.6116e-12
9.07671e-12
9.30937e-12
8.79896e-12
9.02246e-12
8.53489e-12
8.74979e-12
8.28358e-12
8.49039e-12
8.04418e-12
8.24336e-12
 7.8159e-12
8.00791e-12
7.59805e-12
7.78327e-12
7.38996e-12
7.56876e-12
7.19103e-12
7.36376e-12
7.00071e-12
7.16769e-12
6.81848e-12
   6.98e-12
6.64388e-12
6.80021e-12
 0.00019999
6.66567e-05
6.66567e-05
  3.999e-05
  3.999e-05
2.85614e-05
2.85614e-05
2.22122e-05
2.22122e-05
1.81718e-05
1.81718e-05
1.53746e-05
1.53746e-05
1.33233e-05
1.33233e-05
1.17547e-05
1.17547e-05
1.05163e-05
1.05163e-05
9.51381e-06
9.51381e-06
8.68565e-06
8.68565e-06
   7.99e-06
   7.99e-06
7.39741e-06
7.39741e-06
6.88655e-06
6.88655e-06
6.44161e-06
6.44161e-06
6.05061e-06
6.05061e-06
5.70429e-06
5.70429e-06
5.39541e-06
5.39541e-06
5.11821e-06
5.11821e-06
4.86805e-06
4.86805e-06
4.64116e-06
4.64116e-06
4.43444e-06
4.43444e-06
4.24532e-06
4.24532e-06
4.07163e-06
4.07163e-06
3.91157e-06
3.91157e-06
3.76358e-06
3.76358e-06
3.62636e-06
3.62636e-06
3.49877e-06
3.49877e-06
3.37983e-06
3.37983e-06
3.26869e-06
3.26869e-06
 3.1646e-06
 3.1646e-06
3.06692e-06
3.06692e-06
2.97507e-06
2.97507e-06
2.88855e-06
2.88855e-06
 2.8069e-06
 2.8069e-06
2.72973e-06
2.72973e-06
2.65667e-06
2.65667e-06
 2.5874e-06
 2.5874e-06
2.52165e-06
2.52165e-06
2.45914e-06
2.45914e-06
2.39964e-06
2.39964e-06
2.34294e-06
2.34294e-06
2.28885e-06
2.28885e-06
2.23719e-06
2.23719e-06
 2.1878e-06
 2.1878e-06
2.14054e-06
2.14054e-06
2.09526e-06
2.09526e-06
2.05186e-06
2.05186e-06
 2.0102e-06
 2.0102e-06
 1.9702e-06
 1.9702e-06
 0.00019999
          1
4.00686e-08
1.33602e-08
1.33528e-08
8.01234e-09
8.00914e-09
5.72088e-09
5.71917e-09
4.44821e-09
 4.4471e-09
3.63843e-09
 3.6377e-09
3.07795e-09
3.07741e-09
2.66698e-09
2.66657e-09
2.35276e-09
2.35244e-09
2.10472e-09
2.10446e-09
1.90395e-09
1.90373e-09
 1.7381e-09
1.73793e-09
1.59881e-09
1.59866e-09
1.48016e-09
1.48004e-09
1.37789e-09
1.37778e-09
1.28881e-09
1.28872e-09
1.21054e-09
1.21046e-09
1.14122e-09
1.14115e-09
 1.0794e-09
1.07933e-09
1.02391e-09
1.02385e-09
9.73849e-10
9.73793e-10
9.28441e-10
9.28391e-10
8.87072e-10
8.87025e-10
8.49224e-10
8.49182e-10
8.14467e-10
8.14428e-10
7.82437e-10
7.82401e-10
7.52825e-10
7.52792e-10
7.25368e-10
7.25337e-10
6.99838e-10
6.99809e-10
6.76039e-10
6.76012e-10
6.53802e-10
6.53776e-10
6.32976e-10
6.32952e-10
6.13433e-10
 6.1341e-10
5.95057e-10
5.95036e-10
5.77746e-10
5.77726e-10
5.61411e-10
5.61392e-10
5.45971e-10
5.45953e-10
5.31355e-10
5.31338e-10
5.17498e-10
5.17482e-10
5.04343e-10
5.04328e-10
4.91838e-10
4.91823e-10
4.79936e-10
4.79922e-10
4.68593e-10
 4.6858e-10
4.57773e-10
 4.5776e-10
4.47439e-10
4.47427e-10
4.37559e-10
4.37547e-10
4.28104e-10
4.28093e-10
4.19048e-10
4.19037e-10
4.10365e-10
4.10354e-10
4.02033e-10
4.02023e-10
3.94031e-10
3.94021e-10
