 9.35523e-10
 2.86137e-10
 2.77181e-10
 1.54428e-10
 1.50399e-10
 1.00591e-10
 9.83379e-11
 7.20716e-11
 7.06573e-11
 5.47477e-11
 5.37931e-11
 4.32828e-11
  4.2604e-11
 3.52313e-11
 3.47303e-11
 2.93255e-11
 2.89444e-11
 2.48458e-11
 2.45489e-11
 2.13561e-11
 2.11201e-11
-8.65339e-17
 1.49414e-10
 8.16134e-11
 1.17773e-10
 7.99041e-11
 9.72268e-11
 7.21776e-11
 8.26002e-11
 6.45324e-11
 7.16012e-11
 5.78464e-11
 6.30133e-11
 5.21445e-11
  5.6119e-11
   4.729e-11
 5.04634e-11
 4.31365e-11
 4.57427e-11
 3.95576e-11
 4.17458e-11
 3.64506e-11
 3.83206e-11
  0.00019999
 6.66567e-05
 6.66567e-05
   3.999e-05
   3.999e-05
 2.85614e-05
 2.85614e-05
 2.22122e-05
 2.22122e-05
 1.81718e-05
 1.81718e-05
 1.53746e-05
 1.53746e-05
 1.33233e-05
 1.33233e-05
 1.17547e-05
 1.17547e-05
 1.05163e-05
 1.05163e-05
 9.51381e-06
 9.51381e-06
  0.00019999
           1
 4.00686e-08
 1.33602e-08
 1.33528e-08
 8.01233e-09
 8.00914e-09
 5.72091e-09
 5.71917e-09
 4.44819e-09
  4.4471e-09
 3.63844e-09
  3.6377e-09
 3.07795e-09
 3.07741e-09
 2.66698e-09
 2.66657e-09
 2.35276e-09
 2.35244e-09
 2.10472e-09
 2.10446e-09
 1.90395e-09
 1.90373e-09
