2.20168e-08
2.38339e-09
3.70451e-09
9.57669e-10
 1.4091e-09
5.07042e-10
7.16109e-10
3.10709e-10
4.24936e-10
2.08595e-10
2.77951e-10
1.49094e-10
1.94418e-10
1.11549e-10
1.42822e-10
8.64164e-11
1.08916e-10
6.88076e-11
8.55433e-11
5.60153e-11
6.87832e-11
1.76068e-10
1.76176e-08
2.42735e-09
8.11068e-09
1.76366e-09
4.75244e-09
1.28949e-09
3.15437e-09
9.80675e-10
2.26081e-09
7.72152e-10
 1.7073e-09
  6.252e-10
1.33913e-09
5.17705e-10
1.08105e-09
4.36592e-10
8.92684e-10
3.73785e-10
7.50732e-10
 3.2438e-10
6.40612e-10
0.000198657
 6.6655e-05
6.63901e-05
3.99893e-05
3.98758e-05
 2.8561e-05
 2.8498e-05
 2.2212e-05
2.21718e-05
1.81716e-05
1.81439e-05
1.53745e-05
1.53541e-05
1.33232e-05
1.33077e-05
1.17546e-05
1.17423e-05
1.05163e-05
1.05063e-05
9.51376e-06
9.50477e-06
 0.00019999
          1
4.85329e-08
1.42198e-08
1.43353e-08
8.30962e-09
8.24855e-09
5.85833e-09
5.78427e-09
4.52245e-09
4.45723e-09
 3.6827e-09
3.62822e-09
3.10617e-09
3.06091e-09
2.68589e-09
2.64803e-09
2.36591e-09
2.33392e-09
2.11413e-09
2.08682e-09
1.91085e-09
1.88713e-09
