2.19676e-08
 2.3817e-09
3.69747e-09
9.57085e-10
1.40675e-09
 5.0678e-10
7.15039e-10
3.10558e-10
 4.2436e-10
2.08528e-10
2.77369e-10
1.75612e-10
1.75719e-08
  2.425e-09
8.09101e-09
1.76207e-09
4.74147e-09
1.28842e-09
3.14737e-09
9.79888e-10
2.25595e-09
7.73166e-10
1.70192e-09
0.000198657
 6.6655e-05
6.63901e-05
3.99893e-05
3.98758e-05
 2.8561e-05
 2.8498e-05
 2.2212e-05
2.21718e-05
1.81717e-05
1.81389e-05
 0.00019999
          1
4.85101e-08
1.42189e-08
1.43329e-08
8.30934e-09
8.24806e-09
5.85823e-09
5.78419e-09
4.52239e-09
4.45727e-09
3.68283e-09
3.62719e-09
