2.14881e-08
2.36529e-09
3.62868e-09
9.51146e-10
1.38377e-09
5.04235e-10
7.04695e-10
3.09143e-10
4.18768e-10
2.07639e-10
2.74233e-10
1.48453e-10
1.92006e-10
1.11094e-10
1.41207e-10
8.60839e-11
1.07753e-10
6.85741e-11
8.46965e-11
5.58431e-11
6.81593e-11
4.63004e-11
5.59338e-11
3.89874e-11
4.66622e-11
3.32582e-11
3.94718e-11
2.86895e-11
3.37929e-11
2.49909e-11
2.92353e-11
2.19558e-11
2.55224e-11
1.94364e-11
2.24638e-11
1.73216e-11
1.99131e-11
1.55315e-11
1.77667e-11
1.40018e-11
1.59435e-11
1.26853e-11
 1.4383e-11
1.15444e-11
1.30372e-11
1.05492e-11
1.18689e-11
9.67616e-12
1.08487e-11
8.90622e-12
9.95257e-12
8.22382e-12
9.16151e-12
7.61623e-12
8.45992e-12
  7.073e-12
7.83484e-12
6.58541e-12
 7.2756e-12
6.14615e-12
6.77345e-12
5.74904e-12
6.32092e-12
5.38891e-12
5.91165e-12
5.06133e-12
5.54047e-12
4.76249e-12
5.20274e-12
 4.4892e-12
4.89461e-12
4.23856e-12
4.61281e-12
4.00821e-12
4.35433e-12
3.79601e-12
 4.1168e-12
3.60009e-12
3.89796e-12
3.41887e-12
3.69595e-12
 3.2509e-12
3.50908e-12
3.09492e-12
 3.3359e-12
2.94984e-12
 3.1751e-12
2.81466e-12
3.02554e-12
 2.6885e-12
2.88621e-12
2.57059e-12
2.75619e-12
2.46022e-12
2.63469e-12
2.35677e-12
2.52098e-12
2.25967e-12
2.41441e-12
2.16841e-12
2.31437e-12
1.71124e-10
1.71266e-08
2.40195e-09
7.89936e-09
1.74659e-09
4.63452e-09
1.27786e-09
3.07911e-09
9.72236e-10
2.20856e-09
7.65741e-10
1.66888e-09
6.20258e-10
1.30971e-09
5.13688e-10
1.05784e-09
4.33322e-10
8.73884e-10
3.70935e-10
7.35204e-10
3.21674e-10
6.27884e-10
 2.8196e-10
5.43024e-10
2.49443e-10
4.74697e-10
2.22449e-10
4.18815e-10
1.99777e-10
3.72492e-10
 1.8053e-10
3.33643e-10
1.64042e-10
3.00717e-10
1.49799e-10
2.72558e-10
1.37403e-10
2.48275e-10
1.26543e-10
2.27178e-10
1.16971e-10
2.08728e-10
1.08485e-10
1.92493e-10
1.00926e-10
1.78128e-10
9.41599e-11
1.65353e-10
8.80777e-11
1.53939e-10
8.25884e-11
1.43696e-10
 7.7616e-11
1.34468e-10
7.30963e-11
1.26123e-10
6.89748e-11
1.18551e-10
6.52054e-11
1.11657e-10
6.17482e-11
1.05363e-10
 5.8569e-11
9.95994e-11
5.56383e-11
9.43076e-11
5.29302e-11
 8.9437e-11
5.04224e-11
8.49434e-11
4.80952e-11
8.07885e-11
4.59314e-11
7.69385e-11
4.39157e-11
 7.3364e-11
4.20347e-11
7.00391e-11
4.02764e-11
6.69406e-11
3.86301e-11
6.40483e-11
3.70863e-11
 6.1344e-11
3.56367e-11
5.88115e-11
3.42734e-11
5.64365e-11
3.29897e-11
 5.4206e-11
3.17793e-11
5.21083e-11
3.06368e-11
 5.0133e-11
2.95569e-11
4.82707e-11
2.85352e-11
4.65126e-11
2.75674e-11
4.48512e-11
2.66522e-11
4.32769e-11
0.000198657
 6.6655e-05
6.63901e-05
3.99893e-05
3.98758e-05
 2.8561e-05
 2.8498e-05
 2.2212e-05
2.21718e-05
1.81716e-05
1.81439e-05
1.53745e-05
1.53541e-05
1.33232e-05
1.33077e-05
1.17546e-05
1.17423e-05
1.05163e-05
1.05063e-05
9.51376e-06
9.50554e-06
8.68561e-06
 8.6787e-06
7.98997e-06
7.98408e-06
7.39738e-06
7.39231e-06
6.88653e-06
6.88211e-06
6.44159e-06
6.43771e-06
6.05059e-06
6.04715e-06
5.70427e-06
 5.7012e-06
5.39539e-06
5.39264e-06
5.11819e-06
5.11571e-06
4.86804e-06
4.86578e-06
4.64115e-06
 4.6391e-06
4.43444e-06
4.43256e-06
4.24531e-06
4.24359e-06
4.07163e-06
4.07004e-06
3.91156e-06
3.91009e-06
3.76358e-06
3.76222e-06
3.62636e-06
3.62509e-06
3.49877e-06
3.49759e-06
3.37983e-06
3.37872e-06
3.26868e-06
3.26765e-06
 3.1646e-06
3.16363e-06
3.06692e-06
3.06601e-06
2.97507e-06
2.97421e-06
2.88855e-06
2.88774e-06
 2.8069e-06
2.80613e-06
2.72972e-06
  2.729e-06
2.65666e-06
2.65598e-06
 2.5874e-06
2.58675e-06
2.52164e-06
2.52102e-06
2.45913e-06
2.45854e-06
2.39964e-06
2.39907e-06
2.34294e-06
 2.3424e-06
2.28885e-06
2.28834e-06
2.23719e-06
 2.2367e-06
 2.1878e-06
2.18733e-06
2.14054e-06
2.14009e-06
2.09526e-06
2.09483e-06
2.05185e-06
2.05144e-06
 2.0102e-06
 2.0098e-06
 1.9702e-06
1.96981e-06
 0.00019999
          1
4.82875e-08
1.42105e-08
1.43098e-08
8.30672e-09
8.24333e-09
5.85708e-09
5.78345e-09
4.52175e-09
4.45771e-09
 3.6823e-09
3.62899e-09
  3.106e-09
3.06171e-09
2.68579e-09
2.64878e-09
2.36582e-09
2.33455e-09
2.11411e-09
2.08741e-09
1.91083e-09
1.88782e-09
1.74325e-09
1.72323e-09
 1.6027e-09
1.58515e-09
1.48314e-09
1.46763e-09
 1.3802e-09
1.36638e-09
1.29061e-09
1.27824e-09
1.21195e-09
1.20081e-09
1.14232e-09
1.13224e-09
1.08026e-09
1.07109e-09
1.02459e-09
1.01622e-09
9.74374e-10
9.66698e-10
9.28846e-10
9.21785e-10
 8.8738e-10
8.80862e-10
8.49453e-10
8.43419e-10
8.14633e-10
8.09029e-10
 7.8255e-10
7.77334e-10
7.52896e-10
7.48028e-10
7.25403e-10
 7.2085e-10
6.99844e-10
6.95576e-10
6.76021e-10
6.72012e-10
6.53764e-10
6.49991e-10
6.32923e-10
6.29366e-10
6.13366e-10
6.10007e-10
5.94979e-10
5.91802e-10
5.77659e-10
 5.7465e-10
5.61317e-10
5.58463e-10
5.45871e-10
 5.4316e-10
 5.3125e-10
5.28672e-10
 5.1739e-10
5.14935e-10
5.04232e-10
5.01892e-10
4.91725e-10
4.89491e-10
4.79822e-10
4.77687e-10
4.68478e-10
4.66437e-10
4.57657e-10
4.55703e-10
4.47323e-10
 4.4545e-10
4.37444e-10
4.35647e-10
4.27989e-10
4.26265e-10
4.18934e-10
4.17277e-10
4.10251e-10
4.08659e-10
 4.0192e-10
4.00388e-10
3.93919e-10
3.92443e-10
