2.14881e-08
2.36485e-09
3.62875e-09
9.51338e-10
 1.3838e-09
5.04123e-10
7.04596e-10
3.09109e-10
4.18732e-10
2.07625e-10
2.74227e-10
1.48461e-10
1.92008e-10
1.11113e-10
1.41172e-10
8.61034e-11
1.07738e-10
 6.8575e-11
8.46724e-11
5.58377e-11
6.81217e-11
1.71162e-10
1.71268e-08
2.40169e-09
7.89918e-09
1.74646e-09
4.63449e-09
1.27767e-09
 3.0791e-09
9.72109e-10
2.20858e-09
7.65678e-10
1.66893e-09
6.20141e-10
1.30974e-09
5.13644e-10
1.05782e-09
4.33261e-10
8.73861e-10
3.71003e-10
7.35169e-10
3.22012e-10
6.27538e-10
0.000198657
 6.6655e-05
6.63901e-05
3.99893e-05
3.98758e-05
 2.8561e-05
 2.8498e-05
 2.2212e-05
2.21718e-05
1.81716e-05
1.81439e-05
1.53745e-05
1.53541e-05
1.33232e-05
1.33077e-05
1.17546e-05
1.17423e-05
1.05163e-05
1.05063e-05
9.51376e-06
9.50477e-06
 0.00019999
          1
4.82876e-08
1.42107e-08
1.43099e-08
8.30672e-09
8.24335e-09
5.85711e-09
 5.7834e-09
4.52182e-09
4.45757e-09
3.68235e-09
3.62891e-09
3.10596e-09
3.06167e-09
2.68576e-09
2.64877e-09
2.36582e-09
 2.3346e-09
2.11407e-09
2.08743e-09
1.91081e-09
1.88769e-09
