4.26687e-10
1.25967e-10
1.18193e-10
6.40511e-11
6.10252e-11
3.99106e-11
3.83845e-11
 2.7611e-11
2.67263e-11
2.03817e-11
1.97826e-11
5.67997e-12
1.14889e-10
 5.7349e-11
8.05186e-11
5.10591e-11
 6.1549e-11
4.32494e-11
4.94005e-11
3.68253e-11
4.09493e-11
3.17664e-11
3.46824e-11
 9.6668e-05
3.33102e-05
 3.2666e-05
1.99895e-05
1.97134e-05
1.42794e-05
 1.4126e-05
1.11068e-05
1.10091e-05
9.08771e-06
9.00803e-06
 9.9999e-05
          1
9.72366e-09
3.35167e-09
3.28127e-09
2.00834e-09
 1.9783e-09
1.43328e-09
1.41664e-09
1.11408e-09
1.10352e-09
9.11116e-10
9.02602e-10
