4.26687e-10
1.26001e-10
1.18193e-10
6.38991e-11
6.10301e-11
4.00036e-11
3.83803e-11
2.76684e-11
2.67237e-11
2.04017e-11
1.98196e-11
1.57383e-11
1.53505e-11
 1.2546e-11
1.22737e-11
1.02549e-11
1.00568e-11
8.55086e-12
8.40207e-12
7.24627e-12
7.12737e-12
5.68086e-12
1.14889e-10
5.73473e-11
8.05184e-11
5.10278e-11
  6.155e-11
4.32298e-11
 4.9401e-11
3.68704e-11
4.09474e-11
3.17768e-11
3.47406e-11
2.77235e-11
3.00006e-11
2.44526e-11
2.62721e-11
2.17735e-11
2.32701e-11
1.95483e-11
2.08068e-11
1.76815e-11
1.87415e-11
 9.6668e-05
3.33102e-05
 3.2666e-05
1.99895e-05
1.97134e-05
1.42794e-05
 1.4126e-05
1.11068e-05
1.10091e-05
9.08759e-06
   9.02e-06
7.68961e-06
7.64004e-06
6.66437e-06
6.62646e-06
5.88033e-06
 5.8504e-06
5.26133e-06
 5.2371e-06
4.76023e-06
4.73835e-06
 9.9999e-05
          1
9.72366e-09
3.35166e-09
3.28127e-09
2.00835e-09
 1.9783e-09
1.43326e-09
1.41664e-09
 1.1141e-09
1.10352e-09
9.11103e-10
9.03804e-10
7.70658e-10
7.65312e-10
6.67713e-10
6.63629e-10
5.89021e-10
  5.858e-10
5.26916e-10
 5.2431e-10
4.76656e-10
4.74316e-10
