4.76189e-11
1.60874e-11
1.56392e-11
9.39535e-12
9.18516e-12
6.53722e-12
6.41289e-12
4.95745e-12
4.87463e-12
3.95983e-12
3.89887e-12
3.27073e-12
3.22664e-12
2.77218e-12
2.73633e-12
2.39262e-12
2.36387e-12
2.09545e-12
2.07189e-12
1.85699e-12
1.83642e-12
9.06258e-14
1.83942e-12
1.21764e-12
1.73705e-12
 1.3593e-12
1.64141e-12
1.37011e-12
1.55479e-12
1.34296e-12
1.47655e-12
1.30823e-12
1.40536e-12
1.25878e-12
1.34103e-12
1.21724e-12
1.28181e-12
1.17392e-12
1.22756e-12
1.13201e-12
1.17757e-12
1.09229e-12
1.13097e-12
 9.6668e-05
3.33102e-05
 3.2666e-05
1.99895e-05
1.97134e-05
1.42794e-05
 1.4126e-05
1.11068e-05
1.10091e-05
9.08759e-06
   9.02e-06
7.68961e-06
7.64004e-06
6.66437e-06
6.62646e-06
5.88033e-06
 5.8504e-06
5.26133e-06
 5.2371e-06
4.76023e-06
4.73835e-06
 9.9999e-05
          1
9.66752e-09
3.33138e-09
3.26689e-09
1.99917e-09
1.97152e-09
1.42806e-09
1.41273e-09
1.11085e-09
1.10101e-09
9.08785e-10
9.02078e-10
7.69047e-10
7.64065e-10
6.66494e-10
6.62697e-10
5.88079e-10
5.85083e-10
5.26172e-10
5.23747e-10
4.76057e-10
4.73866e-10
