  4.7618e-11
 1.59613e-11
 1.55322e-11
 9.20741e-12
 9.21767e-12
 6.29674e-12
 6.47517e-12
 4.94115e-12
 4.95685e-12
  3.9841e-12
 3.94053e-12
 3.29454e-12
 3.14153e-12
  2.8505e-12
 2.70809e-12
 2.39376e-12
 2.36548e-12
 2.13369e-12
 2.09692e-12
 1.83161e-12
 1.86154e-12
 1.57224e-12
 1.66933e-12
  1.4771e-12
 1.60017e-12
 1.31358e-12
 1.40874e-12
 1.21826e-12
 1.26372e-12
 1.13392e-12
  1.1547e-12
 1.04645e-12
 1.05572e-12
 9.69899e-13
 9.79054e-13
 9.07203e-13
 9.06216e-13
 8.48036e-13
 8.45623e-13
 7.91041e-13
 7.90799e-13
 7.44903e-13
 7.41574e-13
 7.00503e-13
 6.97662e-13
 6.60478e-13
 6.57644e-13
 6.24419e-13
 6.21427e-13
 5.91137e-13
 5.88318e-13
 5.60825e-13
 5.58014e-13
 5.32779e-13
 5.30161e-13
 5.07055e-13
 5.04526e-13
 4.83188e-13
 4.80807e-13
  4.6114e-13
 4.58886e-13
 4.40604e-13
  4.3846e-13
 4.21547e-13
 4.19547e-13
 4.03752e-13
 4.01838e-13
 3.87144e-13
 3.85336e-13
 3.71561e-13
 3.69865e-13
 3.57019e-13
 3.55396e-13
 3.43311e-13
  3.4178e-13
 3.30439e-13
 3.28994e-13
 3.18325e-13
 3.16946e-13
 3.06886e-13
 3.05586e-13
 2.96094e-13
 2.94856e-13
 2.85886e-13
 2.84713e-13
 2.76233e-13
 2.75114e-13
 2.67078e-13
 2.66012e-13
 2.58397e-13
 2.57381e-13
 2.50151e-13
 2.49182e-13
 2.42311e-13
 2.41389e-13
 2.34851e-13
 2.33971e-13
 2.27748e-13
 2.26907e-13
 2.20977e-13
 2.20167e-13
-2.46151e-13
 1.73516e-12
 1.11623e-12
 1.94722e-12
 1.31866e-12
  1.3325e-12
 1.39645e-12
 1.63061e-12
 1.25669e-12
 1.59528e-12
 1.44084e-12
 1.31716e-12
 1.33607e-12
 1.38478e-12
 1.24363e-12
 1.40367e-12
 1.12637e-12
 1.33229e-12
 1.04558e-12
 1.19303e-12
 1.05215e-12
 1.06732e-12
 1.03723e-12
 1.08429e-12
 1.01301e-12
 1.22633e-12
 9.34251e-13
  1.1464e-12
 9.02906e-13
 1.07677e-12
 8.88117e-13
 1.02732e-12
 8.64891e-13
 9.74111e-13
 8.40906e-13
 9.36036e-13
 8.22337e-13
 8.96877e-13
 8.02749e-13
 8.64006e-13
 7.78943e-13
 8.34478e-13
  7.6089e-13
  8.0604e-13
 7.41099e-13
 7.81147e-13
 7.22191e-13
 7.57109e-13
 7.04314e-13
 7.35084e-13
  6.8685e-13
  7.1426e-13
 6.70186e-13
 6.94675e-13
 6.54076e-13
 6.76163e-13
 6.38601e-13
 6.58616e-13
  6.2375e-13
 6.41961e-13
 6.09396e-13
 6.26113e-13
 5.95671e-13
  6.1098e-13
 5.82405e-13
 5.96556e-13
 5.69635e-13
  5.8276e-13
 5.57353e-13
 5.69523e-13
 5.45494e-13
 5.56869e-13
 5.34079e-13
 5.44698e-13
 5.23056e-13
 5.33019e-13
 5.12422e-13
 5.21784e-13
 5.02154e-13
 5.10976e-13
 4.92234e-13
 5.00559e-13
 4.82648e-13
 4.90523e-13
 4.73375e-13
 4.80841e-13
 4.64407e-13
 4.71495e-13
 4.55728e-13
 4.62468e-13
 4.47322e-13
 4.53744e-13
  4.3918e-13
 4.45306e-13
 4.31291e-13
 4.37143e-13
  4.2364e-13
  4.2924e-13
 4.16221e-13
 4.21585e-13
 4.09027e-13
 4.14156e-13
  9.6668e-05
 3.33102e-05
  3.2666e-05
 1.99895e-05
 1.97134e-05
 1.42794e-05
  1.4126e-05
 1.11068e-05
 1.10091e-05
 9.08759e-06
    9.02e-06
 7.68961e-06
 7.64004e-06
 6.66437e-06
 6.62646e-06
 5.88033e-06
  5.8504e-06
 5.26133e-06
  5.2371e-06
 4.76022e-06
 4.74021e-06
 4.34625e-06
 4.32944e-06
 3.99851e-06
 3.98419e-06
 3.70228e-06
 3.68994e-06
 3.44691e-06
 3.43616e-06
 3.22448e-06
 3.21504e-06
 3.02902e-06
 3.02065e-06
 2.85589e-06
 2.84842e-06
 2.70147e-06
 2.69478e-06
  2.5629e-06
 2.55685e-06
 2.43784e-06
 2.43236e-06
 2.32441e-06
 2.31942e-06
 2.22107e-06
  2.2165e-06
 2.12652e-06
 2.12232e-06
 2.03969e-06
 2.03582e-06
 1.95966e-06
 1.95609e-06
 1.88568e-06
 1.88236e-06
 1.81708e-06
 1.81399e-06
 1.75329e-06
 1.75041e-06
 1.69382e-06
 1.69114e-06
 1.63826e-06
 1.63574e-06
 1.58622e-06
 1.58386e-06
 1.53739e-06
 1.53517e-06
 1.49147e-06
 1.48938e-06
 1.44821e-06
 1.44624e-06
 1.40739e-06
 1.40552e-06
  1.3688e-06
 1.36704e-06
 1.33228e-06
  1.3306e-06
 1.29765e-06
 1.29606e-06
 1.26477e-06
 1.26326e-06
 1.23352e-06
 1.23208e-06
 1.20377e-06
  1.2024e-06
 1.17543e-06
 1.17412e-06
 1.14838e-06
 1.14714e-06
 1.12256e-06
 1.12136e-06
 1.09786e-06
 1.09672e-06
 1.07423e-06
 1.07314e-06
  1.0516e-06
 1.05055e-06
 1.02989e-06
 1.02889e-06
 1.00907e-06
  1.0081e-06
 9.89068e-07
 9.88122e-07
  9.9999e-05
           1
 9.66747e-09
  3.3314e-09
 3.26697e-09
 1.99917e-09
 1.97132e-09
 1.42825e-09
 1.41318e-09
 1.11073e-09
 1.10084e-09
 9.08986e-10
 9.01846e-10
  7.6881e-10
 7.63971e-10
  6.6634e-10
 6.62668e-10
 5.88026e-10
 5.85196e-10
 5.26242e-10
 5.23897e-10
  4.7625e-10
 4.74219e-10
 4.34785e-10
 4.32984e-10
 3.99883e-10
  3.9834e-10
 3.70297e-10
 3.68965e-10
 3.44694e-10
 3.43619e-10
  3.2244e-10
 3.21519e-10
 3.02907e-10
 3.02081e-10
 2.85592e-10
 2.84852e-10
 2.70151e-10
 2.69491e-10
 2.56299e-10
 2.55692e-10
 2.43786e-10
 2.43247e-10
 2.32445e-10
 2.31947e-10
 2.22111e-10
 2.21658e-10
 2.12655e-10
 2.12238e-10
 2.03972e-10
 2.03588e-10
 1.95969e-10
 1.95614e-10
 1.88571e-10
 1.88241e-10
  1.8171e-10
 1.81404e-10
 1.75331e-10
 1.75045e-10
 1.69384e-10
 1.69118e-10
 1.63828e-10
 1.63578e-10
 1.58624e-10
 1.58389e-10
  1.5374e-10
 1.53519e-10
 1.49148e-10
  1.4894e-10
 1.44822e-10
 1.44626e-10
  1.4074e-10
 1.40554e-10
 1.36881e-10
 1.36706e-10
 1.33228e-10
 1.33062e-10
 1.29765e-10
 1.29607e-10
 1.26478e-10
 1.26328e-10
 1.23352e-10
 1.23209e-10
 1.20378e-10
 1.20242e-10
 1.17543e-10
 1.17413e-10
 1.14839e-10
 1.14714e-10
 1.12256e-10
 1.12137e-10
 1.09786e-10
 1.09673e-10
 1.07423e-10
 1.07314e-10
  1.0516e-10
 1.05055e-10
 1.02989e-10
 1.02889e-10
 1.00907e-10
 1.00811e-10
 9.89066e-11
 9.88125e-11
