3.12689e-09
6.20348e-10
5.91811e-10
 2.4985e-10
 2.4262e-10
1.32453e-10
1.29521e-10
8.06392e-11
8.00562e-11
5.43694e-11
5.36631e-11
3.85539e-11
3.84385e-11
2.86984e-11
2.88639e-11
2.22428e-11
2.23233e-11
1.77149e-11
1.77949e-11
1.43681e-11
 1.4489e-11
1.18925e-11
1.20188e-11
1.00348e-11
1.00854e-11
8.52218e-12
8.62592e-12
7.35482e-12
7.42931e-12
6.40727e-12
6.44584e-12
5.63587e-12
5.68557e-12
4.94598e-12
5.01722e-12
4.43025e-12
4.47697e-12
3.96213e-12
4.00411e-12
3.57768e-12
 3.6078e-12
3.22985e-12
3.27041e-12
2.94388e-12
2.97095e-12
2.68619e-12
2.71474e-12
2.46329e-12
2.48817e-12
2.26613e-12
2.28897e-12
2.09158e-12
2.11242e-12
1.93624e-12
1.95526e-12
1.79744e-12
1.81494e-12
1.67287e-12
1.68893e-12
1.56073e-12
1.57553e-12
1.45939e-12
1.47306e-12
 1.3675e-12
1.38018e-12
1.28398e-12
 1.2957e-12
1.20779e-12
1.21871e-12
1.13816e-12
 1.1483e-12
1.07431e-12
1.08377e-12
1.01565e-12
1.02449e-12
9.61643e-13
9.69885e-13
9.11782e-13
9.19516e-13
8.65677e-13
8.72924e-13
 8.2296e-13
8.29765e-13
7.83301e-13
  7.897e-13
7.46424e-13
7.52445e-13
7.12071e-13
7.17745e-13
 6.8002e-13
6.85374e-13
 6.5007e-13
6.55128e-13
6.22044e-13
6.26826e-13
5.95779e-13
6.00307e-13
5.71134e-13
5.75423e-13
5.47981e-13
5.51804e-13
1.21964e-09
2.59447e-09
9.27052e-10
1.26979e-09
6.02202e-10
7.76002e-10
4.23036e-10
5.30424e-10
3.14266e-10
3.89046e-10
2.43532e-10
2.98897e-10
1.95087e-10
2.38072e-10
1.60136e-10
1.94425e-10
1.34076e-10
1.62118e-10
1.14112e-10
1.37526e-10
9.84341e-11
1.18301e-10
8.58725e-11
1.02973e-10
7.56679e-11
9.05215e-11
6.72282e-11
8.02874e-11
  6.018e-11
7.17423e-11
5.42243e-11
6.45189e-11
4.91516e-11
5.83929e-11
4.47672e-11
5.31009e-11
4.09615e-11
4.85463e-11
3.76444e-11
4.45515e-11
3.47383e-11
4.10492e-11
3.21485e-11
3.79628e-11
2.98619e-11
3.52159e-11
2.78128e-11
3.27691e-11
2.59765e-11
3.05751e-11
2.43221e-11
2.86013e-11
2.28261e-11
2.68183e-11
2.14687e-11
2.52019e-11
2.02329e-11
2.37317e-11
1.91044e-11
2.23903e-11
1.80708e-11
2.11629e-11
1.71218e-11
2.00366e-11
 1.6248e-11
1.90006e-11
1.54417e-11
1.80453e-11
1.46959e-11
1.71623e-11
1.40046e-11
1.63445e-11
1.33626e-11
1.55855e-11
1.27651e-11
1.48797e-11
1.22082e-11
1.42221e-11
1.16881e-11
1.36084e-11
1.12017e-11
1.30348e-11
 1.0746e-11
1.24977e-11
1.03184e-11
1.19941e-11
9.91665e-12
1.15212e-11
9.53868e-12
1.10766e-11
9.18261e-12
1.06579e-11
8.84675e-12
1.02632e-11
8.52957e-12
9.89061e-12
8.22969e-12
9.53854e-12
7.94585e-12
9.20536e-12
7.68819e-12
8.87652e-12
6.86964e-05
3.13029e-05
2.69578e-05
1.91239e-05
1.72397e-05
1.37967e-05
1.27421e-05
1.07987e-05
1.01241e-05
8.87392e-06
8.40513e-06
7.53268e-06
7.18791e-06
6.54423e-06
6.27998e-06
5.78539e-06
5.57639e-06
5.18442e-06
5.01497e-06
4.69665e-06
4.55649e-06
4.29282e-06
4.17496e-06
3.95298e-06
3.85248e-06
3.66301e-06
3.57631e-06
 3.4127e-06
3.33713e-06
3.19441e-06
3.12796e-06
3.00237e-06
2.94348e-06
2.83212e-06
2.77957e-06
2.68014e-06
2.63296e-06
2.54364e-06
2.50104e-06
2.42037e-06
2.38172e-06
2.30849e-06
2.27327e-06
 2.2065e-06
2.17426e-06
2.11314e-06
2.08352e-06
2.02736e-06
2.00006e-06
1.94826e-06
1.92302e-06
1.87511e-06
1.85169e-06
1.80725e-06
1.78547e-06
1.74413e-06
1.72382e-06
1.68526e-06
1.66628e-06
1.63024e-06
1.61246e-06
 1.5787e-06
1.56201e-06
1.53031e-06
1.51462e-06
 1.4848e-06
1.47002e-06
1.44192e-06
1.42796e-06
1.40144e-06
1.38825e-06
1.36317e-06
1.35069e-06
1.32694e-06
 1.3151e-06
1.29258e-06
1.28134e-06
1.25996e-06
1.24927e-06
1.22893e-06
1.21876e-06
 1.1994e-06
1.18971e-06
1.17126e-06
1.16201e-06
 1.1444e-06
1.13557e-06
1.11875e-06
 1.1103e-06
1.09422e-06
1.08613e-06
1.07074e-06
  1.063e-06
1.04825e-06
1.04082e-06
1.02668e-06
1.01956e-06
1.00599e-06
 9.9914e-07
9.86107e-07
9.79408e-07
9.99978e-05
          1
8.03169e-09
3.32787e-09
2.84979e-09
1.98071e-09
1.76849e-09
1.40829e-09
1.29101e-09
 1.0932e-09
1.01901e-09
 8.9435e-10
8.42883e-10
7.56749e-10
7.19037e-10
6.56403e-10
6.27311e-10
5.79434e-10
5.56485e-10
5.18814e-10
5.00123e-10
4.69723e-10
4.54231e-10
 4.2912e-10
4.16037e-10
3.95031e-10
3.83841e-10
3.65939e-10
3.56298e-10
3.40865e-10
3.32424e-10
3.19026e-10
3.11589e-10
2.99815e-10
2.93205e-10
2.82799e-10
2.76872e-10
2.67581e-10
2.62295e-10
2.53944e-10
2.49153e-10
2.41651e-10
2.37271e-10
2.30452e-10
2.26487e-10
2.20279e-10
2.16629e-10
2.10952e-10
2.07602e-10
2.02389e-10
1.99296e-10
1.94493e-10
1.91631e-10
1.87191e-10
1.84534e-10
1.80417e-10
1.77944e-10
1.74117e-10
 1.7181e-10
1.68243e-10
1.66085e-10
1.62752e-10
1.60729e-10
1.57608e-10
1.55708e-10
 1.5278e-10
1.50992e-10
1.48238e-10
1.46553e-10
1.43959e-10
1.42368e-10
1.39921e-10
1.38415e-10
1.36102e-10
1.34676e-10
1.32487e-10
1.31134e-10
1.29058e-10
1.27774e-10
1.25803e-10
1.24581e-10
1.22708e-10
1.21544e-10
1.19761e-10
1.18652e-10
1.16953e-10
1.15894e-10
1.14273e-10
1.13261e-10
1.11713e-10
1.10745e-10
1.09266e-10
1.08339e-10
1.06923e-10
1.06035e-10
1.04679e-10
1.03827e-10
1.02526e-10
1.01709e-10
1.00461e-10
9.96757e-11
9.84774e-11
9.77112e-11
