3.09876e-09
6.12156e-10
5.91178e-10
2.45599e-10
2.41119e-10
1.29666e-10
1.29049e-10
7.99797e-11
7.92545e-11
 5.3633e-11
  5.339e-11
3.84414e-11
3.83291e-11
2.86168e-11
2.85786e-11
2.21659e-11
2.21853e-11
1.77087e-11
1.77595e-11
1.44391e-11
1.44762e-11
1.19322e-11
1.19927e-11
1.00169e-11
1.00989e-11
8.54424e-12
8.60436e-12
7.35526e-12
7.42242e-12
6.39217e-12
6.45718e-12
5.62135e-12
5.66943e-12
4.96487e-12
5.01635e-12
4.42695e-12
4.46478e-12
 3.9635e-12
4.00177e-12
3.57112e-12
3.60548e-12
3.23282e-12
3.26403e-12
2.94093e-12
2.96854e-12
2.68561e-12
2.71108e-12
2.46208e-12
2.48521e-12
2.26511e-12
2.28617e-12
2.09053e-12
2.10991e-12
1.93528e-12
1.95297e-12
1.79648e-12
1.81278e-12
1.67195e-12
  1.687e-12
1.55987e-12
1.57373e-12
1.45857e-12
1.47138e-12
1.36673e-12
1.37863e-12
1.28327e-12
1.29427e-12
1.20709e-12
1.21738e-12
1.13751e-12
1.14707e-12
1.07371e-12
1.08262e-12
1.01507e-12
 1.0234e-12
9.61095e-13
 9.6889e-13
9.11263e-13
9.18566e-13
8.65188e-13
8.72042e-13
8.22494e-13
8.28933e-13
 7.8286e-13
7.88919e-13
7.46005e-13
7.51711e-13
7.11674e-13
7.17055e-13
6.79644e-13
6.84723e-13
6.49714e-13
6.54513e-13
6.21706e-13
6.26246e-13
5.95458e-13
5.99758e-13
5.70828e-13
5.74903e-13
5.47689e-13
5.51313e-13
1.20577e-09
2.56389e-09
9.18276e-10
1.26087e-09
5.97225e-10
7.70644e-10
4.16808e-10
5.27622e-10
3.09539e-10
3.86146e-10
2.39653e-10
2.96734e-10
1.91868e-10
2.35996e-10
1.57557e-10
1.92807e-10
1.32074e-10
1.60886e-10
1.12297e-10
1.36406e-10
9.69039e-11
1.17436e-10
8.46149e-11
1.02221e-10
7.45966e-11
8.98851e-11
6.63193e-11
7.97251e-11
5.93912e-11
7.12498e-11
5.35305e-11
6.40931e-11
4.85265e-11
5.80027e-11
4.42153e-11
5.27648e-11
4.04761e-11
4.82269e-11
 3.7207e-11
4.42684e-11
3.43319e-11
4.07934e-11
3.17882e-11
3.77244e-11
2.95279e-11
3.49992e-11
2.75077e-11
3.25683e-11
2.56953e-11
3.03896e-11
2.40622e-11
2.84291e-11
2.25853e-11
2.66581e-11
2.12449e-11
2.50523e-11
2.00243e-11
2.35919e-11
1.89095e-11
2.22592e-11
1.78884e-11
2.10398e-11
1.69505e-11
1.99208e-11
 1.6087e-11
1.88914e-11
  1.529e-11
1.79421e-11
1.45528e-11
1.70648e-11
1.38693e-11
1.62521e-11
1.32345e-11
1.54978e-11
1.26438e-11
1.47964e-11
 1.2093e-11
1.41429e-11
1.15786e-11
 1.3533e-11
1.10974e-11
1.29629e-11
1.06466e-11
1.24291e-11
1.02236e-11
1.19285e-11
9.82609e-12
1.14585e-11
9.45209e-12
1.10165e-11
9.09974e-12
1.06003e-11
8.76736e-12
1.02079e-11
8.45345e-12
9.83757e-12
8.15664e-12
9.48758e-12
7.87569e-12
9.15636e-12
7.62094e-12
 8.8292e-12
6.86964e-05
3.13029e-05
2.69578e-05
1.91239e-05
1.72397e-05
1.37967e-05
1.27421e-05
1.07987e-05
1.01241e-05
8.87392e-06
8.40513e-06
7.53268e-06
7.18791e-06
6.54423e-06
6.27998e-06
5.78539e-06
5.57639e-06
5.18442e-06
5.01497e-06
4.69665e-06
4.55649e-06
4.29282e-06
4.17496e-06
3.95298e-06
3.85248e-06
3.66301e-06
3.57631e-06
 3.4127e-06
3.33713e-06
3.19441e-06
3.12796e-06
3.00237e-06
2.94348e-06
2.83212e-06
2.77957e-06
2.68014e-06
2.63296e-06
2.54364e-06
2.50104e-06
2.42037e-06
2.38172e-06
2.30849e-06
2.27327e-06
 2.2065e-06
2.17426e-06
2.11314e-06
2.08352e-06
2.02736e-06
2.00006e-06
1.94826e-06
1.92302e-06
1.87511e-06
1.85169e-06
1.80725e-06
1.78547e-06
1.74413e-06
1.72382e-06
1.68526e-06
1.66628e-06
1.63024e-06
1.61246e-06
 1.5787e-06
1.56201e-06
1.53031e-06
1.51462e-06
 1.4848e-06
1.47002e-06
1.44192e-06
1.42796e-06
1.40144e-06
1.38825e-06
1.36317e-06
1.35069e-06
1.32694e-06
 1.3151e-06
1.29258e-06
1.28134e-06
1.25996e-06
1.24927e-06
1.22893e-06
1.21876e-06
 1.1994e-06
1.18971e-06
1.17126e-06
1.16201e-06
 1.1444e-06
1.13557e-06
1.11875e-06
 1.1103e-06
1.09422e-06
1.08613e-06
1.07074e-06
  1.063e-06
1.04825e-06
1.04082e-06
1.02668e-06
1.01956e-06
1.00599e-06
 9.9914e-07
9.86107e-07
9.79408e-07
9.99978e-05
          1
8.01821e-09
3.32465e-09
2.85206e-09
1.97961e-09
1.76799e-09
1.40764e-09
1.29014e-09
1.09304e-09
1.01837e-09
8.94946e-10
8.42851e-10
7.57601e-10
7.18838e-10
6.57143e-10
6.26865e-10
5.80133e-10
5.56219e-10
5.19387e-10
4.99941e-10
4.70357e-10
 4.5404e-10
4.29713e-10
4.15883e-10
3.95527e-10
3.83694e-10
3.66388e-10
3.56167e-10
 3.4125e-10
 3.3233e-10
3.19356e-10
3.11494e-10
  3.001e-10
2.93132e-10
2.83042e-10
2.76816e-10
2.67823e-10
2.62225e-10
 2.5416e-10
  2.491e-10
2.41824e-10
2.37229e-10
2.30631e-10
2.26441e-10
2.20432e-10
2.16592e-10
2.11096e-10
2.07567e-10
 2.0252e-10
1.99264e-10
1.94614e-10
1.91601e-10
1.87303e-10
1.84507e-10
1.80522e-10
 1.7792e-10
1.74214e-10
1.71787e-10
1.68333e-10
1.66063e-10
1.62837e-10
1.60709e-10
1.57688e-10
 1.5569e-10
1.52854e-10
1.50975e-10
1.48309e-10
1.46537e-10
1.44026e-10
1.42353e-10
1.39983e-10
1.38401e-10
1.36161e-10
1.34663e-10
1.32543e-10
1.31121e-10
1.29112e-10
1.27762e-10
1.25853e-10
 1.2457e-10
1.22756e-10
1.21533e-10
1.19807e-10
1.18641e-10
1.16996e-10
1.15884e-10
1.14315e-10
1.13252e-10
1.11753e-10
1.10737e-10
1.09304e-10
1.08331e-10
1.06959e-10
1.06027e-10
1.04714e-10
1.03819e-10
 1.0256e-10
1.01702e-10
1.00493e-10
9.96687e-11
9.85083e-11
9.77048e-11
