2.82111e-09
5.84011e-10
5.47228e-10
2.36649e-10
2.27084e-10
1.25918e-10
1.22518e-10
 7.7404e-11
7.59557e-11
5.22419e-11
5.02253e-11
1.07865e-09
2.29831e-09
8.46875e-10
1.14188e-09
5.55411e-10
7.02667e-10
3.91185e-10
4.82882e-10
2.91696e-10
3.54928e-10
2.30701e-10
2.66751e-10
6.86964e-05
3.13029e-05
2.69578e-05
1.91239e-05
1.72397e-05
1.37967e-05
 1.2742e-05
1.07988e-05
1.01233e-05
8.88118e-06
8.33247e-06
9.99979e-05
          1
7.89706e-09
3.31537e-09
2.83901e-09
1.97341e-09
1.76674e-09
1.40631e-09
1.29027e-09
1.09335e-09
1.01868e-09
8.95899e-10
8.35303e-10
