2.82379e-09
5.80468e-10
5.45096e-10
2.36636e-10
2.27126e-10
1.24786e-10
1.22903e-10
7.66201e-11
7.59735e-11
5.26038e-11
5.12492e-11
3.78093e-11
3.68078e-11
2.81815e-11
2.77535e-11
2.18809e-11
2.15769e-11
1.74499e-11
 1.7166e-11
1.42258e-11
1.39905e-11
1.17646e-11
1.16258e-11
9.90166e-12
9.79647e-12
8.43782e-12
8.36526e-12
7.26721e-12
7.22282e-12
6.32735e-12
 6.2961e-12
5.55484e-12
5.53083e-12
4.91367e-12
4.90378e-12
4.37638e-12
4.36539e-12
3.92352e-12
3.91946e-12
3.53521e-12
3.53115e-12
3.20097e-12
3.20123e-12
2.91249e-12
2.91276e-12
2.66044e-12
 2.6621e-12
2.43946e-12
2.44181e-12
2.24477e-12
2.24751e-12
2.07224e-12
2.07534e-12
1.91868e-12
1.92192e-12
1.78149e-12
1.78481e-12
1.65822e-12
1.66174e-12
1.54745e-12
1.55074e-12
1.44711e-12
1.45055e-12
1.35625e-12
1.35956e-12
1.27361e-12
1.27684e-12
1.19824e-12
1.20136e-12
1.12928e-12
1.13235e-12
1.06611e-12
1.06906e-12
1.00803e-12
1.01087e-12
9.54546e-13
9.57296e-13
9.05169e-13
9.07807e-13
8.59509e-13
8.62048e-13
8.17189e-13
8.19628e-13
7.77901e-13
7.80244e-13
 7.4136e-13
7.43609e-13
7.07318e-13
7.09477e-13
6.75553e-13
6.77625e-13
6.45868e-13
6.47855e-13
6.18085e-13
6.19991e-13
5.92046e-13
5.93875e-13
5.67609e-13
5.69365e-13
5.44648e-13
5.46114e-13
1.07837e-09
2.30207e-09
8.45351e-10
1.14054e-09
5.55351e-10
7.02065e-10
 3.8955e-10
4.82533e-10
2.90196e-10
3.54284e-10
2.26729e-10
2.72894e-10
1.82397e-10
2.17614e-10
1.49787e-10
1.78457e-10
1.25448e-10
1.49228e-10
1.07117e-10
1.26753e-10
9.26091e-11
1.09204e-10
8.09434e-11
9.51875e-11
7.14288e-11
8.37918e-11
6.35527e-11
7.43975e-11
5.69519e-11
6.65496e-11
5.13722e-11
5.99208e-11
4.65887e-11
  5.427e-11
4.24806e-11
4.94079e-11
3.89016e-11
4.51899e-11
3.57773e-11
4.15113e-11
3.30273e-11
3.82748e-11
3.05923e-11
3.54176e-11
2.84274e-11
3.28774e-11
2.64921e-11
3.06104e-11
2.47547e-11
2.85773e-11
2.31888e-11
2.67466e-11
 2.1772e-11
 2.5092e-11
2.04856e-11
 2.3591e-11
1.93139e-11
2.22251e-11
1.82434e-11
2.09782e-11
1.72625e-11
1.98365e-11
1.63614e-11
1.87886e-11
1.55314e-11
 1.7824e-11
1.47652e-11
1.69342e-11
1.40562e-11
1.61114e-11
1.33989e-11
 1.5349e-11
1.27881e-11
1.46412e-11
1.22196e-11
1.39827e-11
1.16894e-11
1.33689e-11
1.11942e-11
 1.2796e-11
1.07308e-11
1.22602e-11
1.02966e-11
1.17584e-11
9.88904e-12
1.12877e-11
9.50605e-12
1.08456e-11
9.14562e-12
1.04297e-11
8.80599e-12
 1.0038e-11
8.48555e-12
9.66861e-12
8.18286e-12
9.31986e-12
7.89662e-12
 8.9902e-12
7.62563e-12
8.67815e-12
7.37824e-12
8.37114e-12
6.86964e-05
3.13029e-05
2.69578e-05
1.91239e-05
1.72397e-05
1.37967e-05
1.27421e-05
1.07987e-05
1.01241e-05
8.87392e-06
8.40513e-06
7.53268e-06
7.18791e-06
6.54423e-06
6.27998e-06
5.78539e-06
5.57639e-06
5.18442e-06
5.01497e-06
4.69665e-06
4.55649e-06
4.29282e-06
4.17496e-06
3.95298e-06
3.85248e-06
3.66301e-06
3.57631e-06
 3.4127e-06
3.33712e-06
3.19441e-06
3.12796e-06
3.00237e-06
2.94348e-06
2.83212e-06
2.77957e-06
2.68014e-06
2.63296e-06
2.54364e-06
2.50104e-06
2.42037e-06
2.38172e-06
2.30849e-06
2.27327e-06
 2.2065e-06
2.17426e-06
2.11314e-06
2.08352e-06
2.02736e-06
2.00006e-06
1.94826e-06
1.92302e-06
1.87511e-06
1.85169e-06
1.80725e-06
1.78547e-06
1.74413e-06
1.72382e-06
1.68526e-06
1.66628e-06
1.63024e-06
1.61246e-06
 1.5787e-06
1.56201e-06
1.53031e-06
1.51462e-06
 1.4848e-06
1.47002e-06
1.44192e-06
1.42796e-06
1.40144e-06
1.38825e-06
1.36317e-06
1.35069e-06
1.32694e-06
 1.3151e-06
1.29258e-06
1.28134e-06
1.25996e-06
1.24927e-06
1.22893e-06
1.21876e-06
 1.1994e-06
1.18971e-06
1.17126e-06
1.16201e-06
 1.1444e-06
1.13557e-06
1.11875e-06
 1.1103e-06
1.09422e-06
1.08613e-06
1.07074e-06
  1.063e-06
1.04825e-06
1.04082e-06
1.02668e-06
1.01956e-06
1.00599e-06
 9.9914e-07
9.86107e-07
9.79408e-07
9.99979e-05
          1
7.89718e-09
 3.3149e-09
2.84096e-09
1.97529e-09
 1.7672e-09
1.40463e-09
1.29123e-09
1.09233e-09
1.01985e-09
8.94241e-10
8.43497e-10
7.57268e-10
7.19699e-10
6.57015e-10
6.27774e-10
5.80174e-10
5.56489e-10
5.19307e-10
5.00242e-10
4.70117e-10
4.54333e-10
4.29498e-10
4.16178e-10
3.95348e-10
3.83962e-10
3.66234e-10
3.56406e-10
3.41128e-10
3.32546e-10
3.19259e-10
3.11689e-10
3.00007e-10
2.93314e-10
2.82976e-10
2.76977e-10
2.67757e-10
2.62377e-10
2.54106e-10
 2.4924e-10
2.41776e-10
2.37357e-10
 2.3059e-10
 2.2656e-10
2.20394e-10
2.16703e-10
2.11063e-10
 2.0767e-10
 2.0249e-10
 1.9936e-10
1.94588e-10
1.91691e-10
1.87279e-10
1.84591e-10
  1.805e-10
1.77998e-10
1.74195e-10
1.71861e-10
1.68315e-10
1.66133e-10
 1.6282e-10
1.60775e-10
1.57672e-10
1.55752e-10
 1.5284e-10
1.51034e-10
1.48296e-10
1.46593e-10
1.44014e-10
1.42406e-10
1.39972e-10
1.38452e-10
1.36151e-10
1.34711e-10
1.32533e-10
1.31167e-10
1.29103e-10
1.27805e-10
1.25845e-10
1.24611e-10
1.22748e-10
1.21573e-10
  1.198e-10
 1.1868e-10
1.16989e-10
1.15921e-10
1.14308e-10
1.13287e-10
1.11747e-10
 1.1077e-10
1.09298e-10
1.08363e-10
1.06954e-10
1.06058e-10
1.04708e-10
1.03849e-10
1.02555e-10
1.01731e-10
1.00489e-10
9.96965e-11
9.85039e-11
9.77314e-11
