1.52121e-09
4.04248e-10
3.39902e-10
1.73743e-10
1.52956e-10
9.62989e-11
8.71285e-11
6.10182e-11
5.62036e-11
4.21162e-11
3.84948e-11
4.93092e-10
1.06998e-09
4.79927e-10
5.78722e-10
3.33064e-10
3.75866e-10
2.43072e-10
2.68423e-10
1.86007e-10
2.03271e-10
1.48739e-10
1.57358e-10
6.86964e-05
3.13029e-05
2.69578e-05
1.91239e-05
1.72397e-05
1.37967e-05
 1.2742e-05
1.07988e-05
1.01233e-05
8.88118e-06
8.33247e-06
9.99985e-05
          1
 7.3443e-09
3.24727e-09
 2.7755e-09
1.95438e-09
 1.7521e-09
1.39951e-09
1.28695e-09
1.09073e-09
1.01886e-09
8.94726e-10
8.36727e-10
