1.51944e-09
4.05754e-10
3.41337e-10
 1.7364e-10
1.53131e-10
9.63619e-11
8.75389e-11
6.09019e-11
5.64163e-11
 4.1749e-11
3.96217e-11
3.03335e-11
2.90585e-11
2.33312e-11
 2.2025e-11
1.83098e-11
1.73318e-11
1.47242e-11
1.40753e-11
1.21565e-11
1.16118e-11
1.01359e-11
9.76135e-12
8.61887e-12
 8.3089e-12
7.40867e-12
7.15385e-12
6.41871e-12
6.22028e-12
5.62402e-12
5.46901e-12
4.96281e-12
4.83202e-12
4.41569e-12
 4.3067e-12
3.94459e-12
3.85828e-12
3.55956e-12
3.47668e-12
3.21386e-12
3.14868e-12
 2.9216e-12
 2.8662e-12
2.66758e-12
2.61698e-12
2.44353e-12
2.40111e-12
 2.2471e-12
2.20937e-12
2.07323e-12
2.03999e-12
1.91858e-12
1.88919e-12
 1.7805e-12
 1.7543e-12
1.65678e-12
1.63344e-12
1.54532e-12
1.52437e-12
1.44479e-12
1.42597e-12
1.35358e-12
1.33663e-12
1.27084e-12
1.25542e-12
1.19532e-12
1.18133e-12
1.12631e-12
1.11358e-12
1.06307e-12
1.05147e-12
1.00503e-12
9.94351e-13
9.51524e-13
9.41778e-13
9.02203e-13
8.93203e-13
8.56578e-13
8.48301e-13
8.14316e-13
8.06664e-13
 7.7509e-13
7.68011e-13
7.38615e-13
7.32053e-13
7.04644e-13
 6.9855e-13
6.72951e-13
6.67283e-13
 6.4334e-13
6.38058e-13
 6.1563e-13
6.10701e-13
5.89665e-13
5.85059e-13
  5.653e-13
5.60989e-13
5.42408e-13
5.38369e-13
5.20875e-13
5.16929e-13
4.91724e-10
1.07108e-09
4.79975e-10
5.80742e-10
3.34648e-10
3.75725e-10
2.44058e-10
2.68298e-10
1.86528e-10
2.03363e-10
1.47453e-10
1.60735e-10
1.20257e-10
1.30736e-10
1.00368e-10
1.08446e-10
8.50437e-11
9.19134e-11
7.31628e-11
7.90779e-11
6.38374e-11
6.88348e-11
5.62199e-11
6.05719e-11
4.99677e-11
5.37773e-11
4.47539e-11
4.81215e-11
4.03411e-11
4.33458e-11
3.65892e-11
3.92892e-11
3.33555e-11
3.57949e-11
3.05503e-11
3.27746e-11
2.81049e-11
3.01298e-11
2.59523e-11
 2.7814e-11
 2.4051e-11
2.57609e-11
2.23571e-11
 2.3942e-11
2.08472e-11
2.23135e-11
1.94902e-11
2.08551e-11
1.82678e-11
1.95402e-11
1.71619e-11
1.83515e-11
1.61579e-11
1.72724e-11
1.52431e-11
1.62898e-11
1.44074e-11
1.53921e-11
1.36414e-11
1.45698e-11
1.29376e-11
1.38143e-11
1.22891e-11
1.31186e-11
1.16903e-11
1.24762e-11
 1.1136e-11
1.18818e-11
 1.0622e-11
1.13306e-11
1.01442e-11
1.08184e-11
9.69921e-12
1.03415e-11
9.28418e-12
9.89682e-12
8.89627e-12
 9.4813e-12
8.53322e-12
9.09246e-12
8.19283e-12
8.72799e-12
7.87326e-12
8.38587e-12
7.57279e-12
8.06426e-12
 7.2899e-12
7.76152e-12
7.02321e-12
7.47618e-12
6.77148e-12
 7.2069e-12
6.53359e-12
6.95247e-12
6.30853e-12
6.71179e-12
6.09536e-12
6.48388e-12
5.89325e-12
6.26779e-12
5.70479e-12
 6.0578e-12
6.86964e-05
3.13029e-05
2.69578e-05
1.91239e-05
1.72397e-05
1.37967e-05
1.27421e-05
1.07987e-05
1.01241e-05
8.87392e-06
8.40513e-06
7.53268e-06
7.18791e-06
6.54423e-06
6.27998e-06
5.78539e-06
5.57639e-06
5.18442e-06
5.01497e-06
4.69665e-06
4.55649e-06
4.29282e-06
4.17496e-06
3.95298e-06
3.85248e-06
3.66301e-06
3.57631e-06
 3.4127e-06
3.33713e-06
3.19441e-06
3.12796e-06
3.00237e-06
2.94348e-06
2.83212e-06
2.77957e-06
2.68014e-06
2.63296e-06
2.54364e-06
2.50104e-06
2.42037e-06
2.38172e-06
2.30849e-06
2.27327e-06
 2.2065e-06
2.17426e-06
2.11314e-06
2.08352e-06
2.02736e-06
2.00006e-06
1.94826e-06
1.92302e-06
1.87511e-06
1.85169e-06
1.80725e-06
1.78547e-06
1.74413e-06
1.72382e-06
1.68526e-06
1.66628e-06
1.63024e-06
1.61246e-06
 1.5787e-06
1.56201e-06
1.53031e-06
1.51462e-06
 1.4848e-06
1.47002e-06
1.44192e-06
1.42796e-06
1.40144e-06
1.38825e-06
1.36317e-06
1.35069e-06
1.32694e-06
 1.3151e-06
1.29258e-06
1.28134e-06
1.25996e-06
1.24927e-06
1.22893e-06
1.21876e-06
 1.1994e-06
1.18971e-06
1.17126e-06
1.16201e-06
 1.1444e-06
1.13557e-06
1.11875e-06
 1.1103e-06
1.09422e-06
1.08613e-06
1.07074e-06
  1.063e-06
1.04825e-06
1.04082e-06
1.02668e-06
1.01956e-06
1.00599e-06
 9.9914e-07
9.86107e-07
9.79408e-07
9.99985e-05
          1
7.34678e-09
 3.2449e-09
2.77431e-09
1.95536e-09
1.75234e-09
 1.4007e-09
1.28721e-09
1.09068e-09
1.01946e-09
8.93536e-10
8.44761e-10
7.57267e-10
7.21059e-10
6.57407e-10
6.29408e-10
5.80827e-10
5.58312e-10
5.19884e-10
5.01941e-10
4.70794e-10
 4.5582e-10
4.30135e-10
4.17532e-10
3.95914e-10
3.85194e-10
3.66777e-10
 3.5752e-10
3.41631e-10
3.33555e-10
3.19716e-10
3.12618e-10
3.00446e-10
2.94152e-10
2.83363e-10
2.77758e-10
2.68132e-10
2.63086e-10
2.54447e-10
2.49899e-10
2.42098e-10
2.37964e-10
2.30887e-10
2.27126e-10
2.20674e-10
2.17227e-10
2.11325e-10
2.08159e-10
2.02736e-10
1.99817e-10
1.94819e-10
1.92119e-10
1.87496e-10
1.84992e-10
1.80705e-10
1.78376e-10
1.74388e-10
1.72216e-10
1.68498e-10
1.66468e-10
1.62993e-10
1.61092e-10
1.57837e-10
1.56052e-10
1.52997e-10
1.51318e-10
1.48444e-10
1.46862e-10
1.44155e-10
1.42662e-10
1.40107e-10
1.38695e-10
 1.3628e-10
1.34943e-10
1.32656e-10
1.31388e-10
 1.2922e-10
1.28016e-10
1.25957e-10
1.24813e-10
1.22855e-10
1.21766e-10
1.19903e-10
1.18864e-10
1.17088e-10
1.16097e-10
1.14403e-10
1.13457e-10
1.11838e-10
1.10933e-10
1.09386e-10
1.08519e-10
1.07038e-10
1.06209e-10
 1.0479e-10
1.03994e-10
1.02634e-10
 1.0187e-10
1.00564e-10
9.98307e-11
9.85768e-11
9.78602e-11
