2.94189e-10
1.15615e-10
9.39051e-11
 5.9899e-11
 5.1485e-11
3.79505e-11
 3.3423e-11
2.64709e-11
 2.3789e-11
1.96321e-11
1.79265e-11
1.52103e-11
1.40488e-11
1.21672e-11
1.13359e-11
9.97342e-12
9.35663e-12
8.33558e-12
7.86409e-12
7.07915e-12
6.68036e-12
3.84103e-11
8.89886e-11
6.14278e-11
6.70672e-11
5.20622e-11
5.31306e-11
4.35334e-11
4.35765e-11
3.69396e-11
3.66448e-11
3.17678e-11
3.14372e-11
2.76867e-11
2.73824e-11
2.44085e-11
2.41455e-11
2.17305e-11
2.15081e-11
1.95094e-11
1.93232e-11
1.76395e-11
1.74234e-11
6.86964e-05
3.13029e-05
2.69578e-05
1.91239e-05
1.72397e-05
1.37967e-05
1.27421e-05
1.07987e-05
1.01241e-05
8.87392e-06
8.40513e-06
7.53268e-06
7.18791e-06
6.54423e-06
6.27998e-06
5.78539e-06
5.57639e-06
5.18442e-06
5.01494e-06
4.69724e-06
4.54453e-06
 9.9999e-05
          1
6.90823e-09
3.14749e-09
2.70751e-09
1.92047e-09
1.72993e-09
1.38429e-09
1.27781e-09
1.08289e-09
1.01479e-09
8.89472e-10
8.42195e-10
7.54781e-10
7.20031e-10
6.55564e-10
6.28942e-10
5.79425e-10
5.58377e-10
5.19145e-10
5.02082e-10
4.70292e-10
4.54928e-10
