 3.3704e-11
1.51133e-11
1.28033e-11
8.94633e-12
7.98385e-12
6.28713e-12
5.74719e-12
4.79622e-12
4.45476e-12
3.85042e-12
3.60884e-12
3.19213e-12
3.01626e-12
2.71025e-12
2.57723e-12
2.34426e-12
2.23943e-12
2.05673e-12
1.97207e-12
 1.8255e-12
1.75018e-12
6.38728e-13
1.55287e-12
1.34479e-12
 1.5572e-12
1.41229e-12
1.51401e-12
1.40776e-12
1.45178e-12
1.34951e-12
1.40038e-12
 1.3222e-12
1.33359e-12
1.27138e-12
1.28111e-12
1.22136e-12
1.23036e-12
 1.1763e-12
1.18208e-12
1.13364e-12
1.13681e-12
1.09358e-12
1.09268e-12
6.86964e-05
3.13029e-05
2.69578e-05
1.91239e-05
1.72397e-05
1.37967e-05
1.27421e-05
1.07987e-05
1.01241e-05
8.87392e-06
8.40513e-06
7.53268e-06
7.18791e-06
6.54423e-06
6.27998e-06
5.78539e-06
5.57639e-06
5.18442e-06
5.01494e-06
4.69724e-06
4.54453e-06
 9.9999e-05
          1
6.87018e-09
3.13059e-09
2.69603e-09
1.91258e-09
1.72413e-09
 1.3798e-09
1.27432e-09
1.07997e-09
 1.0125e-09
8.87474e-10
8.40582e-10
7.53331e-10
7.18849e-10
6.54475e-10
6.28046e-10
5.78583e-10
 5.5768e-10
 5.1848e-10
5.01529e-10
4.69757e-10
4.54483e-10
