2.73906e-10
1.55291e-10
1.16368e-10
8.31435e-11
6.88456e-11
 5.3428e-11
4.53323e-11
3.74514e-11
3.21697e-11
2.77437e-11
  2.407e-11
2.13146e-11
1.87515e-11
 1.6848e-11
1.50379e-11
1.36431e-11
1.23264e-11
1.12734e-11
1.02774e-11
9.49759e-12
8.58275e-12
3.71714e-10
3.25865e-10
2.60461e-10
2.30645e-10
1.91571e-10
1.74796e-10
1.48734e-10
1.37752e-10
 1.1991e-10
1.11675e-10
9.93579e-11
  9.272e-11
8.39035e-11
7.85394e-11
7.19254e-11
6.75944e-11
6.24476e-11
 5.8931e-11
5.47907e-11
5.20189e-11
4.81461e-11
4.56279e-11
1.99909e-05
1.60018e-05
1.35961e-05
 1.1842e-05
 1.0524e-05
 9.4752e-06
8.62749e-06
7.92034e-06
7.32507e-06
6.81329e-06
6.37081e-06
5.98222e-06
5.63976e-06
5.33421e-06
5.06098e-06
4.81425e-06
4.59085e-06
4.38789e-06
4.19969e-06
4.03756e-06
3.84542e-06
9.99971e-05
          1
2.04134e-09
1.61957e-09
1.37587e-09
1.19301e-09
1.05982e-09
9.51671e-10
8.67805e-10
7.93783e-10
7.35718e-10
6.82392e-10
6.38987e-10
5.98929e-10
5.65147e-10
5.33858e-10
5.06842e-10
4.81672e-10
4.59561e-10
4.38905e-10
4.20274e-10
4.03773e-10
3.84682e-10
