2.44471e-10
1.59731e-10
1.10425e-10
8.57674e-11
6.56263e-11
5.41519e-11
4.47892e-11
3.72266e-11
3.21486e-11
2.75371e-11
2.40874e-11
2.10663e-11
 1.8767e-11
1.67653e-11
 1.4956e-11
1.35663e-11
1.23034e-11
1.12196e-11
1.02361e-11
9.46129e-12
 8.6524e-12
8.07126e-12
 7.4141e-12
6.94084e-12
6.45123e-12
6.02898e-12
5.66879e-12
5.27996e-12
4.98861e-12
4.68893e-12
 4.4296e-12
4.19106e-12
3.94889e-12
3.76044e-12
3.55669e-12
3.38692e-12
3.21541e-12
3.07807e-12
2.91757e-12
2.79354e-12
2.67527e-12
2.54948e-12
2.44496e-12
2.34746e-12
2.24552e-12
2.15924e-12
2.07397e-12
1.99436e-12
1.91836e-12
1.84838e-12
1.78017e-12
1.71725e-12
1.65622e-12
1.59971e-12
1.54479e-12
 1.4937e-12
1.44408e-12
1.39792e-12
1.35283e-12
1.31093e-12
 1.2701e-12
1.23177e-12
1.19449e-12
1.15961e-12
1.12551e-12
1.09353e-12
1.06227e-12
 1.0329e-12
1.00423e-12
9.77159e-13
9.50747e-13
9.25822e-13
9.01414e-13
8.78368e-13
8.55823e-13
8.34474e-13
8.13573e-13
7.93765e-13
7.74368e-13
7.55955e-13
7.37912e-13
7.20771e-13
7.03962e-13
6.87975e-13
6.72292e-13
6.57357e-13
  6.427e-13
 6.2873e-13
6.15012e-13
6.01924e-13
5.89067e-13
5.76789e-13
5.64723e-13
 5.5319e-13
5.41851e-13
5.31003e-13
5.20335e-13
5.10119e-13
5.00069e-13
4.90457e-13
4.80553e-13
3.23985e-10
2.93804e-10
2.55262e-10
2.17132e-10
1.89289e-10
1.65963e-10
1.47526e-10
1.31783e-10
1.18954e-10
1.07858e-10
9.84875e-11
8.97912e-11
 8.3064e-11
7.62048e-11
7.12274e-11
6.57773e-11
6.19384e-11
5.73451e-11
5.44115e-11
5.06369e-11
4.81764e-11
4.51173e-11
4.30251e-11
4.04712e-11
3.87029e-11
3.65502e-11
3.50413e-11
 3.3201e-11
3.18911e-11
3.03167e-11
2.91632e-11
2.78184e-11
2.68017e-11
2.56103e-11
 2.4732e-11
2.36782e-11
2.29005e-11
2.19616e-11
2.12816e-11
2.04341e-11
1.98307e-11
1.90764e-11
1.85248e-11
1.78532e-11
1.73587e-11
1.67448e-11
1.63014e-11
1.57458e-11
1.53417e-11
1.48361e-11
1.44692e-11
1.40069e-11
 1.3672e-11
1.32486e-11
1.29421e-11
1.25531e-11
1.22718e-11
1.19133e-11
1.16547e-11
1.13235e-11
 1.1085e-11
1.07784e-11
 1.0558e-11
1.02735e-11
1.00694e-11
9.80485e-12
9.61547e-12
9.36893e-12
9.19286e-12
8.96278e-12
8.79881e-12
8.58362e-12
8.43063e-12
 8.2291e-12
8.08612e-12
7.89704e-12
7.76324e-12
7.58556e-12
7.46014e-12
7.29295e-12
7.17522e-12
7.01768e-12
6.90703e-12
6.75838e-12
6.65424e-12
 6.5138e-12
6.41567e-12
6.28283e-12
6.19026e-12
6.06446e-12
5.97702e-12
5.85775e-12
5.77508e-12
5.66189e-12
5.58364e-12
 5.4761e-12
5.40196e-12
5.29969e-12
5.22937e-12
5.13222e-12
5.06115e-12
4.96971e-12
1.99909e-05
1.60018e-05
1.35961e-05
 1.1842e-05
 1.0524e-05
 9.4752e-06
8.62749e-06
7.92034e-06
7.32507e-06
6.81329e-06
6.37081e-06
5.98222e-06
5.63976e-06
5.33421e-06
5.06099e-06
 4.8142e-06
  4.591e-06
4.38738e-06
4.20152e-06
4.03059e-06
3.87337e-06
 3.7278e-06
3.59304e-06
3.46755e-06
3.35074e-06
3.24142e-06
3.13919e-06
 3.0431e-06
2.95286e-06
2.86772e-06
2.78748e-06
2.71152e-06
 2.6397e-06
 2.5715e-06
2.50683e-06
2.44527e-06
2.38673e-06
2.33087e-06
2.27764e-06
2.22672e-06
 2.1781e-06
 2.1315e-06
2.08691e-06
2.04409e-06
2.00306e-06
1.96359e-06
1.92569e-06
1.88919e-06
1.85409e-06
1.82023e-06
1.78762e-06
1.75613e-06
1.72576e-06
1.69639e-06
1.66804e-06
1.64059e-06
1.61406e-06
1.58835e-06
1.56347e-06
1.53933e-06
1.51595e-06
1.49325e-06
1.47124e-06
1.44985e-06
1.42909e-06
 1.4089e-06
1.38929e-06
 1.3702e-06
1.35164e-06
1.33357e-06
1.31599e-06
1.29885e-06
1.28216e-06
1.26589e-06
1.25003e-06
1.23456e-06
1.21947e-06
1.20474e-06
1.19037e-06
1.17633e-06
1.16263e-06
1.14923e-06
1.13615e-06
1.12335e-06
1.11085e-06
1.09861e-06
1.08665e-06
1.07494e-06
1.06348e-06
1.05226e-06
1.04128e-06
1.03052e-06
1.01999e-06
1.00966e-06
9.99548e-07
9.89627e-07
9.79911e-07
9.70374e-07
9.61029e-07
9.51873e-07
9.42466e-07
9.99974e-05
          1
2.03379e-09
1.62719e-09
1.37544e-09
1.19788e-09
1.05879e-09
9.55341e-10
8.64785e-10
7.97452e-10
7.33103e-10
6.84812e-10
6.37353e-10
6.00195e-10
5.64387e-10
5.34455e-10
5.06578e-10
4.82001e-10
4.59437e-10
4.39013e-10
 4.2047e-10
4.03139e-10
3.87591e-10
3.72772e-10
3.59449e-10
3.46705e-10
3.35193e-10
3.24029e-10
3.13999e-10
3.04187e-10
2.95313e-10
 2.8664e-10
2.78766e-10
   2.71e-10
2.63968e-10
2.56996e-10
2.50656e-10
2.44396e-10
2.38619e-10
2.32947e-10
2.27713e-10
2.22538e-10
2.17749e-10
2.13009e-10
2.08632e-10
2.04276e-10
2.00237e-10
 1.9623e-10
1.92501e-10
1.88792e-10
1.85339e-10
  1.819e-10
1.78692e-10
1.75494e-10
1.72506e-10
1.69524e-10
1.66734e-10
1.63948e-10
1.61336e-10
1.58727e-10
1.56278e-10
1.53828e-10
1.51527e-10
1.49224e-10
1.47057e-10
1.44887e-10
1.42843e-10
1.40795e-10
1.38864e-10
1.36928e-10
1.35101e-10
1.33268e-10
1.31536e-10
1.29798e-10
1.28155e-10
1.26505e-10
1.24944e-10
1.23375e-10
1.21889e-10
1.20396e-10
1.18981e-10
1.17557e-10
1.16207e-10
1.14849e-10
1.13561e-10
1.12263e-10
1.11032e-10
1.09791e-10
1.08613e-10
1.07426e-10
1.06298e-10
 1.0516e-10
1.04079e-10
1.02988e-10
1.01951e-10
1.00904e-10
9.99077e-11
9.89024e-11
 9.7945e-11
9.69787e-11
9.60579e-11
9.51303e-11
9.42021e-11
