 5.54859e-09
 5.92425e-10
 9.32335e-10
 2.38101e-10
 3.54314e-10
 1.26334e-10
 1.79943e-10
 7.73795e-11
 1.06723e-10
 5.18693e-11
  6.9779e-11
 3.72039e-11
 4.87935e-11
 2.77708e-11
 3.58305e-11
 2.15314e-11
 2.73245e-11
 1.71364e-11
 2.14482e-11
   1.399e-11
 1.72547e-11
 1.15713e-11
 1.41494e-11
 9.74963e-12
 1.17935e-11
 8.33134e-12
 9.97642e-12
 7.17535e-12
 8.53448e-12
 6.24658e-12
  7.3778e-12
 5.49157e-12
 6.44656e-12
 4.85988e-12
 5.65938e-12
 4.33277e-12
 5.02917e-12
 3.88449e-12
 4.47344e-12
  3.5011e-12
 4.02175e-12
 3.17202e-12
 3.62262e-12
 2.88756e-12
 3.28459e-12
 2.63791e-12
 2.98912e-12
 2.41984e-12
 2.73164e-12
 2.22729e-12
 2.50551e-12
 2.05657e-12
 2.30589e-12
 1.90463e-12
 2.12895e-12
  1.7688e-12
 1.97124e-12
 1.64683e-12
 1.83031e-12
 1.53699e-12
 1.70371e-12
 1.43769e-12
 1.58962e-12
 1.34762e-12
 1.48653e-12
 1.26569e-12
 1.39298e-12
 1.19096e-12
 1.30791e-12
 1.12262e-12
 1.23031e-12
 1.05993e-12
 1.15934e-12
 1.00232e-12
 1.09426e-12
  9.4925e-13
 1.03445e-12
 9.00252e-13
 9.79368e-13
 8.54947e-13
 9.28515e-13
  8.1294e-13
  8.8149e-13
 7.73926e-13
 8.37909e-13
 7.37648e-13
 7.97448e-13
 7.03842e-13
 7.59829e-13
 6.72292e-13
 7.24776e-13
 6.42804e-13
 6.92072e-13
 6.15201e-13
 6.61516e-13
 5.89334e-13
 6.32919e-13
 5.65051e-13
 6.06123e-13
  5.4223e-13
 5.80977e-13
-3.15475e-12
 4.43799e-09
 5.91912e-10
 2.04166e-09
 4.33048e-10
 1.19573e-09
 3.17493e-10
 7.93365e-10
 2.41905e-10
 5.68467e-10
 1.90537e-10
 4.29193e-10
 1.54443e-10
 3.36582e-10
 1.27943e-10
 2.71666e-10
 1.07941e-10
 2.24311e-10
 9.24541e-11
  1.8861e-10
 8.01824e-11
 1.61014e-10
 7.02789e-11
 1.39199e-10
 6.21932e-11
 1.21638e-10
 5.54732e-11
 1.07287e-10
 4.98125e-11
 9.53925e-11
 4.50276e-11
  8.5417e-11
 4.09116e-11
 7.69747e-11
 3.73594e-11
 6.97426e-11
 3.42729e-11
 6.35226e-11
 3.15655e-11
 5.81074e-11
 2.91778e-11
 5.33813e-11
 2.70623e-11
 4.92189e-11
 2.51778e-11
 4.55385e-11
 2.34904e-11
 4.22657e-11
 2.19739e-11
 3.93421e-11
 2.06049e-11
  3.6719e-11
 1.93649e-11
 3.43562e-11
 1.82377e-11
 3.22198e-11
 1.72098e-11
 3.02815e-11
 1.62697e-11
 2.85172e-11
 1.54074e-11
 2.69065e-11
 1.46145e-11
 2.54318e-11
 1.38834e-11
  2.4078e-11
 1.32079e-11
 2.28321e-11
 1.25823e-11
 2.16828e-11
 1.20019e-11
 2.06202e-11
 1.14621e-11
 1.96357e-11
 1.09592e-11
 1.87218e-11
   1.049e-11
 1.78717e-11
 1.00513e-11
 1.70796e-11
 9.64061e-12
 1.63403e-11
 9.25546e-12
 1.56492e-11
  8.8938e-12
  1.5002e-11
 8.55367e-12
 1.43951e-11
 8.23339e-12
 1.38251e-11
 7.93141e-12
 1.32892e-11
 7.64633e-12
 1.27846e-11
  7.3769e-12
 1.23088e-11
 7.12198e-12
 1.18597e-11
  6.8805e-12
 1.14354e-11
 6.65153e-12
  1.1034e-11
  9.9999e-05
 3.33323e-05
 3.33323e-05
  1.9999e-05
  1.9999e-05
 1.42847e-05
 1.42847e-05
 1.11101e-05
 1.11101e-05
 9.08991e-06
 9.08991e-06
 7.69131e-06
 7.69131e-06
 6.66567e-06
 6.66567e-06
 5.88135e-06
 5.88135e-06
 5.26216e-06
 5.26216e-06
  4.7609e-06
  4.7609e-06
 4.34683e-06
 4.34683e-06
   3.999e-06
   3.999e-06
  3.7027e-06
  3.7027e-06
 3.44728e-06
 3.44728e-06
 3.22481e-06
 3.22481e-06
  3.0293e-06
  3.0293e-06
 2.85614e-06
 2.85614e-06
  2.7017e-06
  2.7017e-06
  2.5631e-06
  2.5631e-06
 2.43802e-06
 2.43802e-06
 2.32458e-06
 2.32458e-06
 2.22122e-06
 2.22122e-06
 2.12666e-06
 2.12666e-06
 2.03982e-06
 2.03982e-06
 1.95978e-06
 1.95978e-06
 1.88579e-06
 1.88579e-06
 1.81718e-06
 1.81718e-06
 1.75339e-06
 1.75339e-06
 1.69392e-06
 1.69392e-06
 1.63834e-06
 1.63834e-06
  1.5863e-06
  1.5863e-06
 1.53746e-06
 1.53746e-06
 1.49154e-06
 1.49154e-06
 1.44828e-06
 1.44828e-06
 1.40745e-06
 1.40745e-06
 1.36886e-06
 1.36886e-06
 1.33233e-06
 1.33233e-06
  1.2977e-06
  1.2977e-06
 1.26482e-06
 1.26482e-06
 1.23357e-06
 1.23357e-06
 1.20382e-06
 1.20382e-06
 1.17547e-06
 1.17547e-06
 1.14843e-06
 1.14843e-06
  1.1226e-06
  1.1226e-06
  1.0979e-06
  1.0979e-06
 1.07427e-06
 1.07427e-06
 1.05163e-06
 1.05163e-06
 1.02993e-06
 1.02993e-06
  1.0091e-06
  1.0091e-06
 9.89099e-07
 9.89099e-07
  9.9999e-05
           1
 1.22187e-08
 3.55553e-09
 3.59949e-09
 2.07815e-09
 2.06872e-09
 1.46527e-09
 1.44979e-09
 1.13151e-09
 1.11678e-09
 9.21214e-10
 9.08873e-10
  7.7713e-10
 7.66668e-10
  6.7205e-10
 6.63189e-10
 5.92059e-10
 5.84516e-10
 5.29051e-10
 5.22601e-10
 4.78227e-10
 4.72648e-10
 4.36288e-10
  4.3144e-10
 4.01172e-10
 3.96882e-10
 3.71272e-10
 3.67472e-10
 3.45514e-10
 3.42137e-10
 3.23125e-10
 3.20086e-10
  3.0345e-10
  3.0071e-10
  2.8603e-10
 2.83559e-10
 2.70517e-10
 2.68258e-10
   2.566e-10
 2.54534e-10
 2.44036e-10
 2.42145e-10
 2.32655e-10
 2.30912e-10
 2.22284e-10
 2.20675e-10
 2.12801e-10
  2.1131e-10
 2.04094e-10
 2.02709e-10
 1.96072e-10
 1.94781e-10
 1.88656e-10
 1.87452e-10
 1.81782e-10
 1.80654e-10
  1.7539e-10
 1.74334e-10
 1.69433e-10
  1.6844e-10
 1.63868e-10
 1.62933e-10
 1.58657e-10
 1.57775e-10
 1.53766e-10
 1.52934e-10
 1.49169e-10
 1.48381e-10
 1.44838e-10
 1.44091e-10
 1.40751e-10
 1.40043e-10
 1.36889e-10
 1.36217e-10
 1.33233e-10
 1.32593e-10
 1.29768e-10
 1.29158e-10
 1.26478e-10
 1.25896e-10
  1.2335e-10
 1.22795e-10
 1.20374e-10
 1.19844e-10
 1.17537e-10
  1.1703e-10
 1.14832e-10
 1.14346e-10
 1.12248e-10
 1.11782e-10
 1.09777e-10
 1.09331e-10
 1.07413e-10
 1.06985e-10
 1.05149e-10
 1.04737e-10
 1.02978e-10
 1.02582e-10
 1.00895e-10
 1.00514e-10
 9.88943e-11
 9.85274e-11
