2.63788e-10
1.55972e-10
1.14191e-10
8.52968e-11
 6.6695e-11
5.43744e-11
 4.4783e-11
3.74391e-11
3.21448e-11
2.76123e-11
2.40748e-11
2.12377e-11
1.87343e-11
1.68091e-11
1.50131e-11
1.36224e-11
1.23017e-11
1.12616e-11
1.02556e-11
9.48927e-12
8.56683e-12
3.52706e-10
3.14935e-10
2.56203e-10
2.26456e-10
1.90827e-10
1.70224e-10
1.50125e-10
1.33673e-10
 1.2119e-10
1.08827e-10
 1.0008e-10
9.07844e-11
8.42803e-11
7.71496e-11
7.21286e-11
6.65407e-11
6.25601e-11
5.81016e-11
5.48464e-11
5.13716e-11
4.80666e-11
4.51734e-11
1.99909e-05
1.60018e-05
1.35961e-05
 1.1842e-05
 1.0524e-05
9.47521e-06
8.62749e-06
7.92034e-06
7.32507e-06
6.81329e-06
6.37081e-06
5.98222e-06
5.63976e-06
5.33421e-06
5.06098e-06
4.81425e-06
4.59085e-06
4.38789e-06
4.19969e-06
4.03756e-06
3.84542e-06
9.99972e-05
          1
2.03904e-09
1.62389e-09
1.37421e-09
1.19332e-09
1.05953e-09
9.53479e-10
8.65697e-10
7.96178e-10
7.33888e-10
6.84058e-10
6.37835e-10
      6e-10
 5.6441e-10
5.34592e-10
5.06335e-10
4.82207e-10
4.59193e-10
4.39311e-10
4.20002e-10
4.04066e-10
3.84558e-10
