1.86148e-10
1.28919e-10
9.12687e-11
7.05036e-11
5.66863e-11
4.58269e-11
3.84195e-11
3.26078e-11
2.77782e-11
2.44177e-11
2.11119e-11
1.89257e-11
1.66417e-11
1.50842e-11
1.34676e-11
1.23057e-11
1.11221e-11
1.02342e-11
9.33296e-12
8.66945e-12
7.84403e-12
2.12007e-10
 2.0392e-10
1.81347e-10
1.53545e-10
1.40396e-10
1.21582e-10
1.10973e-10
 9.9009e-11
9.06029e-11
8.21651e-11
7.58509e-11
6.94224e-11
6.46509e-11
5.95978e-11
5.58902e-11
5.18482e-11
4.88901e-11
4.56139e-11
4.31781e-11
4.05918e-11
3.81102e-11
3.59254e-11
1.99909e-05
1.60018e-05
1.35961e-05
 1.1842e-05
 1.0524e-05
 9.4752e-06
8.62749e-06
7.92034e-06
7.32507e-06
6.81329e-06
6.37081e-06
5.98222e-06
5.63976e-06
5.33421e-06
5.06098e-06
4.81425e-06
4.59085e-06
4.38789e-06
4.19969e-06
4.03756e-06
3.84542e-06
9.99979e-05
          1
2.02753e-09
1.61889e-09
1.37251e-09
1.19379e-09
1.05908e-09
9.52957e-10
8.66924e-10
7.95316e-10
7.35258e-10
6.83483e-10
6.38947e-10
5.99709e-10
5.65282e-10
5.34478e-10
5.07037e-10
4.82191e-10
4.59774e-10
4.39352e-10
4.20489e-10
4.04159e-10
3.84918e-10
