 2.0233e-10
1.22471e-10
9.53113e-11
6.86032e-11
5.86407e-11
4.57718e-11
3.96966e-11
3.17673e-11
2.85442e-11
2.37785e-11
2.13484e-11
1.82456e-11
1.67132e-11
1.46306e-11
1.36605e-11
1.18135e-11
1.13223e-11
9.86218e-12
 9.5863e-12
8.31545e-12
8.17012e-12
7.11326e-12
6.91241e-12
6.14047e-12
5.98378e-12
5.43602e-12
5.24031e-12
4.85504e-12
4.61965e-12
4.29165e-12
4.14753e-12
3.83723e-12
3.71667e-12
3.46873e-12
3.33784e-12
3.14425e-12
3.02877e-12
2.85915e-12
2.75682e-12
2.61146e-12
2.52081e-12
2.39418e-12
 2.3139e-12
2.20276e-12
2.13138e-12
2.03283e-12
1.96962e-12
1.88216e-12
1.82529e-12
1.74744e-12
 1.6963e-12
1.62661e-12
1.58043e-12
1.51774e-12
1.47606e-12
1.41949e-12
1.38154e-12
1.33039e-12
1.29586e-12
1.24938e-12
1.21786e-12
1.17551e-12
1.14664e-12
1.10797e-12
1.08151e-12
1.04605e-12
1.02171e-12
9.89208e-13
9.66725e-13
9.36798e-13
9.16068e-13
8.88444e-13
8.69244e-13
8.43743e-13
8.25922e-13
8.02284e-13
7.85753e-13
7.63815e-13
7.48419e-13
7.28032e-13
7.13681e-13
6.94694e-13
6.81296e-13
6.63587e-13
6.51057e-13
6.34514e-13
6.22781e-13
6.07304e-13
  5.963e-13
  5.818e-13
5.71469e-13
5.57863e-13
 5.4815e-13
5.35367e-13
5.26225e-13
  5.142e-13
5.05584e-13
4.94259e-13
4.86129e-13
4.75474e-13
4.67322e-13
2.36045e-10
2.14425e-10
1.80039e-10
1.60542e-10
1.37545e-10
1.26241e-10
1.10785e-10
1.02537e-10
9.05061e-11
8.46788e-11
7.56741e-11
7.13464e-11
6.38811e-11
 6.1044e-11
5.50412e-11
5.32408e-11
4.80165e-11
4.67465e-11
4.23584e-11
4.15689e-11
3.77313e-11
3.72815e-11
3.39551e-11
 3.3527e-11
3.06751e-11
3.02732e-11
2.78745e-11
2.76313e-11
2.54841e-11
2.52561e-11
2.34024e-11
2.32428e-11
2.15675e-11
2.14471e-11
1.99807e-11
1.98641e-11
 1.8557e-11
1.84651e-11
1.72958e-11
1.72133e-11
1.61632e-11
1.60949e-11
 1.5144e-11
1.50866e-11
1.42247e-11
1.41758e-11
  1.339e-11
1.33497e-11
1.26311e-11
1.25975e-11
1.19381e-11
1.19106e-11
1.13037e-11
1.12813e-11
1.07211e-11
1.07032e-11
1.01848e-11
1.01708e-11
9.68971e-12
9.67914e-12
9.23175e-12
9.22415e-12
8.80716e-12
8.80213e-12
8.41263e-12
8.40992e-12
8.04538e-12
8.04463e-12
7.70285e-12
7.70385e-12
7.38284e-12
7.38533e-12
7.08331e-12
7.08718e-12
6.80257e-12
6.80757e-12
  6.539e-12
6.54503e-12
6.29119e-12
6.29811e-12
6.05789e-12
6.06559e-12
5.83795e-12
5.84633e-12
5.63035e-12
5.63932e-12
5.43416e-12
5.44363e-12
5.24854e-12
5.25845e-12
5.07272e-12
  5.083e-12
  4.906e-12
 4.9166e-12
4.74775e-12
4.75863e-12
 4.5974e-12
 4.6085e-12
4.45442e-12
4.46568e-12
4.31883e-12
4.32347e-12
1.99909e-05
1.60018e-05
1.35961e-05
 1.1842e-05
 1.0524e-05
 9.4752e-06
 8.6275e-06
7.92034e-06
7.32507e-06
6.81329e-06
6.37081e-06
5.98222e-06
5.63976e-06
5.33421e-06
5.06099e-06
 4.8142e-06
  4.591e-06
4.38738e-06
4.20152e-06
4.03059e-06
3.87337e-06
 3.7278e-06
3.59304e-06
3.46755e-06
3.35074e-06
3.24142e-06
3.13919e-06
 3.0431e-06
2.95286e-06
2.86772e-06
2.78748e-06
2.71152e-06
 2.6397e-06
 2.5715e-06
2.50683e-06
2.44527e-06
2.38673e-06
2.33087e-06
2.27764e-06
2.22672e-06
 2.1781e-06
 2.1315e-06
2.08691e-06
2.04409e-06
2.00306e-06
1.96359e-06
1.92569e-06
1.88919e-06
1.85409e-06
1.82023e-06
1.78762e-06
1.75613e-06
1.72576e-06
1.69639e-06
1.66804e-06
1.64059e-06
1.61406e-06
1.58835e-06
1.56347e-06
1.53933e-06
1.51595e-06
1.49325e-06
1.47124e-06
1.44985e-06
1.42909e-06
 1.4089e-06
1.38929e-06
 1.3702e-06
1.35164e-06
1.33357e-06
1.31599e-06
1.29885e-06
1.28216e-06
1.26589e-06
1.25003e-06
1.23456e-06
1.21947e-06
1.20474e-06
1.19037e-06
1.17633e-06
1.16263e-06
1.14923e-06
1.13615e-06
1.12335e-06
1.11085e-06
1.09861e-06
1.08665e-06
1.07494e-06
1.06348e-06
1.05226e-06
1.04128e-06
1.03052e-06
1.01999e-06
1.00966e-06
9.99548e-07
9.89627e-07
9.79911e-07
9.70374e-07
9.61029e-07
9.51873e-07
9.42466e-07
9.99978e-05
          1
 2.0365e-09
1.61511e-09
1.37474e-09
1.19166e-09
 1.0572e-09
9.52669e-10
8.66538e-10
7.94907e-10
7.35313e-10
 6.8298e-10
6.39439e-10
5.99105e-10
5.65945e-10
5.33885e-10
5.07872e-10
4.81743e-10
4.60507e-10
4.38979e-10
4.21337e-10
4.03194e-10
3.88315e-10
3.72811e-10
3.60014e-10
3.46563e-10
3.35697e-10
3.23961e-10
3.14511e-10
3.04062e-10
2.95821e-10
2.86502e-10
2.79227e-10
2.70909e-10
 2.6434e-10
2.56951e-10
2.50996e-10
2.44336e-10
2.38936e-10
2.32916e-10
2.27988e-10
2.22507e-10
2.18005e-10
2.12994e-10
2.08859e-10
2.04263e-10
2.00452e-10
1.96219e-10
1.92697e-10
1.88786e-10
1.85521e-10
1.81897e-10
1.78861e-10
1.75493e-10
1.72663e-10
1.69525e-10
1.66881e-10
 1.6395e-10
1.61474e-10
 1.5873e-10
1.56407e-10
1.53833e-10
1.51649e-10
1.49228e-10
1.47171e-10
1.44892e-10
1.42951e-10
1.40801e-10
1.38966e-10
1.36934e-10
1.35198e-10
1.33274e-10
1.31628e-10
1.29805e-10
1.28243e-10
1.26512e-10
1.25027e-10
1.23382e-10
1.21968e-10
1.20403e-10
1.19056e-10
1.17564e-10
1.16279e-10
1.14857e-10
1.13629e-10
1.12271e-10
1.11098e-10
1.09799e-10
1.08676e-10
1.07433e-10
1.06358e-10
1.05168e-10
1.04137e-10
1.02995e-10
1.02006e-10
1.00911e-10
9.99611e-11
9.89095e-11
9.79964e-11
9.69857e-11
9.61073e-11
9.51373e-11
9.42479e-11
