6.74566e-11
4.93188e-11
3.84915e-11
3.17098e-11
2.61689e-11
2.25375e-11
1.92321e-11
1.69742e-11
1.49134e-11
1.32612e-11
1.19567e-11
1.07084e-11
 9.7951e-12
 8.8692e-12
8.17507e-12
7.48167e-12
6.93502e-12
6.40315e-12
5.96052e-12
5.56024e-12
5.12343e-12
3.70264e-11
3.86374e-11
 3.6782e-11
3.47292e-11
3.25766e-11
3.04126e-11
2.86344e-11
2.66155e-11
2.52539e-11
2.35817e-11
2.23437e-11
 2.1087e-11
1.99417e-11
1.89623e-11
1.79556e-11
 1.7148e-11
1.62827e-11
1.55976e-11
  1.485e-11
1.42796e-11
1.35431e-11
1.29963e-11
1.99909e-05
1.60018e-05
1.35961e-05
 1.1842e-05
 1.0524e-05
 9.4752e-06
8.62749e-06
7.92034e-06
7.32507e-06
6.81329e-06
6.37081e-06
5.98222e-06
5.63976e-06
5.33421e-06
5.06098e-06
4.81425e-06
4.59085e-06
4.38789e-06
4.19969e-06
4.03756e-06
3.84542e-06
9.99988e-05
          1
2.00586e-09
1.60508e-09
1.36343e-09
 1.1872e-09
1.05487e-09
 9.4951e-10
8.64493e-10
7.93456e-10
7.33746e-10
6.82416e-10
6.38009e-10
5.99053e-10
5.64706e-10
 5.3407e-10
5.06682e-10
4.81944e-10
4.59558e-10
4.39212e-10
4.20359e-10
4.04104e-10
3.84861e-10
