6.74134e-11
4.91701e-11
3.86816e-11
3.15253e-11
2.62964e-11
2.24317e-11
1.93002e-11
1.69729e-11
1.48184e-11
1.34745e-11
1.15415e-11
3.70359e-11
3.85231e-11
3.67997e-11
 3.4732e-11
3.25417e-11
3.04492e-11
2.85368e-11
2.67318e-11
2.51427e-11
2.36696e-11
2.21925e-11
2.06961e-11
1.99689e-05
1.60062e-05
 1.3587e-05
1.18475e-05
1.05152e-05
9.48399e-06
 8.6138e-06
7.93951e-06
7.29193e-06
6.87295e-06
6.24942e-06
9.99988e-05
          1
 2.0035e-09
1.60557e-09
1.36248e-09
1.18777e-09
1.05397e-09
9.50427e-10
8.63075e-10
7.95396e-10
7.30434e-10
6.88364e-10
 6.2585e-10
