9.47563e-12
7.47636e-12
6.25646e-12
5.38151e-12
4.71328e-12
4.19739e-12
3.76388e-12
3.42855e-12
3.10883e-12
2.90101e-12
2.59696e-12
 8.6984e-13
1.01498e-12
1.08268e-12
 1.1214e-12
1.14101e-12
1.14926e-12
1.15074e-12
1.14539e-12
1.14013e-12
1.12382e-12
1.13239e-12
1.09624e-12
1.99689e-05
1.60062e-05
 1.3587e-05
1.18475e-05
1.05152e-05
9.48399e-06
 8.6138e-06
7.93951e-06
7.29193e-06
6.87295e-06
6.24942e-06
 9.9999e-05
          1
1.99705e-09
1.60076e-09
1.35882e-09
1.18485e-09
1.05162e-09
9.48481e-10
8.61453e-10
7.94018e-10
7.29252e-10
6.87351e-10
 6.2499e-10
