5.15167e-11
4.60097e-11
3.62169e-11
3.21097e-11
2.61552e-11
2.40446e-11
1.97048e-11
1.87261e-11
1.55057e-11
1.48814e-11
1.26523e-11
1.20449e-11
1.05566e-11
9.95288e-12
8.92785e-12
8.38531e-12
 7.6292e-12
7.18295e-12
6.57092e-12
 6.2603e-12
5.64739e-12
7.76894e-11
 7.8958e-11
7.41251e-11
6.79555e-11
6.41378e-11
5.81206e-11
5.55584e-11
5.01096e-11
4.84864e-11
4.37248e-11
4.26103e-11
3.86104e-11
3.77038e-11
3.44359e-11
3.35981e-11
3.09615e-11
3.01399e-11
2.80438e-11
2.71603e-11
2.56659e-11
2.43463e-11
 2.3058e-11
9.99876e-06
9.00011e-06
8.19951e-06
7.54003e-06
6.98355e-06
6.50795e-06
6.09469e-06
5.73326e-06
 5.4127e-06
5.12792e-06
4.87122e-06
4.64081e-06
4.42998e-06
4.23997e-06
 4.0628e-06
3.90454e-06
3.75129e-06
3.62133e-06
3.47995e-06
3.38643e-06
3.22524e-06
9.99982e-05
          1
1.00595e-09
9.05769e-10
8.23419e-10
7.57533e-10
7.00573e-10
6.53182e-10
6.10978e-10
5.75039e-10
 5.4233e-10
 5.1407e-10
4.87899e-10
4.65039e-10
4.43606e-10
4.24712e-10
4.06775e-10
3.90992e-10
3.75538e-10
3.62542e-10
 3.4834e-10
 3.3895e-10
3.22795e-10
