5.75182e-11
3.92913e-11
3.68411e-11
2.69256e-11
2.64639e-11
2.15087e-11
 2.0282e-11
1.59106e-11
1.59266e-11
1.26877e-11
1.28291e-11
1.02426e-11
1.07801e-11
8.63311e-12
8.85902e-12
7.41948e-12
7.51324e-12
6.51752e-12
 6.4164e-12
5.66684e-12
5.64354e-12
5.01005e-12
 4.8983e-12
4.48181e-12
4.35491e-12
3.97438e-12
3.90212e-12
3.57307e-12
3.50641e-12
3.20756e-12
3.19307e-12
2.89738e-12
2.90278e-12
2.63546e-12
2.65441e-12
2.40916e-12
2.42697e-12
2.22105e-12
2.22159e-12
2.05416e-12
2.04557e-12
1.89993e-12
1.89232e-12
1.76363e-12
1.75244e-12
1.64323e-12
1.62846e-12
1.53282e-12
1.51796e-12
1.43345e-12
1.41788e-12
1.34348e-12
1.32756e-12
1.26143e-12
1.24582e-12
1.18656e-12
1.17136e-12
1.11818e-12
1.10339e-12
1.05545e-12
1.04122e-12
9.97863e-13
9.84128e-13
9.44794e-13
9.31693e-13
8.95782e-13
8.83304e-13
8.50535e-13
8.38589e-13
8.08554e-13
 7.9722e-13
7.69619e-13
7.58805e-13
7.33403e-13
7.23137e-13
6.99659e-13
6.89912e-13
6.68199e-13
6.58923e-13
6.38797e-13
6.29981e-13
6.11283e-13
6.02905e-13
  5.855e-13
5.77536e-13
5.61308e-13
5.53736e-13
 5.3858e-13
5.31374e-13
5.17198e-13
 5.1034e-13
4.97059e-13
 4.9053e-13
 4.7807e-13
4.71851e-13
4.60144e-13
4.54218e-13
4.43204e-13
4.37546e-13
4.27259e-13
 4.2095e-13
 1.0119e-10
7.76013e-11
7.05965e-11
6.45398e-11
5.74281e-11
5.31641e-11
5.05903e-11
 4.5853e-11
 4.3475e-11
4.06557e-11
3.68629e-11
3.62897e-11
3.20781e-11
3.29092e-11
2.85342e-11
2.95958e-11
 2.5667e-11
 2.6634e-11
 2.3282e-11
2.41117e-11
2.13655e-11
2.19307e-11
1.96313e-11
2.00476e-11
1.81865e-11
1.83685e-11
1.68817e-11
1.69777e-11
1.56417e-11
1.58056e-11
1.45187e-11
1.47525e-11
1.35459e-11
1.37875e-11
1.26721e-11
1.29323e-11
1.18857e-11
 1.2143e-11
1.11929e-11
1.14212e-11
1.05599e-11
1.07711e-11
9.97892e-12
1.01797e-11
9.44858e-12
9.63559e-12
8.96459e-12
9.13645e-12
8.51761e-12
8.67847e-12
8.10532e-12
8.25567e-12
 7.7243e-12
7.86472e-12
7.37114e-12
7.50262e-12
7.04299e-12
7.16644e-12
6.73752e-12
6.85368e-12
6.45267e-12
6.56212e-12
6.18656e-12
6.28984e-12
5.93748e-12
6.03518e-12
5.70398e-12
5.79653e-12
5.48479e-12
5.57257e-12
5.27865e-12
5.36211e-12
5.08459e-12
5.16399e-12
4.90162e-12
4.97729e-12
4.72888e-12
 4.8011e-12
4.56561e-12
4.63462e-12
4.41111e-12
4.47713e-12
4.26475e-12
4.32798e-12
4.12594e-12
4.18657e-12
3.99417e-12
4.05235e-12
3.86894e-12
3.92485e-12
3.74982e-12
3.80359e-12
3.63641e-12
3.68817e-12
3.52834e-12
 3.5782e-12
3.42527e-12
3.47335e-12
3.32693e-12
3.37292e-12
3.23678e-12
3.26622e-12
      1e-05
      9e-06
8.19995e-06
 7.5399e-06
6.98385e-06
 6.5078e-06
6.09495e-06
5.73307e-06
5.41299e-06
5.12766e-06
4.87159e-06
 4.6404e-06
4.43056e-06
4.23921e-06
4.06395e-06
3.90281e-06
3.75413e-06
 3.6165e-06
3.48872e-06
3.36975e-06
3.25871e-06
3.15482e-06
 3.0574e-06
2.96587e-06
 2.8797e-06
2.79844e-06
2.72166e-06
2.64901e-06
2.58016e-06
2.51482e-06
2.45272e-06
2.39364e-06
2.33734e-06
2.28365e-06
2.23237e-06
2.18336e-06
2.13646e-06
2.09155e-06
2.04849e-06
2.00717e-06
1.96749e-06
1.92935e-06
1.89267e-06
1.85736e-06
1.82335e-06
1.79057e-06
1.75894e-06
1.72842e-06
1.69894e-06
1.67045e-06
 1.6429e-06
1.61625e-06
1.59045e-06
1.56546e-06
1.54125e-06
1.51777e-06
  1.495e-06
1.47291e-06
1.45146e-06
1.43062e-06
1.41038e-06
 1.3907e-06
1.37157e-06
1.35295e-06
1.33483e-06
 1.3172e-06
1.30002e-06
1.28328e-06
1.26698e-06
1.25108e-06
1.23557e-06
1.22045e-06
1.20569e-06
1.19128e-06
1.17722e-06
1.16348e-06
1.15006e-06
1.13695e-06
1.12413e-06
1.11159e-06
1.09934e-06
1.08735e-06
1.07562e-06
1.06414e-06
 1.0529e-06
 1.0419e-06
1.03113e-06
1.02057e-06
1.01023e-06
 1.0001e-06
9.90171e-07
9.80435e-07
9.70888e-07
9.61526e-07
9.52342e-07
9.43332e-07
9.34492e-07
9.25815e-07
9.17291e-07
9.09001e-07
9.00032e-07
 9.9998e-05
          1
9.90716e-10
9.02941e-10
8.17626e-10
7.55851e-10
6.97366e-10
 6.5117e-10
6.09024e-10
5.73031e-10
5.41391e-10
5.12188e-10
4.87653e-10
4.63616e-10
4.43599e-10
4.23686e-10
4.06927e-10
3.89926e-10
 3.7589e-10
3.61266e-10
3.49267e-10
3.36621e-10
3.26291e-10
3.15099e-10
3.06088e-10
 2.9625e-10
2.88287e-10
2.79528e-10
2.72406e-10
2.64676e-10
2.58161e-10
2.51305e-10
2.45397e-10
2.39195e-10
2.33828e-10
2.28221e-10
2.23321e-10
2.18186e-10
2.13723e-10
2.09023e-10
2.04903e-10
2.00598e-10
1.96794e-10
1.92823e-10
1.89306e-10
1.85629e-10
1.82366e-10
1.78959e-10
1.75917e-10
1.72749e-10
1.69912e-10
1.66957e-10
1.64304e-10
1.61542e-10
1.59055e-10
1.56468e-10
1.54132e-10
1.51703e-10
1.49505e-10
 1.4722e-10
1.45148e-10
1.42995e-10
1.41038e-10
1.39006e-10
1.37155e-10
1.35233e-10
 1.3348e-10
1.31661e-10
1.29997e-10
1.28272e-10
1.26692e-10
1.25053e-10
1.23551e-10
1.21992e-10
1.20562e-10
1.19078e-10
1.17714e-10
1.16299e-10
1.14998e-10
1.13648e-10
1.12404e-10
1.11114e-10
1.09925e-10
1.08691e-10
1.07552e-10
1.06372e-10
1.05281e-10
1.04149e-10
1.03103e-10
1.02018e-10
1.01013e-10
9.99718e-11
9.90066e-11
9.80063e-11
9.70783e-11
9.61165e-11
9.52236e-11
9.42982e-11
9.34385e-11
9.25475e-11
9.17184e-11
9.08673e-11
8.99906e-11
