2.38105e-11
2.19942e-11
1.80623e-11
1.64817e-11
1.39757e-11
1.29526e-11
1.11477e-11
1.05254e-11
9.09315e-12
8.78786e-12
  7.523e-12
1.99895e-11
2.16323e-11
2.07018e-11
2.00401e-11
1.92334e-11
1.82946e-11
1.75994e-11
1.66771e-11
 1.6049e-11
1.52731e-11
1.45872e-11
1.37013e-11
9.63272e-06
9.03672e-06
8.07018e-06
7.57883e-06
6.89482e-06
6.55232e-06
6.01577e-06
 5.7885e-06
5.32782e-06
5.20432e-06
4.76151e-06
9.99988e-05
          1
 9.6576e-10
9.05492e-10
8.08483e-10
 7.5913e-10
6.90526e-10
6.56147e-10
6.02366e-10
5.79548e-10
5.33401e-10
5.20976e-10
4.76629e-10
