2.46124e-11
2.24021e-11
1.77327e-11
 1.6553e-11
1.38687e-11
1.28976e-11
1.11924e-11
 1.0986e-11
8.68615e-12
9.15235e-12
7.27409e-12
7.60173e-12
6.44279e-12
6.27666e-12
5.49425e-12
5.39867e-12
4.88645e-12
4.82034e-12
4.23671e-12
4.17251e-12
3.86404e-12
3.72137e-12
3.43776e-12
3.26848e-12
3.19827e-12
2.91739e-12
2.82709e-12
2.74006e-12
2.50748e-12
2.53063e-12
2.27021e-12
2.31087e-12
2.11438e-12
2.08801e-12
1.96269e-12
1.92389e-12
1.81002e-12
1.77999e-12
1.68023e-12
1.64645e-12
1.56525e-12
1.52968e-12
 1.4594e-12
1.42598e-12
1.36397e-12
1.33252e-12
1.27759e-12
1.24818e-12
1.19913e-12
1.17158e-12
1.12787e-12
1.10183e-12
1.06276e-12
1.03834e-12
1.00302e-12
9.80267e-13
9.48161e-13
9.26993e-13
8.97759e-13
8.77965e-13
8.51284e-13
8.32708e-13
8.08322e-13
7.90982e-13
7.68518e-13
7.52311e-13
7.31619e-13
7.16382e-13
6.97335e-13
6.83052e-13
6.65366e-13
6.51973e-13
6.35588e-13
 6.2301e-13
 6.0774e-13
5.95933e-13
 5.8172e-13
5.70583e-13
5.57332e-13
5.46839e-13
5.34444e-13
5.24553e-13
5.12944e-13
5.03607e-13
 4.9272e-13
4.83898e-13
4.73673e-13
4.65328e-13
4.55712e-13
4.47812e-13
4.38756e-13
4.31272e-13
4.22731e-13
4.15635e-13
4.07571e-13
4.00836e-13
3.93214e-13
3.86817e-13
3.79601e-13
3.73571e-13
3.66194e-13
2.13225e-11
2.23339e-11
2.07971e-11
1.93237e-11
1.94414e-11
1.79021e-11
1.82839e-11
1.60071e-11
1.71832e-11
1.44243e-11
1.58492e-11
1.33603e-11
 1.4201e-11
1.25501e-11
 1.2955e-11
1.16187e-11
1.17563e-11
1.08446e-11
1.08154e-11
1.00953e-11
 1.0105e-11
9.35551e-12
9.38309e-12
8.83379e-12
8.71297e-12
8.28443e-12
8.18957e-12
7.79415e-12
7.62717e-12
7.45724e-12
7.08207e-12
7.10526e-12
6.65051e-12
6.74039e-12
6.29322e-12
6.37829e-12
5.97136e-12
6.05066e-12
5.68534e-12
5.73398e-12
5.42319e-12
5.45327e-12
5.17281e-12
5.19406e-12
4.94319e-12
4.95409e-12
4.72838e-12
4.73277e-12
4.52807e-12
4.52709e-12
4.34106e-12
4.33601e-12
4.16579e-12
4.15815e-12
4.00151e-12
3.99185e-12
3.84754e-12
3.83628e-12
3.70276e-12
3.69043e-12
3.56651e-12
3.55346e-12
3.43823e-12
3.42463e-12
 3.3171e-12
 3.3033e-12
3.20273e-12
3.18882e-12
 3.0946e-12
3.08065e-12
 2.9922e-12
2.97841e-12
2.89514e-12
2.88151e-12
 2.8031e-12
2.78965e-12
2.71565e-12
2.70248e-12
2.63251e-12
2.61964e-12
 2.5534e-12
2.54085e-12
2.47805e-12
2.46582e-12
2.40622e-12
2.39433e-12
2.33768e-12
2.32613e-12
2.27223e-12
2.26102e-12
2.20968e-12
2.19881e-12
2.14986e-12
2.13932e-12
2.09259e-12
2.08239e-12
2.03775e-12
2.02787e-12
1.98517e-12
1.97569e-12
1.93399e-12
1.92217e-12
      1e-05
8.99999e-06
8.19995e-06
 7.5399e-06
6.98385e-06
 6.5078e-06
6.09495e-06
5.73307e-06
5.41298e-06
5.12766e-06
4.87159e-06
 4.6404e-06
4.43056e-06
4.23921e-06
4.06395e-06
3.90281e-06
3.75413e-06
 3.6165e-06
3.48872e-06
3.36975e-06
3.25871e-06
3.15482e-06
 3.0574e-06
2.96587e-06
 2.8797e-06
2.79844e-06
2.72166e-06
2.64901e-06
2.58016e-06
2.51482e-06
2.45272e-06
2.39364e-06
2.33734e-06
2.28365e-06
2.23237e-06
2.18336e-06
2.13646e-06
2.09155e-06
2.04848e-06
2.00717e-06
1.96749e-06
1.92935e-06
1.89267e-06
1.85736e-06
1.82335e-06
1.79057e-06
1.75894e-06
1.72842e-06
1.69894e-06
1.67045e-06
 1.6429e-06
1.61625e-06
1.59045e-06
1.56546e-06
1.54125e-06
1.51777e-06
  1.495e-06
1.47291e-06
1.45146e-06
1.43062e-06
1.41038e-06
 1.3907e-06
1.37157e-06
1.35295e-06
1.33483e-06
 1.3172e-06
1.30002e-06
1.28328e-06
1.26698e-06
1.25108e-06
1.23557e-06
1.22045e-06
1.20569e-06
1.19128e-06
1.17722e-06
1.16348e-06
1.15006e-06
1.13695e-06
1.12413e-06
1.11159e-06
1.09934e-06
1.08735e-06
1.07562e-06
1.06414e-06
 1.0529e-06
 1.0419e-06
1.03113e-06
1.02057e-06
1.01023e-06
 1.0001e-06
9.90171e-07
9.80435e-07
9.70888e-07
9.61526e-07
9.52342e-07
9.43332e-07
9.34491e-07
9.25815e-07
9.17291e-07
9.09001e-07
9.00032e-07
9.99988e-05
          1
9.87768e-10
9.04987e-10
8.14839e-10
7.56989e-10
6.97341e-10
6.51813e-10
6.09747e-10
5.73649e-10
5.41588e-10
5.12885e-10
4.87463e-10
4.64211e-10
4.43527e-10
4.23932e-10
4.06662e-10
3.90334e-10
3.75655e-10
 3.6177e-10
3.48983e-10
3.37042e-10
3.26061e-10
3.15533e-10
3.05829e-10
2.96698e-10
2.88012e-10
2.79999e-10
2.72084e-10
2.65169e-10
2.57851e-10
2.51766e-10
2.45107e-10
2.39612e-10
2.33596e-10
2.28579e-10
2.23127e-10
2.18507e-10
2.13555e-10
2.09312e-10
2.04764e-10
2.00853e-10
1.96674e-10
1.93061e-10
1.89198e-10
1.85847e-10
1.82275e-10
1.79156e-10
1.75838e-10
1.72933e-10
1.69841e-10
1.67127e-10
1.64242e-10
  1.617e-10
   1.59e-10
1.56614e-10
1.54083e-10
 1.5184e-10
1.49461e-10
1.47349e-10
1.45109e-10
1.43116e-10
1.41003e-10
1.39119e-10
1.37124e-10
 1.3534e-10
1.33452e-10
1.31762e-10
1.29973e-10
1.28368e-10
 1.2667e-10
1.25144e-10
1.23531e-10
1.22079e-10
1.20543e-10
 1.1916e-10
1.17697e-10
1.16377e-10
1.14983e-10
1.13722e-10
 1.1239e-10
1.11185e-10
1.09912e-10
1.08759e-10
1.07541e-10
1.06437e-10
1.05271e-10
1.04212e-10
1.03094e-10
1.02078e-10
1.01005e-10
1.00029e-10
9.89992e-11
9.80614e-11
9.70715e-11
9.61695e-11
9.52175e-11
9.43493e-11
9.34329e-11
9.25967e-11
9.17134e-11
9.09142e-11
8.99904e-11
