4.53271e-12
3.89266e-12
3.80772e-12
3.23356e-12
2.92769e-12
2.80455e-12
2.43551e-12
2.32831e-12
2.17376e-12
2.01922e-12
1.97698e-12
1.73833e-12
1.69673e-12
 1.6782e-12
1.60842e-12
1.47081e-12
1.47487e-12
1.32566e-12
1.29225e-12
1.26404e-12
1.18418e-12
1.26292e-12
1.02193e-12
 1.0734e-12
9.73808e-13
1.03166e-12
9.08626e-13
9.03861e-13
8.85843e-13
8.39426e-13
8.15441e-13
 7.9187e-13
 7.5755e-13
7.60566e-13
6.91151e-13
7.28359e-13
6.42223e-13
6.95612e-13
6.03035e-13
6.51002e-13
5.81309e-13
6.07717e-13
5.56186e-13
5.72373e-13
5.32316e-13
5.39684e-13
5.09563e-13
5.11224e-13
4.87069e-13
4.85756e-13
 4.6576e-13
4.62547e-13
4.45737e-13
4.41261e-13
4.26769e-13
4.21726e-13
 4.0904e-13
4.03527e-13
3.92338e-13
3.86691e-13
3.76656e-13
3.70998e-13
3.61893e-13
3.56313e-13
3.48017e-13
3.42553e-13
3.34969e-13
3.29638e-13
3.22638e-13
3.17516e-13
3.10996e-13
3.06085e-13
3.00022e-13
2.95282e-13
2.89635e-13
2.85094e-13
2.79798e-13
2.75451e-13
2.70479e-13
2.66317e-13
2.61637e-13
2.57654e-13
2.53242e-13
2.49429e-13
2.45261e-13
2.41614e-13
2.37666e-13
2.34177e-13
2.30436e-13
2.27097e-13
2.23544e-13
2.20347e-13
2.16971e-13
2.13909e-13
2.10695e-13
2.07762e-13
2.04699e-13
2.01887e-13
1.98962e-13
1.96291e-13
1.93257e-13
4.17931e-13
5.42754e-13
1.19486e-12
7.85713e-13
1.04065e-12
8.25025e-13
1.04834e-12
8.38961e-13
8.31974e-13
9.14187e-13
7.28205e-13
1.02891e-12
7.41479e-13
1.04993e-12
7.60315e-13
9.29517e-13
8.70828e-13
8.13098e-13
8.94253e-13
6.88908e-13
1.00895e-12
8.33057e-13
9.60438e-13
7.40385e-13
8.69514e-13
7.32738e-13
8.97012e-13
 7.0535e-13
8.21159e-13
7.47542e-13
7.42546e-13
7.67887e-13
7.01576e-13
7.42169e-13
7.10717e-13
6.91866e-13
7.16702e-13
6.50917e-13
7.24147e-13
6.17272e-13
7.10243e-13
6.07449e-13
6.87411e-13
5.97241e-13
6.67366e-13
5.87933e-13
6.47105e-13
5.78914e-13
6.28626e-13
5.69266e-13
6.11452e-13
5.59553e-13
5.95422e-13
5.49684e-13
5.80404e-13
 5.3986e-13
5.66224e-13
5.30125e-13
5.52804e-13
5.20456e-13
5.40108e-13
5.10964e-13
5.27985e-13
5.01645e-13
5.16443e-13
4.92477e-13
5.05414e-13
 4.8354e-13
 4.9484e-13
4.74789e-13
4.84707e-13
4.66243e-13
4.74973e-13
4.57917e-13
4.65599e-13
4.49796e-13
4.56578e-13
4.41884e-13
4.47878e-13
 4.3418e-13
4.39479e-13
4.26678e-13
 4.3137e-13
4.19372e-13
4.23528e-13
4.12258e-13
4.15944e-13
4.05334e-13
4.08601e-13
3.98591e-13
4.01487e-13
3.92024e-13
3.94591e-13
 3.8563e-13
3.87904e-13
3.79402e-13
3.81415e-13
3.73338e-13
3.75109e-13
3.67485e-13
3.68389e-13
 3.6178e-13
      1e-05
8.99999e-06
8.19995e-06
 7.5399e-06
6.98385e-06
 6.5078e-06
6.09495e-06
5.73307e-06
5.41298e-06
5.12766e-06
4.87159e-06
 4.6404e-06
4.43056e-06
4.23921e-06
4.06395e-06
3.90281e-06
3.75413e-06
 3.6165e-06
3.48872e-06
3.36975e-06
3.25871e-06
3.15482e-06
 3.0574e-06
2.96587e-06
 2.8797e-06
2.79844e-06
2.72166e-06
2.64901e-06
2.58016e-06
2.51482e-06
2.45272e-06
2.39364e-06
2.33734e-06
2.28365e-06
2.23237e-06
2.18336e-06
2.13646e-06
2.09155e-06
2.04848e-06
2.00717e-06
1.96749e-06
1.92935e-06
1.89267e-06
1.85736e-06
1.82335e-06
1.79057e-06
1.75894e-06
1.72842e-06
1.69894e-06
1.67045e-06
 1.6429e-06
1.61625e-06
1.59045e-06
1.56546e-06
1.54125e-06
1.51777e-06
  1.495e-06
1.47291e-06
1.45146e-06
1.43062e-06
1.41038e-06
 1.3907e-06
1.37157e-06
1.35295e-06
1.33483e-06
 1.3172e-06
1.30002e-06
1.28328e-06
1.26698e-06
1.25108e-06
1.23557e-06
1.22045e-06
1.20569e-06
1.19128e-06
1.17722e-06
1.16348e-06
1.15006e-06
1.13695e-06
1.12413e-06
1.11159e-06
1.09934e-06
1.08735e-06
1.07562e-06
1.06414e-06
 1.0529e-06
 1.0419e-06
1.03113e-06
1.02057e-06
1.01023e-06
 1.0001e-06
9.90171e-07
9.80435e-07
9.70888e-07
9.61526e-07
9.52342e-07
9.43333e-07
9.34491e-07
9.25815e-07
9.17291e-07
9.09001e-07
9.00032e-07
 9.9999e-05
          1
9.99266e-10
9.00383e-10
8.19738e-10
7.54207e-10
6.98361e-10
6.51156e-10
6.09207e-10
5.73283e-10
5.41576e-10
 5.1237e-10
4.87492e-10
4.63547e-10
4.43583e-10
4.23431e-10
4.06816e-10
3.90104e-10
3.75731e-10
 3.6162e-10
3.49066e-10
 3.3696e-10
3.25936e-10
3.15349e-10
3.05808e-10
 2.9653e-10
   2.88e-10
2.79819e-10
2.72208e-10
 2.6495e-10
2.57969e-10
 2.5151e-10
2.45267e-10
2.39392e-10
2.33734e-10
2.28352e-10
2.23282e-10
2.18301e-10
2.13682e-10
2.09147e-10
2.04855e-10
2.00723e-10
1.96755e-10
1.92934e-10
 1.8928e-10
 1.8573e-10
1.82351e-10
1.79048e-10
 1.7591e-10
1.72834e-10
1.69908e-10
1.67037e-10
1.64304e-10
1.61618e-10
1.59057e-10
 1.5654e-10
1.54136e-10
1.51771e-10
1.49511e-10
1.47285e-10
1.45155e-10
1.43057e-10
1.41047e-10
1.39065e-10
1.37165e-10
 1.3529e-10
1.33491e-10
1.31715e-10
1.30009e-10
1.28324e-10
1.26704e-10
1.25104e-10
1.23563e-10
1.22041e-10
1.20575e-10
1.19125e-10
1.17727e-10
1.16344e-10
1.15011e-10
1.13691e-10
1.12418e-10
1.11156e-10
1.09938e-10
1.08732e-10
1.07566e-10
1.06411e-10
1.05294e-10
1.04187e-10
1.03117e-10
1.02055e-10
1.01027e-10
1.00007e-10
9.90204e-11
9.80408e-11
 9.7092e-11
  9.615e-11
9.52372e-11
9.43307e-11
9.34519e-11
9.25791e-11
9.17317e-11
9.08978e-11
9.00053e-11
