4.35209e-12
4.04694e-12
3.55589e-12
3.30692e-12
2.96264e-12
2.79011e-12
2.52288e-12
2.40873e-12
 2.1819e-12
2.11948e-12
1.90374e-12
7.62069e-13
8.46889e-13
 8.7497e-13
9.04963e-13
9.18897e-13
9.28245e-13
9.35326e-13
9.32143e-13
9.38436e-13
9.21111e-13
 9.4411e-13
9.15214e-13
9.63271e-06
9.03672e-06
8.07017e-06
7.57883e-06
6.89482e-06
6.55232e-06
6.01577e-06
 5.7885e-06
5.32782e-06
5.20432e-06
4.76151e-06
 9.9999e-05
          1
9.63357e-10
9.03746e-10
8.07082e-10
7.57943e-10
6.89534e-10
6.55281e-10
6.01621e-10
5.78893e-10
5.32819e-10
5.20469e-10
4.76184e-10
