 6.57776e-12
 1.21422e-11
 9.48815e-12
 1.00242e-11
 8.45302e-12
  8.4264e-12
 7.33168e-12
 7.18697e-12
  6.3708e-12
 6.20476e-12
 5.57276e-12
 5.41346e-12
 4.90921e-12
 4.76827e-12
 4.35193e-12
 4.23735e-12
 3.87815e-12
 3.79719e-12
 3.47084e-12
 3.42923e-12
 3.11778e-12
-2.49995e-12
 1.35315e-11
  1.3974e-11
 1.58194e-11
 1.56936e-11
 1.58005e-11
 1.55068e-11
 1.51675e-11
 1.48175e-11
 1.43568e-11
 1.39877e-11
 1.35183e-11
 1.31411e-11
  1.2709e-11
 1.23251e-11
 1.19515e-11
 1.15557e-11
 1.12558e-11
 1.08329e-11
   1.063e-11
 1.01446e-11
 9.79227e-12
 4.84799e-06
  4.7576e-06
 4.47356e-06
 4.32893e-06
 4.10375e-06
 3.97397e-06
 3.78597e-06
 3.67475e-06
 3.51301e-06
 3.41891e-06
 3.27645e-06
 3.19763e-06
 3.06936e-06
 3.00451e-06
 2.88625e-06
 2.83481e-06
 2.72265e-06
 2.68515e-06
  2.5747e-06
 2.55335e-06
 2.43864e-06
  9.9999e-05
           1
 4.91995e-10
 4.79825e-10
 4.50327e-10
 4.35247e-10
 4.12244e-10
 3.99009e-10
 3.79928e-10
 3.68671e-10
 3.52312e-10
 3.42822e-10
 3.28442e-10
 3.20512e-10
 3.07582e-10
 3.01068e-10
  2.8916e-10
 2.83998e-10
 2.72716e-10
 2.68952e-10
 2.57858e-10
 2.55707e-10
 2.44194e-10
