8.19506e-12
1.19871e-11
9.80837e-12
9.91372e-12
8.59029e-12
 8.3388e-12
7.41007e-12
 7.1154e-12
6.42157e-12
6.14676e-12
5.60609e-12
5.36881e-12
4.92879e-12
4.73625e-12
4.36038e-12
4.21614e-12
3.87844e-12
3.78376e-12
3.46644e-12
 3.4203e-12
3.11145e-12
4.29597e-12
1.57243e-11
1.58338e-11
1.69672e-11
1.66225e-11
1.65261e-11
 1.6063e-11
1.56728e-11
1.51819e-11
1.47308e-11
1.42389e-11
1.38075e-11
1.33197e-11
1.29397e-11
1.24563e-11
 1.2137e-11
1.16584e-11
1.14021e-11
1.09206e-11
1.07414e-11
1.02255e-11
9.87212e-12
4.84797e-06
 4.7576e-06
4.47355e-06
4.32893e-06
4.10375e-06
3.97398e-06
3.78597e-06
3.67476e-06
3.51301e-06
3.41891e-06
3.27645e-06
3.19763e-06
3.06936e-06
3.00451e-06
2.88625e-06
2.83481e-06
2.72265e-06
2.68515e-06
 2.5747e-06
2.55335e-06
2.43864e-06
9.99989e-05
          1
4.89953e-10
4.78904e-10
4.49575e-10
4.34754e-10
4.11794e-10
3.98691e-10
3.79615e-10
3.68447e-10
3.52075e-10
3.42657e-10
3.28251e-10
3.20392e-10
3.07417e-10
3.00982e-10
2.89013e-10
2.83935e-10
2.72588e-10
2.68898e-10
2.57755e-10
2.55648e-10
2.44123e-10
