7.41112e-12
8.15804e-12
6.79893e-12
6.83859e-12
5.88291e-12
5.85942e-12
5.10545e-12
5.09713e-12
4.46178e-12
4.48785e-12
3.92768e-12
3.98898e-12
3.48474e-12
 3.5686e-12
3.11988e-12
3.20456e-12
2.82036e-12
2.88472e-12
2.57178e-12
2.60417e-12
2.36004e-12
7.21021e-12
1.01324e-11
9.20704e-12
9.52771e-12
9.04607e-12
8.94237e-12
8.63838e-12
8.39042e-12
8.18591e-12
7.87783e-12
7.73861e-12
7.40732e-12
7.31033e-12
6.98048e-12
6.90293e-12
6.59796e-12
6.51421e-12
6.25964e-12
6.13995e-12
5.96689e-12
5.77172e-12
5.57118e-12
4.84799e-06
 4.7576e-06
4.47356e-06
4.32893e-06
4.10375e-06
3.97397e-06
3.78597e-06
3.67475e-06
3.51301e-06
3.41891e-06
3.27645e-06
3.19763e-06
3.06936e-06
3.00451e-06
2.88625e-06
2.83481e-06
2.72265e-06
2.68515e-06
 2.5747e-06
2.55335e-06
2.43864e-06
9.99989e-05
          1
4.86553e-10
 4.7658e-10
4.48061e-10
4.33421e-10
4.10844e-10
3.97787e-10
3.78951e-10
 3.6778e-10
3.51584e-10
3.42136e-10
 3.2788e-10
3.19963e-10
3.07138e-10
3.00615e-10
2.88801e-10
2.83618e-10
2.72419e-10
2.68633e-10
2.57602e-10
2.55441e-10
2.43971e-10
