4.94109e-09
5.68709e-10
8.45844e-10
 2.3104e-10
3.26678e-10
1.23112e-10
1.68065e-10
7.60143e-11
1.00304e-10
5.10637e-11
 6.5847e-11
3.67433e-11
4.62759e-11
2.76598e-11
3.40965e-11
2.14166e-11
2.60714e-11
1.70572e-11
2.05247e-11
1.38342e-11
1.65442e-11
1.15106e-11
1.35955e-11
9.68656e-12
 1.1357e-11
8.25706e-12
9.61844e-12
7.12913e-12
8.24234e-12
6.20813e-12
7.14141e-12
5.45406e-12
6.23264e-12
4.82899e-12
5.50098e-12
4.30636e-12
4.86965e-12
3.85839e-12
4.35513e-12
3.48059e-12
3.90758e-12
3.15327e-12
3.52819e-12
2.86984e-12
3.19994e-12
2.62294e-12
2.91471e-12
2.40603e-12
2.66559e-12
2.21492e-12
2.44658e-12
2.04536e-12
2.25323e-12
1.89444e-12
2.08154e-12
1.75951e-12
1.92851e-12
1.63841e-12
1.79162e-12
1.52926e-12
1.66859e-12
1.43056e-12
 1.5576e-12
1.34109e-12
1.45734e-12
1.25967e-12
1.36618e-12
1.18541e-12
1.28336e-12
1.11746e-12
1.20767e-12
1.05516e-12
1.13849e-12
9.97905e-13
1.07498e-12
9.45122e-13
1.01659e-12
8.96431e-13
9.62801e-13
8.51352e-13
9.13113e-13
8.09583e-13
8.67146e-13
7.70791e-13
 8.2453e-13
7.34704e-13
7.84952e-13
7.01079e-13
7.48131e-13
6.69696e-13
7.13818e-13
6.40362e-13
6.81792e-13
6.12902e-13
6.51856e-13
5.87161e-13
6.23832e-13
5.62999e-13
5.97563e-13
5.40291e-13
5.72905e-13
-3.5923e-13
3.87396e-09
5.57606e-10
1.80141e-09
 4.1237e-10
1.06101e-09
3.04512e-10
7.08646e-10
2.33198e-10
 5.0987e-10
1.84265e-10
 3.8656e-10
1.49501e-10
3.03957e-10
1.24214e-10
2.45918e-10
1.04925e-10
2.03453e-10
8.99798e-11
1.71382e-10
7.80752e-11
1.46532e-10
6.85007e-11
1.26855e-10
6.06347e-11
1.10996e-10
5.41121e-11
9.80106e-11
4.86184e-11
8.72368e-11
4.39575e-11
7.81956e-11
3.99582e-11
 7.0521e-11
3.65019e-11
6.39616e-11
3.34942e-11
 5.8292e-11
 3.0857e-11
5.33695e-11
2.85305e-11
4.90593e-11
2.64686e-11
4.52648e-11
2.46305e-11
4.19059e-11
2.29849e-11
3.89171e-11
2.15051e-11
3.62454e-11
2.01692e-11
3.38468e-11
1.89588e-11
3.16849e-11
1.78583e-11
 2.9729e-11
1.68545e-11
2.79535e-11
1.59362e-11
2.63366e-11
1.50938e-11
2.48597e-11
 1.4319e-11
2.35067e-11
1.36046e-11
2.22643e-11
1.29443e-11
2.11202e-11
1.23328e-11
2.00645e-11
1.17652e-11
1.90879e-11
1.12374e-11
1.81828e-11
1.07456e-11
1.73422e-11
1.02866e-11
1.65601e-11
9.85751e-12
1.58311e-11
9.45568e-12
1.51504e-11
9.07883e-12
1.45138e-11
8.72488e-12
1.39175e-11
  8.392e-12
1.33581e-11
 8.0785e-12
1.28327e-11
7.78288e-12
1.23384e-11
7.50378e-12
1.18729e-11
7.23997e-12
1.14339e-11
6.99033e-12
1.10194e-11
6.75385e-12
1.06276e-11
 6.5296e-12
1.02568e-11
 9.9999e-05
3.33323e-05
3.33323e-05
 1.9999e-05
 1.9999e-05
1.42847e-05
1.42847e-05
1.11101e-05
1.11101e-05
9.08991e-06
9.08991e-06
7.69131e-06
7.69131e-06
6.66567e-06
6.66567e-06
5.88135e-06
5.88135e-06
5.26216e-06
5.26216e-06
 4.7609e-06
 4.7609e-06
4.34683e-06
4.34683e-06
  3.999e-06
  3.999e-06
 3.7027e-06
 3.7027e-06
3.44728e-06
3.44728e-06
3.22481e-06
3.22481e-06
 3.0293e-06
 3.0293e-06
2.85614e-06
2.85614e-06
 2.7017e-06
 2.7017e-06
 2.5631e-06
 2.5631e-06
2.43802e-06
2.43802e-06
2.32458e-06
2.32458e-06
2.22122e-06
2.22122e-06
2.12666e-06
2.12666e-06
2.03982e-06
2.03982e-06
1.95978e-06
1.95978e-06
1.88579e-06
1.88579e-06
1.81718e-06
1.81718e-06
1.75339e-06
1.75339e-06
1.69392e-06
1.69392e-06
1.63834e-06
1.63834e-06
 1.5863e-06
 1.5863e-06
1.53746e-06
1.53746e-06
1.49154e-06
1.49154e-06
1.44828e-06
1.44828e-06
1.40745e-06
1.40745e-06
1.36886e-06
1.36886e-06
1.33233e-06
1.33233e-06
 1.2977e-06
 1.2977e-06
1.26482e-06
1.26482e-06
1.23357e-06
1.23357e-06
1.20382e-06
1.20382e-06
1.17547e-06
1.17547e-06
1.14843e-06
1.14843e-06
 1.1226e-06
 1.1226e-06
 1.0979e-06
 1.0979e-06
1.07427e-06
1.07427e-06
1.05163e-06
1.05163e-06
1.02993e-06
1.02993e-06
 1.0091e-06
 1.0091e-06
9.89099e-07
9.89099e-07
 9.9999e-05
          1
1.19379e-08
3.54438e-09
3.56884e-09
2.07557e-09
2.06152e-09
1.46331e-09
1.44858e-09
1.12951e-09
1.11736e-09
9.20059e-10
9.10321e-10
7.76412e-10
7.67747e-10
6.71727e-10
6.64198e-10
5.91829e-10
5.85404e-10
5.28919e-10
 5.2341e-10
4.78094e-10
4.73355e-10
 4.3621e-10
4.32074e-10
 4.0109e-10
 3.9745e-10
3.71208e-10
3.67978e-10
3.45467e-10
3.42599e-10
3.23082e-10
3.20494e-10
3.03411e-10
3.01092e-10
2.86005e-10
2.83896e-10
2.70492e-10
2.68577e-10
2.56574e-10
2.54819e-10
2.44019e-10
2.42413e-10
2.32637e-10
2.31156e-10
 2.2227e-10
2.20903e-10
2.12788e-10
2.11521e-10
2.04082e-10
2.02906e-10
1.96061e-10
1.94965e-10
1.88647e-10
1.87624e-10
1.81773e-10
1.80816e-10
1.75382e-10
1.74485e-10
1.69426e-10
1.68583e-10
1.63861e-10
1.63068e-10
 1.5865e-10
1.57902e-10
1.53761e-10
1.53054e-10
1.49164e-10
1.48495e-10
1.44833e-10
1.44199e-10
1.40747e-10
1.40146e-10
1.36885e-10
1.36314e-10
 1.3323e-10
1.32686e-10
1.29764e-10
1.29247e-10
1.26474e-10
1.25981e-10
1.23347e-10
1.22876e-10
1.20371e-10
1.19921e-10
1.17535e-10
1.17104e-10
1.14829e-10
1.14417e-10
1.12245e-10
 1.1185e-10
1.09775e-10
1.09396e-10
1.07411e-10
1.07047e-10
1.05147e-10
1.04797e-10
1.02976e-10
 1.0264e-10
1.00893e-10
 1.0057e-10
9.88926e-11
9.85811e-11
