3.51861e-14
4.59214e-13
3.56141e-13
4.35236e-13
3.88862e-13
4.17252e-13
3.89933e-13
4.01391e-13
3.82867e-13
3.86771e-13
  3.731e-13
-9.8835e-13
 1.9886e-13
2.63914e-13
4.45205e-13
 4.8679e-13
5.40682e-13
5.70038e-13
5.86723e-13
6.08608e-13
6.10695e-13
6.27615e-13
6.34835e-13
9.19174e-07
9.90808e-07
9.53241e-07
9.71401e-07
9.44976e-07
9.52747e-07
9.31282e-07
9.34802e-07
9.16224e-07
9.17526e-07
9.00883e-07
9.99991e-05
          1
9.24319e-11
9.93837e-11
9.55333e-11
9.73171e-11
 9.4631e-11
9.53985e-11
9.32257e-11
9.35747e-11
9.16988e-11
9.18286e-11
9.01512e-11
