-5.29444e-13
 5.62275e-13
 2.29763e-13
 4.62654e-13
 3.36687e-13
 4.12757e-13
 3.67656e-13
 4.00865e-13
 3.79683e-13
 3.90035e-13
 3.72337e-13
 3.86239e-13
 3.45651e-13
 3.82811e-13
 3.29079e-13
 3.73019e-13
  3.1791e-13
 3.62902e-13
 3.06915e-13
 3.52086e-13
 2.98138e-13
  3.3914e-13
 2.91327e-13
 3.26272e-13
 2.83644e-13
 3.15855e-13
 2.74345e-13
 3.07045e-13
 2.65463e-13
 2.97487e-13
 2.58807e-13
 2.86319e-13
 2.54171e-13
 2.74646e-13
 2.49932e-13
 2.63998e-13
 2.44791e-13
 2.55269e-13
 2.38291e-13
 2.48417e-13
 2.30733e-13
 2.42964e-13
 2.22698e-13
 2.38121e-13
  2.1503e-13
 2.33078e-13
 2.08321e-13
 2.27447e-13
 2.02808e-13
 2.20994e-13
 1.98563e-13
 2.13968e-13
  1.9499e-13
 2.06969e-13
 1.91568e-13
 2.00498e-13
 1.87694e-13
 1.95065e-13
 1.83118e-13
 1.90589e-13
 1.78125e-13
 1.86618e-13
 1.73308e-13
 1.82404e-13
 1.69433e-13
  1.7727e-13
  1.6695e-13
 1.71006e-13
 1.65788e-13
 1.63936e-13
 1.65362e-13
 1.56831e-13
  1.6478e-13
 1.50561e-13
 1.63258e-13
 1.45739e-13
 1.60388e-13
 1.42502e-13
 1.56302e-13
 1.40442e-13
 1.51596e-13
 1.38856e-13
 1.46968e-13
 1.37107e-13
 1.42923e-13
 1.34831e-13
 1.39651e-13
  1.3201e-13
 1.36987e-13
 1.28943e-13
 1.34537e-13
  1.2604e-13
 1.31922e-13
 1.23585e-13
 1.28957e-13
 1.21658e-13
 1.25632e-13
 1.20211e-13
 1.22025e-13
 1.19131e-13
 1.18266e-13
-4.46476e-12
-4.78126e-13
-6.91139e-13
 5.02028e-14
 -3.9984e-14
 2.70273e-13
 1.96712e-13
  3.8642e-13
 3.24679e-13
 4.62785e-13
 3.99286e-13
 5.12808e-13
 4.50348e-13
 5.34386e-13
 4.86861e-13
 5.46838e-13
 5.11072e-13
 5.54459e-13
 5.28138e-13
 5.57475e-13
 5.40114e-13
 5.58142e-13
 5.47146e-13
 5.57858e-13
  5.5044e-13
 5.56351e-13
 5.51724e-13
 5.53142e-13
 5.51963e-13
 5.48704e-13
 5.50996e-13
 5.43815e-13
 5.48553e-13
 5.39094e-13
 5.44757e-13
 5.34399e-13
 5.40042e-13
 5.29628e-13
  5.3492e-13
 5.24485e-13
 5.29599e-13
 5.18936e-13
 5.24386e-13
  5.1292e-13
 5.19197e-13
 5.06688e-13
 5.14011e-13
 5.00328e-13
 5.08658e-13
 4.94083e-13
 5.03114e-13
 4.87994e-13
 4.97264e-13
 4.82237e-13
 4.91123e-13
 4.76735e-13
 4.84776e-13
 4.71455e-13
 4.78346e-13
 4.66196e-13
 4.72072e-13
 4.60828e-13
 4.65995e-13
 4.55367e-13
 4.60134e-13
 4.49801e-13
 4.54471e-13
 4.44233e-13
 4.48861e-13
 4.38811e-13
   4.432e-13
  4.3361e-13
 4.37429e-13
 4.28701e-13
 4.31481e-13
 4.24141e-13
 4.25334e-13
 4.19918e-13
 4.19019e-13
 4.16012e-13
 4.12541e-13
 4.12427e-13
 4.05907e-13
  4.0913e-13
 3.99194e-13
 4.05993e-13
 3.92573e-13
 4.02812e-13
 3.86272e-13
  3.9934e-13
 3.80548e-13
 3.95321e-13
 3.75638e-13
  3.9055e-13
 3.71691e-13
 3.84951e-13
 3.68697e-13
 3.78612e-13
 3.66496e-13
 3.71768e-13
 3.64786e-13
 3.64012e-13
 9.84064e-07
 9.90159e-07
 9.74884e-07
 9.70752e-07
  9.5798e-07
 9.52097e-07
 9.40591e-07
  9.3415e-07
 9.23486e-07
 9.16872e-07
 9.06847e-07
 9.00227e-07
 8.90723e-07
 8.84178e-07
 8.75121e-07
 8.68696e-07
 8.60031e-07
  8.5375e-07
 8.45436e-07
 8.39312e-07
 8.31318e-07
 8.25357e-07
 8.17657e-07
 8.11862e-07
 8.04432e-07
 7.98802e-07
 7.91625e-07
 7.86159e-07
 7.79217e-07
 7.73912e-07
  7.6719e-07
 7.62042e-07
 7.55527e-07
 7.50533e-07
 7.44213e-07
 7.39368e-07
 7.33232e-07
 7.28532e-07
 7.22569e-07
  7.1801e-07
 7.12211e-07
  7.0779e-07
 7.02146e-07
 6.97858e-07
 6.92361e-07
 6.88202e-07
 6.82844e-07
 6.78811e-07
 6.73584e-07
 6.69674e-07
 6.64572e-07
 6.60782e-07
 6.55797e-07
 6.52124e-07
 6.47251e-07
 6.43691e-07
 6.38923e-07
 6.35475e-07
 6.30806e-07
 6.27468e-07
 6.22892e-07
 6.19661e-07
 6.15173e-07
 6.12048e-07
 6.07641e-07
 6.04622e-07
  6.0029e-07
 5.97376e-07
 5.93113e-07
 5.90303e-07
 5.86104e-07
 5.83399e-07
 5.79257e-07
 5.76656e-07
 5.72565e-07
 5.70071e-07
 5.66023e-07
 5.63638e-07
 5.59625e-07
 5.57353e-07
 5.53366e-07
 5.51211e-07
  5.4724e-07
 5.45209e-07
 5.41243e-07
 5.39343e-07
 5.35368e-07
  5.3361e-07
  5.2961e-07
 5.28008e-07
 5.23963e-07
 5.22535e-07
 5.18422e-07
  5.1719e-07
 5.12978e-07
 5.11975e-07
 5.07623e-07
  5.0689e-07
 5.02348e-07
 5.01942e-07
 4.97139e-07
 9.99994e-05
           1
 1.00737e-10
 9.99089e-11
 9.83393e-11
  9.7593e-11
 9.63181e-11
 9.55711e-11
 9.44241e-11
 9.36903e-11
 9.26295e-11
 9.19104e-11
 9.09091e-11
 9.02129e-11
 8.92585e-11
 8.85777e-11
 8.76732e-11
 8.70064e-11
 8.61438e-11
 8.54949e-11
  8.4668e-11
 8.40371e-11
 8.32438e-11
 8.26299e-11
 8.18667e-11
 8.12715e-11
 8.05343e-11
 7.99585e-11
 7.92452e-11
 7.86876e-11
  7.7998e-11
 7.74565e-11
   7.679e-11
 7.62639e-11
  7.5619e-11
 7.51084e-11
 7.44828e-11
 7.39884e-11
   7.338e-11
  7.2902e-11
 7.23095e-11
 7.18473e-11
   7.127e-11
 7.08227e-11
 7.02605e-11
 6.98268e-11
 6.92796e-11
 6.88583e-11
 6.83262e-11
 6.79164e-11
 6.73988e-11
 6.70001e-11
 6.64962e-11
 6.61085e-11
 6.56171e-11
  6.5241e-11
 6.47606e-11
 6.43966e-11
 6.39256e-11
 6.35744e-11
 6.31115e-11
 6.27733e-11
 6.23179e-11
 6.19922e-11
 6.15441e-11
   6.123e-11
 6.07898e-11
  6.0486e-11
 6.00543e-11
 5.97595e-11
 5.93366e-11
 5.90501e-11
  5.8636e-11
 5.83577e-11
 5.79513e-11
 5.76818e-11
 5.72818e-11
 5.70223e-11
 5.66268e-11
 5.63785e-11
 5.59857e-11
   5.575e-11
 5.53582e-11
 5.51361e-11
  5.4744e-11
 5.45362e-11
 5.41427e-11
 5.39499e-11
 5.35539e-11
 5.33767e-11
  5.2977e-11
 5.28164e-11
 5.24114e-11
 5.22688e-11
 5.18566e-11
  5.1734e-11
 5.13116e-11
  5.1212e-11
 5.07758e-11
  5.0703e-11
 5.02479e-11
 5.02077e-11
 4.97268e-11
