2.16416e-13
2.69386e-13
2.02369e-13
2.47637e-13
2.22257e-13
2.46054e-13
2.27398e-13
2.29068e-13
2.13523e-13
 2.2975e-13
2.05402e-13
2.22787e-13
1.99396e-13
2.04173e-13
2.01866e-13
1.99606e-13
2.01182e-13
1.93297e-13
2.01733e-13
1.87463e-13
1.97002e-13
1.84827e-13
1.89597e-13
1.81787e-13
1.82709e-13
1.77842e-13
1.76214e-13
1.73979e-13
1.70055e-13
1.69863e-13
1.64894e-13
1.64954e-13
1.60617e-13
1.60144e-13
1.56607e-13
1.55761e-13
1.52384e-13
1.51984e-13
1.48256e-13
1.48027e-13
1.45038e-13
1.43581e-13
1.42579e-13
 1.3874e-13
1.40692e-13
1.34058e-13
 1.3856e-13
1.30076e-13
1.36041e-13
1.26706e-13
1.33129e-13
1.23893e-13
1.30079e-13
1.21214e-13
1.27248e-13
1.18565e-13
1.24447e-13
1.16233e-13
1.21404e-13
1.14435e-13
1.17896e-13
1.13335e-13
 1.1391e-13
 1.1273e-13
1.09834e-13
1.12053e-13
1.06318e-13
1.10655e-13
1.03893e-13
1.08211e-13
1.02588e-13
1.04973e-13
1.01882e-13
1.01649e-13
1.01037e-13
9.89056e-14
9.94908e-14
 9.7072e-14
9.72205e-14
9.58398e-14
9.47779e-14
9.45597e-14
9.28055e-14
 9.2685e-14
9.16143e-14
9.01831e-14
9.09356e-14
8.75623e-14
9.01415e-14
8.54821e-14
8.86265e-14
8.43455e-14
8.62678e-14
8.39708e-14
8.35317e-14
8.36876e-14
8.11513e-14
8.28176e-14
7.96285e-14
8.11162e-14
 7.8911e-14
1.31357e-13
3.07327e-13
1.97532e-13
2.42348e-13
 2.1771e-13
2.42242e-13
2.36009e-13
2.44835e-13
 2.2782e-13
 2.4193e-13
2.32226e-13
2.35676e-13
2.38597e-13
2.24637e-13
2.34662e-13
2.24264e-13
2.34157e-13
2.22196e-13
2.32792e-13
2.23811e-13
2.28499e-13
2.25428e-13
 2.2546e-13
2.24943e-13
2.23346e-13
2.23763e-13
2.21131e-13
2.22119e-13
2.19252e-13
2.19845e-13
 2.1775e-13
 2.1715e-13
2.16043e-13
2.14856e-13
2.13822e-13
2.12872e-13
2.11537e-13
2.10635e-13
2.09576e-13
2.08092e-13
2.07871e-13
 2.0541e-13
2.06138e-13
2.03095e-13
2.03712e-13
 2.0167e-13
2.00617e-13
2.00684e-13
1.97411e-13
1.99623e-13
 1.9456e-13
1.98001e-13
1.92527e-13
1.95532e-13
1.91354e-13
1.92452e-13
1.90569e-13
1.89337e-13
1.89642e-13
1.86609e-13
1.88241e-13
1.84513e-13
1.86225e-13
1.83038e-13
1.83793e-13
1.81833e-13
1.81346e-13
1.80537e-13
1.79191e-13
1.78865e-13
1.77608e-13
1.76542e-13
1.76812e-13
1.73472e-13
1.76758e-13
1.69822e-13
1.77196e-13
 1.6589e-13
1.77791e-13
 1.6204e-13
1.78152e-13
1.58682e-13
 1.7787e-13
1.56179e-13
1.76666e-13
1.54703e-13
1.74498e-13
1.54159e-13
1.71554e-13
1.54284e-13
1.68177e-13
1.54697e-13
1.64741e-13
1.55041e-13
1.61548e-13
  1.551e-13
1.58722e-13
1.54836e-13
 1.5623e-13
1.54347e-13
1.53909e-13
1.52742e-13
9.84063e-07
9.90159e-07
9.74884e-07
9.70752e-07
 9.5798e-07
9.52097e-07
9.40591e-07
 9.3415e-07
9.23486e-07
9.16873e-07
9.06847e-07
9.00227e-07
8.90723e-07
8.84178e-07
8.75121e-07
8.68696e-07
8.60031e-07
 8.5375e-07
8.45436e-07
8.39312e-07
8.31318e-07
8.25357e-07
8.17657e-07
8.11862e-07
8.04432e-07
7.98802e-07
7.91625e-07
7.86159e-07
7.79217e-07
7.73912e-07
 7.6719e-07
7.62042e-07
7.55528e-07
7.50533e-07
7.44213e-07
7.39368e-07
7.33232e-07
7.28532e-07
7.22569e-07
 7.1801e-07
7.12211e-07
 7.0779e-07
7.02146e-07
6.97858e-07
6.92361e-07
6.88202e-07
6.82844e-07
6.78811e-07
6.73584e-07
6.69674e-07
6.64572e-07
6.60782e-07
6.55797e-07
6.52124e-07
6.47251e-07
6.43691e-07
6.38923e-07
6.35475e-07
6.30806e-07
6.27468e-07
6.22892e-07
6.19661e-07
6.15173e-07
6.12048e-07
6.07641e-07
6.04622e-07
 6.0029e-07
5.97376e-07
5.93114e-07
5.90303e-07
5.86104e-07
5.83398e-07
5.79257e-07
5.76656e-07
5.72565e-07
5.70071e-07
5.66023e-07
5.63638e-07
5.59625e-07
5.57353e-07
5.53366e-07
5.51211e-07
 5.4724e-07
5.45209e-07
5.41243e-07
5.39343e-07
5.35368e-07
 5.3361e-07
 5.2961e-07
5.28008e-07
5.23963e-07
5.22535e-07
5.18422e-07
 5.1719e-07
5.12978e-07
5.11975e-07
5.07623e-07
 5.0689e-07
5.02348e-07
5.01942e-07
4.97139e-07
 9.9999e-05
          1
9.73758e-11
9.90415e-11
9.71359e-11
9.70931e-11
9.55881e-11
9.52248e-11
9.39109e-11
 9.3427e-11
9.22346e-11
 9.1698e-11
9.05923e-11
9.00327e-11
8.89944e-11
 8.8427e-11
8.74456e-11
 8.6878e-11
8.59447e-11
 8.5383e-11
8.44921e-11
8.39384e-11
8.30859e-11
8.25425e-11
8.17241e-11
8.11928e-11
8.04053e-11
7.98865e-11
7.91278e-11
7.86218e-11
7.78895e-11
 7.7397e-11
7.66889e-11
7.62098e-11
7.55247e-11
7.50585e-11
7.43952e-11
7.39417e-11
7.32987e-11
 7.2858e-11
7.22335e-11
 7.1806e-11
7.11987e-11
 7.0784e-11
7.01933e-11
6.97905e-11
6.92162e-11
6.88242e-11
 6.8266e-11
6.78845e-11
6.73412e-11
6.69707e-11
6.64405e-11
6.60818e-11
6.55631e-11
6.52166e-11
6.47083e-11
6.43739e-11
6.38757e-11
6.35524e-11
6.30646e-11
6.27513e-11
6.22742e-11
6.19699e-11
6.15035e-11
6.12078e-11
6.07514e-11
6.04646e-11
 6.0017e-11
  5.974e-11
5.92994e-11
5.90332e-11
 5.8598e-11
5.83439e-11
5.79122e-11
5.76711e-11
5.72417e-11
5.70144e-11
5.65858e-11
5.63732e-11
 5.5944e-11
 5.5747e-11
5.53158e-11
5.51354e-11
5.47009e-11
5.45378e-11
5.40988e-11
5.39535e-11
5.35095e-11
5.33818e-11
5.29328e-11
5.28221e-11
5.23685e-11
5.22737e-11
5.18163e-11
5.17367e-11
5.12754e-11
 5.1211e-11
 5.0745e-11
5.06971e-11
5.02235e-11
5.01961e-11
4.97093e-11
