2.49983e-09
4.28275e-10
4.85212e-10
1.80147e-10
2.01293e-10
9.94672e-11
1.09745e-10
6.29463e-11
6.86078e-11
4.28264e-11
4.63646e-11
  3.118e-11
 3.3572e-11
2.39009e-11
2.54154e-11
1.87665e-11
  1.985e-11
1.50436e-11
1.59033e-11
1.23578e-11
1.30306e-11
1.03037e-11
1.08433e-11
8.74672e-12
9.18038e-12
7.46169e-12
7.84712e-12
6.49922e-12
6.80174e-12
5.68709e-12
5.93902e-12
5.00791e-12
5.21977e-12
4.45155e-12
4.64942e-12
3.97882e-12
4.14455e-12
3.58228e-12
 3.7162e-12
3.23544e-12
3.36714e-12
2.94258e-12
3.05024e-12
2.68121e-12
2.77976e-12
2.45866e-12
2.54513e-12
2.25842e-12
2.33679e-12
2.08374e-12
2.15353e-12
1.92764e-12
1.99072e-12
1.78847e-12
1.84558e-12
1.66376e-12
1.71562e-12
1.55163e-12
1.59881e-12
1.45037e-12
1.49344e-12
1.35864e-12
 1.3981e-12
1.27531e-12
1.31152e-12
1.19934e-12
1.23271e-12
1.12997e-12
 1.1607e-12
 1.0664e-12
1.09483e-12
  1.008e-12
1.03432e-12
9.54275e-13
9.78705e-13
9.04685e-13
9.27419e-13
8.58869e-13
8.80005e-13
8.16402e-13
8.36157e-13
 7.7701e-13
 7.9545e-13
7.40384e-13
7.57648e-13
7.06273e-13
7.22452e-13
6.74457e-13
6.89642e-13
6.44732e-13
6.59003e-13
6.16921e-13
 6.3035e-13
5.90864e-13
6.03515e-13
5.66415e-13
5.78348e-13
5.43446e-13
5.54715e-13
 5.2184e-13
5.32493e-13
7.27206e-13
1.66669e-09
3.79043e-10
 8.3288e-10
2.86282e-10
5.14014e-10
2.15881e-10
3.55701e-10
1.68328e-10
2.63433e-10
1.34725e-10
2.04227e-10
1.10555e-10
1.63563e-10
9.28329e-11
 1.3455e-10
7.91385e-11
1.12926e-10
6.83225e-11
9.63282e-11
5.97748e-11
8.33012e-11
5.26814e-11
7.28406e-11
4.69023e-11
6.43295e-11
4.20411e-11
5.72725e-11
 3.7955e-11
 5.1375e-11
 3.4448e-11
4.63783e-11
3.14355e-11
4.20944e-11
2.88131e-11
3.84167e-11
2.65225e-11
3.52149e-11
2.45105e-11
3.24048e-11
2.27238e-11
2.99433e-11
 2.1141e-11
 2.7756e-11
1.97183e-11
2.58105e-11
1.84472e-11
2.40714e-11
1.72967e-11
2.25084e-11
1.62573e-11
2.10989e-11
1.53123e-11
1.98227e-11
1.44513e-11
1.86634e-11
 1.3664e-11
1.76068e-11
1.29423e-11
1.66407e-11
1.22787e-11
1.57551e-11
1.16672e-11
 1.4941e-11
1.11022e-11
1.41907e-11
 1.0579e-11
1.34976e-11
1.00936e-11
 1.2856e-11
 9.6423e-12
1.22608e-11
9.22194e-12
1.17075e-11
8.82958e-12
1.11922e-11
8.46288e-12
1.07114e-11
8.11949e-12
1.02621e-11
7.79749e-12
9.84147e-12
7.49507e-12
9.44713e-12
7.21066e-12
9.07689e-12
6.94281e-12
8.72877e-12
6.69024e-12
8.40102e-12
6.45178e-12
8.09204e-12
6.22638e-12
7.80041e-12
6.01308e-12
7.52483e-12
5.81101e-12
7.26411e-12
5.61937e-12
7.01719e-12
5.43745e-12
6.78309e-12
 9.9999e-05
3.33323e-05
3.33323e-05
 1.9999e-05
 1.9999e-05
1.42847e-05
1.42847e-05
1.11101e-05
1.11101e-05
9.08991e-06
9.08991e-06
7.69131e-06
7.69131e-06
6.66567e-06
6.66567e-06
5.88135e-06
5.88135e-06
5.26216e-06
5.26216e-06
4.76091e-06
4.76091e-06
4.34683e-06
4.34683e-06
  3.999e-06
  3.999e-06
 3.7027e-06
 3.7027e-06
3.44728e-06
3.44728e-06
3.22481e-06
3.22481e-06
 3.0293e-06
 3.0293e-06
2.85614e-06
2.85614e-06
 2.7017e-06
 2.7017e-06
 2.5631e-06
 2.5631e-06
2.43802e-06
2.43802e-06
2.32458e-06
2.32458e-06
2.22122e-06
2.22122e-06
2.12666e-06
2.12666e-06
2.03982e-06
2.03982e-06
1.95978e-06
1.95978e-06
1.88579e-06
1.88579e-06
1.81718e-06
1.81718e-06
1.75339e-06
1.75339e-06
1.69392e-06
1.69392e-06
1.63834e-06
1.63834e-06
 1.5863e-06
 1.5863e-06
1.53746e-06
1.53746e-06
1.49154e-06
1.49154e-06
1.44828e-06
1.44828e-06
1.40745e-06
1.40745e-06
1.36886e-06
1.36886e-06
1.33233e-06
1.33233e-06
 1.2977e-06
 1.2977e-06
1.26482e-06
1.26482e-06
1.23357e-06
1.23357e-06
1.20382e-06
1.20382e-06
1.17547e-06
1.17547e-06
1.14843e-06
1.14843e-06
 1.1226e-06
 1.1226e-06
 1.0979e-06
 1.0979e-06
1.07427e-06
1.07427e-06
1.05163e-06
1.05163e-06
1.02993e-06
1.02993e-06
 1.0091e-06
 1.0091e-06
9.89099e-07
9.89099e-07
 9.9999e-05
          1
1.08323e-08
3.47702e-09
3.45411e-09
 2.0516e-09
2.03739e-09
1.45233e-09
1.44311e-09
1.12524e-09
1.11724e-09
9.18542e-10
9.11772e-10
7.75161e-10
7.70285e-10
 6.7053e-10
6.66928e-10
5.91137e-10
5.88024e-10
5.28504e-10
5.25849e-10
4.77832e-10
4.75585e-10
4.36045e-10
4.34108e-10
4.00929e-10
3.99297e-10
 3.7112e-10
 3.6966e-10
3.45424e-10
3.44128e-10
3.23046e-10
3.21895e-10
3.03402e-10
 3.0237e-10
2.86004e-10
2.85072e-10
2.70493e-10
2.69658e-10
 2.5659e-10
2.55818e-10
2.44032e-10
2.43337e-10
2.32662e-10
2.32014e-10
2.22289e-10
2.21701e-10
2.12815e-10
2.12265e-10
2.04106e-10
  2.036e-10
1.96087e-10
1.95615e-10
1.88673e-10
1.88234e-10
1.81799e-10
1.81389e-10
1.75409e-10
1.75024e-10
1.69452e-10
1.69092e-10
1.63887e-10
1.63548e-10
1.58676e-10
1.58356e-10
1.53786e-10
1.53484e-10
1.49188e-10
1.48903e-10
1.44857e-10
1.44587e-10
 1.4077e-10
1.40515e-10
1.36908e-10
1.36665e-10
1.33252e-10
1.33021e-10
1.29786e-10
1.29566e-10
1.26495e-10
1.26286e-10
1.23367e-10
1.23168e-10
1.20391e-10
  1.202e-10
1.17554e-10
1.17372e-10
1.14848e-10
1.14674e-10
1.12263e-10
1.12096e-10
1.09793e-10
1.09633e-10
1.07428e-10
1.07275e-10
1.05164e-10
1.05016e-10
1.02992e-10
1.02851e-10
1.00909e-10
1.00773e-10
 9.8908e-11
9.87767e-11
