 4.42483e-10
  1.2632e-10
 1.21034e-10
 6.41881e-11
 6.21324e-11
 3.99796e-11
 3.89493e-11
 2.76509e-11
 2.70589e-11
 2.04062e-11
  2.0035e-11
-4.01581e-17
 1.17976e-10
 5.61334e-11
 8.20958e-11
 5.05058e-11
 6.25279e-11
  4.2924e-11
  5.0073e-11
 3.66065e-11
 4.14419e-11
 3.15824e-11
 3.51192e-11
  9.9999e-05
 3.33323e-05
 3.33323e-05
  1.9999e-05
  1.9999e-05
 1.42847e-05
 1.42847e-05
 1.11101e-05
 1.11101e-05
 9.08991e-06
 9.08991e-06
  9.9999e-05
           1
 1.00587e-08
  3.3542e-09
 3.34818e-09
 2.00941e-09
 2.00695e-09
 1.43387e-09
 1.43254e-09
 1.11446e-09
 1.11363e-09
 9.11362e-10
   9.108e-10
