4.92759e-11
1.61114e-11
1.59669e-11
9.40439e-12
9.32414e-12
6.54253e-12
6.48928e-12
4.96129e-12
4.92266e-12
3.96084e-12
3.93179e-12
3.27363e-12
3.25043e-12
2.77333e-12
2.75438e-12
2.39355e-12
2.37796e-12
2.09642e-12
2.08315e-12
1.85783e-12
1.84646e-12
1.60247e-19
1.87352e-12
1.19128e-12
1.75765e-12
1.34454e-12
1.65616e-12
1.36083e-12
1.56624e-12
1.33749e-12
1.48582e-12
1.29986e-12
1.41336e-12
1.25701e-12
1.34764e-12
1.21363e-12
1.28769e-12
1.17058e-12
1.23275e-12
1.12947e-12
1.18219e-12
1.09004e-12
1.13548e-12
 9.9999e-05
3.33323e-05
3.33323e-05
 1.9999e-05
 1.9999e-05
1.42847e-05
1.42847e-05
1.11101e-05
1.11101e-05
9.08991e-06
9.08991e-06
7.69131e-06
7.69131e-06
6.66567e-06
6.66567e-06
5.88135e-06
5.88135e-06
5.26216e-06
5.26216e-06
 4.7609e-06
 4.7609e-06
 9.9999e-05
          1
1.00006e-08
 3.3336e-09
3.33353e-09
2.00011e-09
2.00008e-09
1.42862e-09
 1.4286e-09
1.11112e-09
1.11111e-09
9.09076e-10
9.09067e-10
7.69199e-10
7.69192e-10
6.66622e-10
6.66617e-10
5.88182e-10
5.88178e-10
5.26255e-10
5.26252e-10
4.76125e-10
4.76122e-10
