4.92189e-11
1.60072e-11
1.59015e-11
 9.4561e-12
9.25895e-12
6.62283e-12
6.46987e-12
5.00968e-12
4.84537e-12
3.89887e-12
3.90639e-12
3.24821e-12
3.27804e-12
  2.768e-12
2.79742e-12
2.41724e-12
2.43971e-12
2.09867e-12
2.08722e-12
 1.8626e-12
 1.9147e-12
1.66465e-12
1.69395e-12
1.54011e-12
1.55916e-12
1.31323e-12
 1.3875e-12
1.19995e-12
1.25494e-12
1.12336e-12
1.14905e-12
 1.0516e-12
1.05692e-12
9.74618e-13
9.77503e-13
9.00083e-13
9.07934e-13
8.51252e-13
8.46824e-13
7.89112e-13
7.91892e-13
7.47647e-13
7.43208e-13
6.98482e-13
6.98884e-13
 6.6184e-13
 6.5907e-13
6.24153e-13
 6.2262e-13
5.91435e-13
 5.8955e-13
 5.6095e-13
5.59137e-13
5.32942e-13
5.31224e-13
  5.072e-13
5.05513e-13
4.83336e-13
4.81747e-13
4.61266e-13
 4.5975e-13
4.40746e-13
4.39296e-13
4.21664e-13
4.20295e-13
4.03865e-13
4.02569e-13
3.87243e-13
3.86011e-13
3.71686e-13
3.70509e-13
3.57096e-13
3.55994e-13
3.43401e-13
3.42349e-13
3.30531e-13
3.29529e-13
3.18396e-13
3.17452e-13
3.06966e-13
3.06063e-13
2.96166e-13
 2.9531e-13
2.85959e-13
2.85143e-13
2.76296e-13
 2.7552e-13
 2.6714e-13
  2.664e-13
2.58454e-13
2.57749e-13
2.50205e-13
2.49532e-13
2.42364e-13
2.41722e-13
2.34903e-13
2.34289e-13
2.27797e-13
2.27211e-13
2.21023e-13
2.20462e-13
4.32454e-14
2.05469e-12
1.51721e-12
1.83823e-12
1.29053e-12
1.50214e-12
1.55905e-12
1.53308e-12
1.58899e-12
1.42976e-12
1.31796e-12
1.48459e-12
1.31867e-12
1.49787e-12
1.29601e-12
1.30899e-12
1.32256e-12
1.10072e-12
1.22603e-12
1.05383e-12
1.14745e-12
 9.1371e-13
1.13279e-12
9.83758e-13
 1.1219e-12
1.07187e-12
9.23809e-13
1.02874e-12
8.81444e-13
9.90748e-13
8.77912e-13
9.61012e-13
8.72089e-13
9.28254e-13
8.37562e-13
8.96666e-13
8.19921e-13
8.67615e-13
8.00908e-13
8.40534e-13
7.76192e-13
8.14528e-13
7.62834e-13
7.90695e-13
7.37247e-13
 7.6766e-13
7.22615e-13
7.46276e-13
 7.0296e-13
7.25705e-13
6.86153e-13
7.06393e-13
6.69399e-13
6.87918e-13
6.53422e-13
6.70336e-13
6.37982e-13
6.53581e-13
6.23154e-13
6.37573e-13
6.08912e-13
6.22272e-13
5.95153e-13
6.07616e-13
5.81954e-13
5.93581e-13
5.69206e-13
 5.8012e-13
5.56949e-13
5.67196e-13
5.45127e-13
5.54775e-13
5.33723e-13
5.42842e-13
 5.2272e-13
5.31349e-13
5.12111e-13
5.20286e-13
 5.0185e-13
5.09625e-13
 4.9195e-13
4.99343e-13
4.82373e-13
4.89423e-13
4.73115e-13
4.79845e-13
4.64158e-13
4.70592e-13
4.55488e-13
4.61648e-13
4.47093e-13
4.52997e-13
4.38961e-13
4.44627e-13
4.31079e-13
4.36523e-13
4.23438e-13
4.28674e-13
4.16027e-13
4.21068e-13
4.08835e-13
4.13693e-13
 9.9999e-05
3.33323e-05
3.33323e-05
 1.9999e-05
 1.9999e-05
1.42847e-05
1.42847e-05
1.11101e-05
1.11101e-05
9.08991e-06
9.08991e-06
7.69131e-06
7.69131e-06
6.66567e-06
6.66567e-06
5.88135e-06
5.88135e-06
5.26216e-06
5.26216e-06
4.76091e-06
 4.7609e-06
4.34683e-06
4.34683e-06
  3.999e-06
  3.999e-06
 3.7027e-06
 3.7027e-06
3.44728e-06
3.44728e-06
3.22481e-06
3.22481e-06
 3.0293e-06
 3.0293e-06
2.85614e-06
2.85614e-06
 2.7017e-06
 2.7017e-06
 2.5631e-06
 2.5631e-06
2.43802e-06
2.43802e-06
2.32458e-06
2.32458e-06
2.22122e-06
2.22122e-06
2.12666e-06
2.12666e-06
2.03982e-06
2.03982e-06
1.95978e-06
1.95978e-06
1.88579e-06
1.88579e-06
1.81718e-06
1.81718e-06
1.75339e-06
1.75339e-06
1.69392e-06
1.69392e-06
1.63834e-06
1.63834e-06
 1.5863e-06
 1.5863e-06
1.53746e-06
1.53746e-06
1.49154e-06
1.49154e-06
1.44828e-06
1.44828e-06
1.40745e-06
1.40745e-06
1.36886e-06
1.36886e-06
1.33233e-06
1.33233e-06
 1.2977e-06
 1.2977e-06
1.26482e-06
1.26482e-06
1.23357e-06
1.23357e-06
1.20382e-06
1.20382e-06
1.17547e-06
1.17547e-06
1.14843e-06
1.14843e-06
 1.1226e-06
 1.1226e-06
 1.0979e-06
 1.0979e-06
1.07427e-06
1.07427e-06
1.05163e-06
1.05163e-06
1.02993e-06
1.02993e-06
 1.0091e-06
 1.0091e-06
9.89099e-07
9.89099e-07
9.99991e-05
          1
1.00008e-08
3.33394e-09
3.33333e-09
1.99925e-09
2.00068e-09
1.42938e-09
1.42815e-09
1.11134e-09
1.11111e-09
9.08966e-10
9.08845e-10
7.69242e-10
7.69129e-10
6.66641e-10
6.66804e-10
5.88145e-10
5.88404e-10
5.26128e-10
5.26347e-10
4.75972e-10
 4.7619e-10
4.34678e-10
4.34648e-10
3.99918e-10
3.99871e-10
3.70162e-10
3.70199e-10
3.44614e-10
3.44697e-10
3.22536e-10
3.22495e-10
3.02982e-10
3.02948e-10
2.85664e-10
2.85625e-10
2.70205e-10
2.70183e-10
 2.5634e-10
2.56321e-10
2.43835e-10
2.43812e-10
2.32495e-10
2.32467e-10
2.22139e-10
 2.2213e-10
2.12695e-10
2.12673e-10
2.04002e-10
2.03988e-10
1.95999e-10
1.95985e-10
1.88598e-10
1.88585e-10
1.81735e-10
1.81723e-10
1.75355e-10
1.75343e-10
1.69406e-10
1.69396e-10
1.63848e-10
1.63838e-10
1.58643e-10
1.58634e-10
1.53758e-10
 1.5375e-10
1.49165e-10
1.49157e-10
1.44838e-10
 1.4483e-10
1.40755e-10
1.40748e-10
1.36896e-10
1.36889e-10
1.33242e-10
1.33236e-10
1.29778e-10
1.29772e-10
 1.2649e-10
1.26484e-10
1.23364e-10
1.23359e-10
1.20389e-10
1.20384e-10
1.17554e-10
1.17549e-10
1.14849e-10
1.14844e-10
1.12265e-10
1.12261e-10
1.09796e-10
1.09791e-10
1.07432e-10
1.07428e-10
1.05168e-10
1.05164e-10
1.02998e-10
1.02994e-10
1.00915e-10
1.00911e-10
9.89142e-11
9.89106e-11
