5.29936e-09
 6.1297e-10
8.95892e-10
2.42756e-10
3.43447e-10
1.28186e-10
1.75309e-10
7.89471e-11
1.03823e-10
5.27045e-11
 6.7967e-11
3.78608e-11
4.76159e-11
2.83172e-11
3.51456e-11
2.17021e-11
2.68246e-11
1.73548e-11
2.10993e-11
1.40781e-11
1.69761e-11
1.16963e-11
1.39355e-11
9.84082e-12
1.16286e-11
8.39011e-12
9.83729e-12
7.23068e-12
8.42526e-12
6.30032e-12
7.28811e-12
5.53206e-12
6.36422e-12
4.89837e-12
5.60216e-12
4.36169e-12
4.96602e-12
 3.9115e-12
4.43193e-12
 3.5241e-12
3.97698e-12
3.19323e-12
3.58821e-12
2.90454e-12
3.25269e-12
2.65403e-12
2.96144e-12
2.43376e-12
2.70701e-12
 2.2398e-12
2.48359e-12
2.06783e-12
2.28635e-12
1.91472e-12
2.11134e-12
1.77797e-12
1.95545e-12
1.65511e-12
1.81597e-12
1.54449e-12
1.69071e-12
1.44457e-12
1.57783e-12
1.35388e-12
1.47571e-12
1.27147e-12
1.38312e-12
1.19624e-12
1.29886e-12
1.12749e-12
1.22198e-12
1.06443e-12
1.15166e-12
1.00649e-12
1.08716e-12
9.53104e-13
1.02789e-12
9.03853e-13
9.73276e-13
8.58269e-13
9.22864e-13
8.16042e-13
8.76226e-13
7.76828e-13
8.33003e-13
7.40358e-13
7.92871e-13
7.06379e-13
7.55541e-13
6.74673e-13
7.20763e-13
 6.4504e-13
6.88311e-13
6.17306e-13
6.57982e-13
5.91311e-13
6.29597e-13
5.66915e-13
6.02994e-13
 5.4399e-13
5.77976e-13
2.11483e-10
4.24187e-09
 6.6708e-10
1.96026e-09
4.71152e-10
1.15242e-09
3.38815e-10
7.66881e-10
 2.5698e-10
5.49971e-10
 2.0109e-10
4.15642e-10
 1.6279e-10
3.26331e-10
 1.3482e-10
2.63695e-10
1.13425e-10
2.17871e-10
9.69448e-11
1.83345e-10
8.39363e-11
  1.566e-10
7.35109e-11
1.35453e-10
6.49641e-11
1.18425e-10
5.78876e-11
1.04492e-10
5.19413e-11
9.29462e-11
4.69015e-11
8.32581e-11
4.25933e-11
7.50476e-11
3.88715e-11
6.80252e-11
3.56337e-11
6.19678e-11
3.28032e-11
5.67059e-11
3.03048e-11
5.21031e-11
2.80959e-11
4.80528e-11
2.61264e-11
4.44689e-11
2.43657e-11
4.12814e-11
2.27834e-11
3.84333e-11
2.13561e-11
3.58773e-11
2.00638e-11
3.35745e-11
1.88896e-11
3.14919e-11
1.78193e-11
2.96021e-11
1.68408e-11
2.78816e-11
1.59436e-11
2.63105e-11
1.51189e-11
2.48719e-11
1.43588e-11
 2.3551e-11
1.36568e-11
2.23352e-11
1.30068e-11
2.12135e-11
1.24038e-11
2.01762e-11
1.18433e-11
1.92151e-11
1.13213e-11
1.83228e-11
1.08343e-11
1.74927e-11
1.03791e-11
1.67191e-11
9.95311e-12
 1.5997e-11
9.55372e-12
1.53218e-11
9.17873e-12
1.46895e-11
8.82617e-12
1.40965e-11
8.49425e-12
1.35395e-11
8.18136e-12
1.30157e-11
7.88605e-12
1.25225e-11
  7.607e-12
1.20575e-11
7.34302e-12
1.16185e-11
7.09302e-12
1.12036e-11
6.85972e-12
1.08072e-11
 9.6668e-05
3.33102e-05
 3.2666e-05
1.99895e-05
1.97134e-05
1.42794e-05
 1.4126e-05
1.11068e-05
1.10091e-05
9.08759e-06
9.02001e-06
7.68961e-06
7.64005e-06
6.66437e-06
6.62647e-06
5.88033e-06
 5.8504e-06
5.26133e-06
 5.2371e-06
4.76022e-06
4.74021e-06
4.34625e-06
4.32944e-06
3.99851e-06
3.98419e-06
3.70228e-06
3.68994e-06
3.44691e-06
3.43616e-06
3.22448e-06
3.21504e-06
3.02902e-06
3.02065e-06
2.85589e-06
2.84842e-06
2.70147e-06
2.69478e-06
 2.5629e-06
2.55685e-06
2.43784e-06
2.43236e-06
2.32441e-06
2.31942e-06
2.22107e-06
 2.2165e-06
2.12652e-06
2.12232e-06
2.03968e-06
2.03582e-06
1.95966e-06
1.95609e-06
1.88568e-06
1.88236e-06
1.81708e-06
1.81399e-06
1.75329e-06
1.75041e-06
1.69382e-06
1.69114e-06
1.63826e-06
1.63574e-06
1.58622e-06
1.58386e-06
1.53739e-06
1.53517e-06
1.49147e-06
1.48938e-06
1.44821e-06
1.44624e-06
1.40739e-06
1.40552e-06
 1.3688e-06
1.36704e-06
1.33228e-06
 1.3306e-06
1.29765e-06
1.29606e-06
1.26477e-06
1.26326e-06
1.23352e-06
1.23208e-06
1.20377e-06
 1.2024e-06
1.17543e-06
1.17412e-06
1.14838e-06
1.14714e-06
1.12256e-06
1.12136e-06
1.09786e-06
1.09672e-06
1.07423e-06
1.07314e-06
 1.0516e-06
1.05055e-06
1.02989e-06
1.02889e-06
1.00907e-06
 1.0081e-06
9.89068e-07
9.88122e-07
 9.9999e-05
          1
1.17829e-08
3.55579e-09
3.52168e-09
2.07791e-09
2.03813e-09
1.46316e-09
1.43363e-09
1.12978e-09
1.10639e-09
9.20274e-10
9.01362e-10
 7.7661e-10
7.61652e-10
6.71766e-10
6.59571e-10
5.91554e-10
5.81652e-10
5.28629e-10
5.20357e-10
4.77848e-10
4.70785e-10
4.36027e-10
4.29891e-10
4.00892e-10
3.95576e-10
3.71052e-10
3.66347e-10
3.45311e-10
3.41167e-10
3.22934e-10
3.19233e-10
3.03285e-10
 2.9996e-10
 2.8589e-10
 2.8289e-10
 2.7038e-10
2.67663e-10
2.56476e-10
2.53996e-10
2.43924e-10
 2.4166e-10
2.32553e-10
 2.3047e-10
 2.2219e-10
2.20272e-10
2.12714e-10
2.10941e-10
2.04013e-10
2.02369e-10
1.95996e-10
1.94468e-10
1.88586e-10
1.87161e-10
1.81716e-10
1.80385e-10
1.75329e-10
1.74083e-10
1.69376e-10
1.68206e-10
1.63814e-10
1.62714e-10
1.58605e-10
 1.5757e-10
1.53718e-10
1.52741e-10
1.49123e-10
1.48199e-10
1.44795e-10
 1.4392e-10
1.40711e-10
1.39882e-10
 1.3685e-10
1.36064e-10
1.33197e-10
1.32449e-10
1.29733e-10
1.29021e-10
1.26444e-10
1.25766e-10
1.23318e-10
1.22671e-10
1.20343e-10
1.19725e-10
1.17508e-10
1.16918e-10
1.14804e-10
1.14239e-10
1.12221e-10
 1.1168e-10
1.09752e-10
1.09233e-10
1.07389e-10
1.06891e-10
1.05125e-10
1.04647e-10
1.02955e-10
1.02496e-10
1.00873e-10
1.00431e-10
9.88734e-11
9.84463e-11
