 5.2413e-09
6.06792e-10
 8.8844e-10
2.42404e-10
3.39829e-10
1.27573e-10
1.72929e-10
7.86055e-11
1.02802e-10
5.25642e-11
6.78614e-11
3.76054e-11
4.75352e-11
2.81007e-11
3.49776e-11
 2.1642e-11
2.65173e-11
 1.7343e-11
2.08031e-11
1.41591e-11
1.67711e-11
 1.1719e-11
 1.3774e-11
 9.8611e-12
1.15141e-11
8.40679e-12
 9.7425e-12
7.25633e-12
8.35102e-12
6.31177e-12
7.22898e-12
5.53798e-12
6.31639e-12
 4.8968e-12
5.56187e-12
4.36917e-12
4.93296e-12
3.91288e-12
4.40376e-12
3.52702e-12
3.95295e-12
3.19413e-12
3.56787e-12
2.90651e-12
 3.2348e-12
2.65485e-12
 2.9461e-12
2.43475e-12
2.69356e-12
2.24049e-12
2.47171e-12
2.06845e-12
2.27585e-12
1.91519e-12
2.10207e-12
1.77833e-12
1.94712e-12
1.65545e-12
1.80856e-12
1.54476e-12
  1.684e-12
1.44476e-12
1.57179e-12
1.35407e-12
1.47026e-12
1.27159e-12
1.37815e-12
1.19636e-12
1.29434e-12
1.12758e-12
1.21784e-12
 1.0645e-12
1.14789e-12
1.00655e-12
1.08369e-12
9.53152e-13
 1.0247e-12
9.03883e-13
9.70333e-13
8.58296e-13
9.20144e-13
8.16059e-13
8.73709e-13
7.76838e-13
8.30668e-13
7.40363e-13
7.90701e-13
 7.0638e-13
7.53522e-13
 6.7467e-13
7.18881e-13
6.45033e-13
6.86552e-13
6.17296e-13
6.56338e-13
  5.913e-13
6.28057e-13
5.66901e-13
6.01549e-13
5.43974e-13
 5.7662e-13
2.09377e-10
4.19073e-09
6.57612e-10
1.93704e-09
4.65635e-10
1.13754e-09
3.37171e-10
7.56816e-10
2.55876e-10
5.43462e-10
2.01162e-10
4.11186e-10
1.62393e-10
3.22941e-10
1.34287e-10
2.61021e-10
1.13255e-10
2.15585e-10
9.67959e-11
1.81339e-10
8.38681e-11
1.54885e-10
7.34445e-11
1.33954e-10
6.49163e-11
1.17122e-10
5.78339e-11
1.03343e-10
5.19134e-11
 9.1925e-11
4.68807e-11
8.23481e-11
4.25722e-11
7.42308e-11
3.88503e-11
6.72881e-11
3.56168e-11
   6.13e-11
3.27878e-11
 5.6098e-11
3.02918e-11
5.15472e-11
2.80825e-11
4.75431e-11
2.61154e-11
4.39994e-11
 2.4355e-11
4.08479e-11
2.27737e-11
3.80317e-11
2.13471e-11
3.55043e-11
2.00553e-11
3.32271e-11
1.88817e-11
3.11677e-11
1.78118e-11
2.92987e-11
1.68338e-11
2.75971e-11
 1.5937e-11
2.60433e-11
1.51126e-11
2.46204e-11
1.43529e-11
2.33139e-11
1.36511e-11
2.21113e-11
1.30015e-11
2.10017e-11
1.23987e-11
1.99756e-11
1.18385e-11
1.90248e-11
1.13167e-11
 1.8142e-11
1.08299e-11
1.73207e-11
1.03749e-11
1.65553e-11
9.94908e-12
1.58408e-11
9.54985e-12
1.51728e-11
9.17502e-12
1.45471e-11
8.82261e-12
1.39603e-11
8.49082e-12
1.34092e-11
8.17807e-12
1.28908e-11
7.88288e-12
1.24027e-11
7.60394e-12
1.19425e-11
7.34007e-12
 1.1508e-11
7.09017e-12
1.10974e-11
6.85687e-12
1.07051e-11
 9.6668e-05
3.33102e-05
 3.2666e-05
1.99895e-05
1.97134e-05
1.42794e-05
 1.4126e-05
1.11068e-05
1.10091e-05
9.08759e-06
   9.02e-06
7.68961e-06
7.64004e-06
6.66437e-06
6.62647e-06
5.88033e-06
 5.8504e-06
5.26133e-06
 5.2371e-06
4.76022e-06
4.74021e-06
4.34625e-06
4.32944e-06
3.99851e-06
3.98419e-06
3.70228e-06
3.68994e-06
3.44691e-06
3.43616e-06
3.22448e-06
3.21504e-06
3.02902e-06
3.02065e-06
2.85589e-06
2.84842e-06
2.70147e-06
2.69478e-06
 2.5629e-06
2.55685e-06
2.43784e-06
2.43236e-06
2.32441e-06
2.31942e-06
2.22107e-06
 2.2165e-06
2.12652e-06
2.12232e-06
2.03969e-06
2.03582e-06
1.95966e-06
1.95609e-06
1.88568e-06
1.88236e-06
1.81708e-06
1.81399e-06
1.75329e-06
1.75041e-06
1.69382e-06
1.69114e-06
1.63826e-06
1.63574e-06
1.58622e-06
1.58386e-06
1.53739e-06
1.53517e-06
1.49147e-06
1.48938e-06
1.44821e-06
1.44624e-06
1.40739e-06
1.40552e-06
 1.3688e-06
1.36704e-06
1.33228e-06
 1.3306e-06
1.29765e-06
1.29606e-06
1.26477e-06
1.26326e-06
1.23352e-06
1.23208e-06
1.20377e-06
 1.2024e-06
1.17543e-06
1.17412e-06
1.14838e-06
1.14714e-06
1.12256e-06
1.12136e-06
1.09786e-06
1.09672e-06
1.07423e-06
1.07314e-06
 1.0516e-06
1.05055e-06
1.02989e-06
1.02889e-06
1.00907e-06
 1.0081e-06
9.89068e-07
9.88122e-07
 9.9999e-05
          1
1.17562e-08
3.55317e-09
3.52129e-09
2.07437e-09
2.03732e-09
1.46487e-09
1.43397e-09
1.13119e-09
1.10669e-09
9.20664e-10
9.02028e-10
 7.7661e-10
7.61628e-10
6.71516e-10
6.59394e-10
5.91698e-10
5.81682e-10
5.28573e-10
5.20284e-10
4.77855e-10
4.70753e-10
4.35985e-10
4.29851e-10
4.00891e-10
3.95555e-10
3.71012e-10
3.66331e-10
3.45301e-10
3.41149e-10
3.22935e-10
3.19224e-10
3.03275e-10
2.99951e-10
2.85879e-10
2.82884e-10
2.70373e-10
2.67658e-10
 2.5647e-10
2.53992e-10
 2.4392e-10
2.41657e-10
2.32546e-10
2.30468e-10
2.22186e-10
2.20271e-10
2.12709e-10
 2.1094e-10
2.04009e-10
2.02368e-10
1.95992e-10
1.94467e-10
1.88583e-10
1.87161e-10
1.81713e-10
1.80385e-10
1.75326e-10
1.74083e-10
1.69373e-10
1.68207e-10
1.63811e-10
1.62715e-10
1.58603e-10
 1.5757e-10
1.53716e-10
1.52742e-10
1.49121e-10
  1.482e-10
1.44793e-10
1.43921e-10
1.40709e-10
1.39883e-10
1.36849e-10
1.36065e-10
1.33195e-10
1.32449e-10
1.29731e-10
1.29022e-10
1.26443e-10
1.25767e-10
1.23317e-10
1.22672e-10
1.20342e-10
1.19726e-10
1.17507e-10
1.16918e-10
1.14803e-10
1.14239e-10
 1.1222e-10
 1.1168e-10
1.09751e-10
1.09234e-10
1.07388e-10
1.06892e-10
1.05124e-10
1.04648e-10
1.02954e-10
1.02496e-10
1.00872e-10
1.00432e-10
9.88725e-11
 9.8447e-11
