4.72177e-09
5.83007e-10
8.14327e-10
2.35066e-10
3.15017e-10
1.24762e-10
1.62098e-10
7.65897e-11
9.71221e-11
 5.1517e-11
6.37748e-11
1.84957e-10
3.70973e-09
6.21836e-10
1.72978e-09
 4.4411e-10
1.02256e-09
3.22984e-10
6.83217e-10
2.45032e-10
4.92223e-10
1.94228e-10
3.71493e-10
 9.6668e-05
3.33102e-05
 3.2666e-05
1.99895e-05
1.97134e-05
1.42794e-05
 1.4126e-05
1.11068e-05
1.10091e-05
9.08771e-06
9.00803e-06
 9.9999e-05
          1
1.15163e-08
3.54317e-09
3.49531e-09
2.07304e-09
2.03268e-09
1.46251e-09
1.43281e-09
1.12952e-09
1.10731e-09
9.20254e-10
9.01705e-10
